1|0.4374, -1.0000, -0.8625, -0.1168, -0.5829, -0.4595, -0.6073, -0.7964|2020|-0.0936, -0.0500, -0.0602, -0.0819, -0.1431, -0.2210, -0.1033, 0.1032|160.6
2|0.4374, -1.0000, -0.8625, -0.1168, -0.5829, -0.4595, -0.6073, -0.7964|2180|-0.0044, -0.0859, -0.2382, -0.1763, -0.2608, -0.1620, -0.1414, 0.1482|180.0
3|-0.0092, -1.0000, -0.8625, -0.4776, -0.5829, -0.6475, -1.0000, -0.7964|2100|0.0819, -0.1568, -0.3545, -0.4163, -0.2281, -0.0719, -0.4033, 0.1177|268.0
4|-0.0092, -1.0000, -0.8625, -0.4776, -0.5829, -0.1515, 0.5050, 0.0270|2500|0.1189, -0.1188, -0.4484, -0.6218, -0.2733, -0.0716, -0.3202, 0.0037|382.6
5|0.9276, -0.5646, -0.4146, -0.6213, 0.1518, -0.1158, -1.0000, 0.0270|1760|0.1747, -0.2880, -0.5442, -0.6863, -0.3503, -0.0027, -0.2654, 0.0313|424.6
6|0.2996, -1.0000, -0.8625, -1.0000, -0.5829, -0.1515, 0.5050, 0.0270|2060|0.2897, -0.3891, -0.6215, -0.6126, -0.4156, 0.0650, -0.3931, 0.1006|495.8
7|0.4374, -1.0000, -0.4146, -0.6213, 0.1518, -0.4595, 0.2056, -0.7964|1900|0.3632, -0.4844, -0.4955, -0.6970, -0.3628, -0.0368, -0.4348, 0.0180|549.4
8|0.4374, -1.0000, -0.4146, -0.6213, 0.1518, -0.1158, -1.0000, 0.0270|4200|0.2964, -0.6638, -0.6034, -0.7143, -0.3527, -0.1254, -0.3780, -0.0975|699.4
9|0.9276, -1.0000, -0.6348, -0.7053, -0.5829, -0.1515, -1.0000, -0.3569|3040|0.4502, -0.7704, -0.6211, -0.6907, -0.3644, -0.1789, -0.3543, -0.1668|796.8
10|0.6040, -1.0000, -0.8625, -0.1168, -0.5829, -0.4595, -0.0849, 0.0270|5840|0.3916, -0.8513, -0.5939, -0.6339, -0.3026, -0.2599, -0.2048, -0.3110|1042.8
11|0.6040, -1.0000, -0.8625, -0.1168, -0.5829, -0.4595, -0.0849, 0.0270|4460|0.5045, -0.8711, -0.5870, -0.6017, -0.3579, -0.2589, -0.1766, -0.3200|969.8
12|0.6040, -1.0000, -0.8625, -0.1168, -0.5829, -0.4595, -0.0849, 0.0270|6100|0.5716, -0.9384, -0.5972, -0.5754, -0.3593, -0.2813, -0.2075, -0.3088|1300.8
13|0.6040, -1.0000, -0.8625, -0.1168, -0.5829, -0.4595, -0.0849, 0.0270|4500|0.6639, -0.9583, -0.5702, -0.5568, -0.3423, -0.2763, -0.0854, -0.2603|1073.0
14|0.6040, -1.0000, -0.8625, -0.1168, -0.5829, -0.4595, -0.0849, 0.0270|6040|0.7728, -0.9423, -0.5835, -0.5488, -0.2885, -0.2974, -0.0271, -0.2344|1419.4
15|0.6040, -1.0000, -0.8625, -0.1168, -0.5829, -0.4595, -0.0849, 0.0270|5940|0.7589, -0.9616, -0.6005, -0.5729, -0.2681, -0.3153, -0.0801, -0.1894|1376.8
16|0.9276, -0.8893, -0.4146, -0.6213, 0.1518, -0.1158, 0.2056, 0.0270|5720|0.7634, -0.9632, -0.5988, -0.5507, -0.3138, -0.2965, -0.0786, -0.1142|1447.8
17|0.9276, -1.0000, -0.6348, -0.6213, 0.1518, -0.1515, 0.2056, 0.0270|5500|0.7667, -0.9372, -0.5794, -0.6032, -0.2363, -0.2557, 0.0640, -0.0418|1471.2
18|0.9276, -0.8893, -0.6348, -0.7053, 0.1518, -0.1158, 0.5050, 0.0270|6140|0.8183, -0.9318, -0.5665, -0.6275, -0.1644, -0.2671, 0.1640, -0.0222|1735.2
19|0.9276, -1.0000, -0.6348, -0.7053, 0.1518, -0.1515, 0.2056, 0.0270|5200|0.8197, -0.9474, -0.5959, -0.6222, -0.1689, -0.2437, 0.1394, -0.0335|1504.4
20|0.6040, -1.0000, -0.8625, -0.1168, -0.5829, -0.1515, -0.0849, 0.0270|7220|0.8598, -0.9508, -0.5890, -0.6314, -0.0675, -0.2364, 0.2066, -0.0473|2089.6
21|0.9276, -1.0000, -0.6348, -0.7053, 0.1518, -0.1515, 0.2056, 0.0270|6340|0.8424, -0.9610, -0.5884, -0.6604, 0.0183, -0.2505, 0.2057, -0.0185|1933.2
22|0.9276, -0.8893, -0.6348, -0.7053, 0.1518, -0.1515, 0.2056, 0.0270|9840|0.8623, -0.9511, -0.5789, -0.6635, 0.0495, -0.2210, 0.1912, -0.0394|1828.0
23|0.4374, -1.0000, -0.4146, -0.1168, -0.2184, -0.4595, -0.0914, 0.0270|6660|0.8355, -0.9506, -0.5783, -0.6456, 0.0520, -0.2355, 0.1735, -0.0245|1595.4
24|0.9276, -0.8893, -0.6348, -0.7053, 0.1518, -0.1515, 0.2056, 0.0270|8020|0.8737, -0.9594, -0.5643, -0.6468, 0.0495, -0.2087, 0.2151, -0.0212|2078.6
25|0.9276, -1.0000, -0.6348, -0.1168, -0.2184, -0.1158, -0.0914, 0.0270|9560|0.8835, -0.9604, -0.5665, -0.6628, 0.0556, -0.1874, 0.2234, -0.0179|1953.2
26|0.9276, -1.0000, -0.4146, -0.1168, -0.2184, -0.4595, -0.0914, 0.0270|13820|0.8933, -0.9746, -0.5599, -0.6466, 0.0815, -0.2143, 0.2358, -0.0082|2180.8
27|0.9276, -1.0000, -0.4146, -0.3007, -0.2184, -0.1158, -0.0914, 0.0270|11040|0.8835, -0.9867, -0.5775, -0.5990, 0.0408, -0.1989, 0.2419, -0.0040|1977.6
28|0.9276, -1.0000, -0.6348, -0.1168, -0.2184, -0.1158, -0.0914, 0.0270|7420|0.8884, -0.9856, -0.5863, -0.6150, 0.0371, -0.1838, 0.2359, 0.0192|1983.0
29|0.9276, -1.0000, -0.4146, -0.3007, -0.2184, -0.1158, -0.0914, 0.0270|9580|0.9129, -0.9867, -0.5885, -0.6158, 0.0408, -0.1625, 0.1911, 0.0299|2294.4
30|0.9276, -1.0000, -0.4146, -0.3007, -0.2184, -0.1158, -0.0914, 0.0270|8640|0.9053, -0.9849, -0.5764, -0.5844, 0.0271, -0.1529, 0.1662, 0.0344|2384.2
31|0.9276, -1.0000, -0.4146, -0.3007, 0.1518, -0.1515, -0.0914, 0.0270|16760|0.8842, -0.9883, -0.5720, -0.5743, 0.0226, -0.1578, 0.1698, 0.0432|2839.2
32|0.4374, -1.0000, -0.4146, -0.3007, 0.1518, -0.1158, 0.2056, 0.0270|14260|0.8590, -0.9899, -0.5855, -0.5494, 0.0297, -0.1502, 0.1493, 0.0351|2657.8
