1|0.1709, -0.0438, -0.5535, -0.2625, -1.0000, -0.5192, 0.6770, -0.3465|1120|0.0634, 0.0063, -0.1979, -0.2378, -0.2681, -0.1907, 0.0668, -0.2028|101.0
2|0.2793, -0.4315, -1.0000, -0.9059, -0.5887, -0.9543, 0.6063, 0.6667|2900|0.1378, -0.0633, -0.3634, -0.3768, -0.3429, -0.2539, 0.1038, -0.1743|287.8
3|0.2793, -0.4315, -1.0000, -0.9059, -0.5887, -0.9543, 0.6063, 0.1354|2680|0.3085, -0.0903, -0.6404, -0.5000, -0.4573, -0.3361, 0.1771, -0.2066|365.0
4|0.2793, -0.4315, -1.0000, -0.9059, -0.5887, -0.9543, 0.4091, 0.1354|2200|0.3516, -0.2645, -0.7948, -0.6710, -0.4577, -0.5351, 0.1488, -0.0785|581.6
5|0.2793, -0.4315, -0.7627, -0.9059, -0.3362, -0.1131, -0.0653, 0.1354|4260|0.3881, -0.3348, -0.8102, -0.8231, -0.5152, -0.5816, 0.0153, -0.0313|719.0
6|-0.1780, -0.4315, -1.0000, -0.9059, -0.5887, -0.9543, 0.4091, 0.1354|3440|0.4664, -0.2934, -0.8560, -0.8347, -0.4626, -0.5292, -0.0297, -0.0272|727.2
7|0.5588, -0.4315, -1.0000, -0.8610, -0.5887, 0.1341, -0.8254, 0.2650|3580|0.4106, -0.4032, -0.9280, -0.8891, -0.5668, -0.5728, -0.0502, 0.0856|775.2
8|0.3083, -0.4315, -0.8419, -0.9059, -0.5887, -0.9543, 0.4091, 0.1354|2700|0.4784, -0.4623, -0.9247, -0.8936, -0.5716, -0.6301, -0.0050, 0.0669|859.6
9|1.0000, -0.7985, -0.8777, -0.9059, 0.1254, -0.6573, 0.4091, 0.1058|3400|0.5274, -0.5279, -0.9362, -0.8907, -0.5329, -0.5920, 0.0608, 0.0819|809.2
10|1.0000, -0.7985, -0.8777, -0.9059, 0.1254, -0.6573, 0.4091, 0.1058|2420|0.2556, -0.5323, -0.8897, -0.8546, -0.4375, -0.6282, 0.1516, 0.0914|780.6
11|1.0000, -0.7985, -0.8777, -0.9059, -0.5887, -0.9543, 0.4091, -0.1062|2500|0.4429, -0.5067, -0.9347, -0.8751, -0.4577, -0.6905, 0.1854, 0.1388|815.4
12|0.5588, -0.5853, -1.0000, -0.6640, -1.0000, -0.4818, 0.2999, 0.0776|3300|0.6051, -0.5446, -0.9498, -0.8996, -0.4512, -0.6706, 0.2553, 0.1400|935.6
13|0.5588, -0.7985, -0.8777, -0.9493, 0.1254, 0.1002, 0.4287, 0.1354|5760|0.7139, -0.5933, -0.9405, -0.8921, -0.3748, -0.6986, 0.0818, 0.1259|928.2
14|0.3713, -0.5475, -1.0000, -0.8610, -0.5887, 0.1341, 0.4091, 0.2650|3780|0.7469, -0.6311, -0.9292, -0.8876, -0.3506, -0.6620, 0.1536, 0.1269|1060.4
15|0.2793, -0.5738, -1.0000, -0.9059, -0.5887, -0.9543, 0.4287, 0.1419|4340|0.4009, -0.6246, -0.8726, -0.8494, -0.2750, -0.5834, 0.1236, 0.1179|982.0
16|0.3713, -0.5881, -1.0000, -0.9463, 0.0924, -0.7028, -0.3541, 0.0779|3580|0.5582, -0.6511, -0.8782, -0.8728, -0.2133, -0.4776, 0.1336, 0.1157|982.6
17|1.0000, -0.5475, -1.0000, -0.9059, 0.1254, -0.9543, -0.4808, 0.1058|4420|0.7366, -0.6606, -0.9093, -0.8768, -0.1590, -0.5253, 0.1334, 0.1295|1172.2
18|1.0000, -0.7985, -0.8777, -0.9059, -0.5887, 0.1002, 0.4091, 0.2650|6360|0.8595, -0.6754, -0.9088, -0.8810, -0.1146, -0.5640, 0.1416, 0.1313|1290.0
19|1.0000, -0.7985, -0.8777, -0.9059, 0.1254, -0.9543, 0.4091, 0.1058|4020|0.8604, -0.7146, -0.8947, -0.8903, -0.0556, -0.4449, 0.2006, 0.1257|1342.4
20|1.0000, -0.7985, -0.8777, -0.9059, 0.1254, -0.1885, 0.4287, 0.1354|5000|0.8903, -0.7221, -0.8840, -0.8941, -0.0363, -0.3622, 0.2669, 0.1373|1223.8
21|1.0000, -0.7985, -0.8777, -0.9059, 0.1254, -0.0711, 0.4091, 0.1058|6780|0.8838, -0.7336, -0.8814, -0.8876, 0.0810, -0.2585, 0.3511, 0.1351|1535.2
22|1.0000, -0.7985, -0.8777, -0.9059, 0.1254, 0.1002, 0.4091, 0.1058|6360|0.8952, -0.7740, -0.8792, -0.8922, 0.1148, -0.1878, 0.3806, 0.1298|1487.8
23|1.0000, -0.5475, -1.0000, -0.4111, 0.1254, 0.1002, 0.4091, 0.1354|6300|0.8570, -0.7890, -0.8673, -0.8924, 0.1260, -0.2037, 0.3780, 0.1275|1565.4
24|1.0000, -0.7985, -0.8777, -0.6671, 0.1254, -0.0711, 0.4287, 0.1354|6480|0.8824, -0.7909, -0.8365, -0.8769, 0.1262, -0.1772, 0.4037, 0.1287|1458.6
25|0.5588, -0.7985, -0.8777, -0.6671, 0.1254, 0.1002, 0.4091, 0.1354|6980|0.9003, -0.7829, -0.8296, -0.8742, 0.1262, -0.1270, 0.4108, 0.1277|1575.8
26|1.0000, -0.7985, -0.8777, -0.6671, 0.1254, -0.0711, 0.4287, 0.1354|9000|0.9621, -0.7931, -0.8378, -0.8423, 0.1262, -0.0900, 0.4099, 0.1177|1753.8
27|0.5588, -0.7985, -0.8777, -0.9463, 0.1254, 0.1002, 0.4091, 0.1058|6680|0.9569, -0.7911, -0.8130, -0.8599, 0.1263, -0.0607, 0.4139, 0.1189|1583.6
28|1.0000, -0.7985, -0.8777, -0.9463, 0.1254, 0.1107, 0.4091, 0.1354|6120|0.9415, -0.7936, -0.8187, -0.8475, 0.1262, -0.0799, 0.4105, 0.1207|1585.2
29|1.0000, -0.7985, -0.6464, -0.6671, 0.1321, -0.0711, 0.4091, 0.1109|7960|0.9398, -0.8010, -0.8177, -0.8512, 0.1186, -0.0355, 0.4119, 0.1194|1709.0
30|1.0000, -0.7985, -0.8777, -0.9463, 0.1254, 0.0444, 0.4091, 0.1058|8840|0.9398, -0.8010, -0.8192, -0.8532, 0.1188, -0.0395, 0.4118, 0.1156|2022.0
31|1.0000, -0.7985, -0.8777, -0.6671, 0.1254, 0.1002, 0.4091, 0.1354|5820|0.9426, -0.7985, -0.8252, -0.8371, 0.1261, -0.0564, 0.4109, 0.1161|1728.0
32|1.0000, -0.7985, -0.6464, -0.9463, 0.1254, 0.1107, 0.4091, 0.0912|5620|0.9338, -0.7985, -0.8123, -0.8472, 0.1259, -0.0179, 0.4107, 0.1139|1768.8
