1|0.3966, -0.8574, -0.6344, -0.7184, -0.1706, 0.0775, 1.0000, -0.1564|1900|0.0507, -0.1364, -0.0155, -0.2760, -0.0932, -0.2153, 0.2011, 0.0365|98.0
2|0.3966, -0.8574, -0.6344, -0.7184, -0.1706, 0.0775, 1.0000, -0.1564|3360|0.1551, -0.2935, -0.1613, -0.3072, -0.1943, -0.1822, 0.3706, -0.0292|188.0
3|0.1047, -1.0000, -0.3320, -0.3971, -0.9136, -0.9292, 0.0523, 0.3881|1440|0.2779, -0.1874, -0.2610, -0.5555, -0.0683, -0.2334, 0.3309, 0.1295|237.4
4|0.8612, -0.4137, -0.3721, -0.7615, 0.7846, -0.8403, 0.3193, 1.0000|1600|0.2770, -0.2534, -0.3210, -0.6976, -0.0292, -0.1590, 0.2816, 0.1838|278.2
5|0.3966, -0.8574, -0.3721, -0.7615, -0.1706, 0.0775, 0.3193, -0.1564|2380|0.3575, -0.2996, -0.3478, -0.6811, -0.1441, -0.2572, 0.4937, 0.1632|454.6
6|0.3966, -0.8574, -0.3721, -0.7615, -0.1706, 0.0775, 0.3193, -0.1564|3400|0.2928, -0.5442, -0.3588, -0.6851, -0.2391, -0.3686, 0.3984, 0.1145|649.0
7|0.3966, -1.0000, -0.3320, -0.3971, -0.1706, 0.0775, 0.0523, 0.3881|10260|0.2555, -0.7722, -0.3795, -0.6683, -0.2972, -0.4991, 0.3240, 0.1616|953.8
8|0.3966, -1.0000, -0.3320, -0.3971, -0.1706, 0.0775, 0.0523, 0.4868|10960|0.2295, -0.9247, -0.3920, -0.6379, -0.3285, -0.5609, 0.2848, 0.1875|1387.4
9|0.3966, -1.0000, -0.3320, -0.3971, -0.1706, 0.0775, 0.0523, 0.4868|11280|0.3018, -0.9602, -0.3802, -0.5972, -0.3335, -0.4496, 0.2888, 0.1548|1458.0
10|0.3966, -1.0000, -0.3320, -0.3971, -0.1706, 0.0775, 0.0523, 0.4868|9980|0.2987, -0.9601, -0.3819, -0.5559, -0.3831, -0.3601, 0.2546, 0.2213|1517.6
11|0.3966, -1.0000, -0.3320, -0.3971, -0.1706, 0.0775, 0.0523, 0.4868|18440|0.3138, -0.9758, -0.3632, -0.5132, -0.3534, -0.3150, 0.2216, 0.2635|2591.6
12|0.3966, -1.0000, -0.3320, -0.3971, -0.1706, 0.1460, 0.0523, 0.4868|9200|0.3408, -0.9806, -0.3409, -0.4405, -0.2943, -0.1798, 0.0958, 0.3697|3019.8
13|0.3966, -1.0000, -0.3320, -0.3971, -0.1706, 0.0775, 0.0523, 0.4868|19180|0.3638, -0.9943, -0.3352, -0.4262, -0.1860, 0.0193, 0.0522, 0.4085|4099.6
14|0.3966, -1.0000, -0.3320, -0.3971, -0.1706, 0.0775, 0.0523, 0.4868|21080|0.3788, -0.9986, -0.3324, -0.3971, -0.1774, 0.0502, 0.0441, 0.4178|4151.2
15|0.3966, -1.0000, -0.3721, -0.3971, -0.0115, 0.0775, 0.0523, 0.2581|22200|0.3891, -1.0000, -0.3293, -0.3971, -0.1583, 0.0670, 0.0444, 0.4402|4214.8
16|0.3966, -1.0000, -0.3320, -0.3971, -0.1706, 0.0775, 0.0523, 0.4868|13820|0.3829, -1.0000, -0.3332, -0.3380, -0.1584, 0.0677, 0.0449, 0.4526|3193.2
17|0.3966, -1.0000, -0.3320, -0.3971, -0.1706, 0.0775, 0.0253, 0.4868|20640|0.3822, -1.0000, -0.3336, -0.3554, -0.1532, 0.0708, 0.0445, 0.4737|3658.2
18|0.3966, -1.0000, -0.3320, -0.3971, -0.1706, 0.0775, 0.0523, 0.4868|11260|0.3827, -1.0000, -0.2950, -0.3544, -0.1433, 0.0722, 0.0470, 0.4666|3602.0
19|0.3966, -1.0000, -0.3721, -0.3971, -0.0115, 0.0775, 0.0523, 0.2581|17020|0.3856, -1.0000, -0.3334, -0.3623, -0.1526, 0.0697, 0.0459, 0.4711|3808.2
20|0.3966, -1.0000, -0.3320, -0.3971, -0.1706, 0.0353, 0.0523, 0.4868|19480|0.3833, -1.0000, -0.3277, -0.3693, -0.1513, 0.0698, 0.0451, 0.4514|4125.0
21|0.3966, -1.0000, -0.3320, -0.3971, -0.1706, 0.0775, 0.0523, 0.4868|20840|0.3929, -1.0000, -0.3291, -0.3636, -0.1639, 0.0744, 0.0425, 0.4621|3919.0
22|0.3966, -1.0000, -0.3721, -0.3971, -0.0115, 0.0775, 0.0523, 0.2581|16700|0.3920, -1.0000, -0.3264, -0.3797, -0.1465, 0.0799, 0.0444, 0.4741|4236.0
23|0.3966, -1.0000, -0.3320, -0.3971, -0.1706, 0.1460, 0.0523, 0.4868|15200|0.3963, -0.9667, -0.3385, -0.3890, -0.1610, 0.0805, 0.0450, 0.4739|4154.2
24|0.3966, -1.0000, -0.3320, -0.2233, -0.1706, 0.0940, 0.0523, 0.4868|17640|0.3911, -1.0000, -0.3241, -0.3918, -0.1583, 0.0670, 0.0383, 0.4649|4402.6
25|0.3966, -1.0000, -0.1033, -0.3971, -0.1706, 0.0775, -0.0333, 0.3881|20700|0.3920, -1.0000, -0.3253, -0.3936, -0.1407, 0.0714, 0.0392, 0.4397|4604.6
26|0.3966, -1.0000, -0.3320, -0.3971, -0.1706, -0.0789, 0.0523, 0.4868|20740|0.3938, -1.0000, -0.3132, -0.3953, -0.1375, 0.0697, 0.0349, 0.4322|4579.8
27|0.3966, -1.0000, -0.3320, -0.3971, -0.1706, 0.0775, 0.0523, 0.4868|14340|0.3956, -1.0000, -0.3117, -0.3971, -0.1357, 0.0643, 0.0278, 0.4259|5009.6
28|0.3966, -1.0000, -0.3320, -0.3971, -0.0115, 0.0775, -0.0333, 0.2581|23660|0.3966, -1.0000, -0.3063, -0.3971, -0.1369, 0.0632, 0.0263, 0.4190|5169.4
29|0.3966, -1.0000, -0.3320, -0.3971, -0.0115, 0.0775, 0.0523, 0.2581|17960|0.3966, -1.0000, -0.3046, -0.3971, -0.1441, 0.0742, 0.0257, 0.4199|4852.8
30|0.3966, -1.0000, -0.3721, -0.3971, -0.0115, 0.0775, 0.0523, 0.2581|28760|0.3977, -0.9800, -0.3285, -0.3982, -0.1423, 0.0730, 0.0256, 0.4092|4842.4
31|0.3966, -1.0000, -0.3320, -0.3971, -0.0115, 0.0775, -0.0333, 0.3881|19700|0.3966, -1.0000, -0.3291, -0.3971, -0.1370, 0.0759, 0.0155, 0.4088|4571.4
32|0.3966, -1.0000, -0.3320, -0.3971, -0.0115, 0.0775, 0.0523, 0.2581|26580|0.3966, -1.0000, -0.3336, -0.3971, -0.1327, 0.0743, 0.0223, 0.4043|4924.8
