1|0.6143, 0.3264, -0.8894, -0.1361, -0.8097, -1.0000, -0.3903, 0.5652|1120|0.0044, 0.0744, -0.0562, -0.1462, -0.0450, 0.0497, -0.0778, -0.0034|87.4
2|0.6143, 0.3264, -0.8894, -0.1361, -0.8097, -1.0000, 0.5706, 0.5652|1000|0.1116, 0.1170, -0.2425, -0.3113, -0.1461, -0.1202, -0.0861, 0.1389|144.6
3|-0.0459, -0.7661, -0.5174, -0.5822, -0.6558, -0.5890, -0.4897, 0.1039|1060|0.1849, 0.0327, -0.4011, -0.4800, -0.2006, -0.2463, -0.2190, 0.1364|236.8
4|0.2821, -0.4133, -1.0000, -0.9649, -0.4193, -0.7570, -0.6842, 1.0000|2140|0.2401, 0.0468, -0.6007, -0.6770, -0.3444, -0.3401, -0.4379, 0.1120|363.6
5|0.6143, -0.3890, -0.8894, -1.0000, -0.6558, -0.5890, -1.0000, 0.5652|2260|0.2159, 0.0102, -0.6649, -0.7089, -0.4620, -0.3754, -0.5214, 0.2599|531.0
6|0.6143, -0.4133, -0.8894, -0.1734, -0.4193, -0.5890, -0.6842, 0.5652|2560|0.2997, -0.1637, -0.7430, -0.5435, -0.4812, -0.5695, -0.5174, 0.2892|468.4
7|0.6143, -0.3890, -0.8894, -1.0000, -0.8097, -0.5890, -1.0000, 0.5652|2820|0.3060, -0.1654, -0.7412, -0.7324, -0.4718, -0.5018, -0.4647, 0.2804|555.6
8|0.2923, -1.0000, -0.5362, -1.0000, -0.4193, 0.5113, -0.6392, 0.1356|3120|0.3315, -0.2774, -0.7009, -0.8004, -0.4573, -0.4273, -0.5252, 0.3326|625.8
9|-0.0004, -0.5037, -1.0000, -1.0000, -0.6558, -0.5890, -0.6842, 0.1194|2820|0.4199, -0.3890, -0.6653, -0.8051, -0.4150, -0.4977, -0.5085, 0.2929|671.6
10|0.2821, -0.6927, -1.0000, -0.9649, -0.4193, -0.7570, -0.6842, 0.1194|2740|0.3223, -0.5195, -0.7245, -0.8044, -0.4299, -0.5411, -0.5501, 0.1477|749.8
11|0.6143, -1.0000, -0.4247, -0.7599, -0.2673, -0.5890, -0.6842, 0.1356|3200|0.3226, -0.5827, -0.6510, -0.7767, -0.4464, -0.5599, -0.6368, 0.1807|775.4
12|0.8582, -1.0000, -0.4247, -0.7599, -0.4193, -1.0000, -0.6392, 0.5652|3260|0.3929, -0.6472, -0.7213, -0.7895, -0.4845, -0.5659, -0.6546, 0.2829|834.8
13|0.2821, -1.0000, -1.0000, -0.9649, -0.4193, -0.7570, -0.6842, 0.1194|4020|0.4149, -0.7922, -0.7078, -0.8175, -0.4835, -0.5947, -0.6493, 0.3174|907.8
14|0.6143, -0.7179, -1.0000, -0.3464, -0.8391, -0.7845, -1.0000, 0.5652|3640|0.3964, -0.8251, -0.7507, -0.7790, -0.4496, -0.5965, -0.6432, 0.3383|943.4
15|-0.0600, -1.0000, -1.0000, -0.9649, -0.0924, -0.7570, -0.6842, 0.5652|4000|0.4284, -0.8705, -0.7401, -0.8177, -0.4717, -0.6231, -0.6404, 0.3215|1041.2
16|0.6143, -1.0000, -0.5112, -0.3464, -0.8560, -0.5890, -0.6392, 0.1356|3720|0.4103, -0.9215, -0.7432, -0.8084, -0.4240, -0.6070, -0.6391, 0.3631|1066.2
17|0.2821, -0.6927, -1.0000, -1.0000, -0.4193, -0.7570, -0.5172, 0.1194|5480|0.4584, -0.9351, -0.7069, -0.7908, -0.4088, -0.6309, -0.6123, 0.3873|1250.8
18|0.6143, -1.0000, -0.4247, -0.3464, -0.0934, -0.7845, -0.6392, 0.5652|5700|0.4860, -0.9690, -0.7369, -0.7830, -0.4156, -0.6132, -0.6420, 0.4645|1185.0
19|0.9587, -1.0000, -0.6345, -0.3464, -0.3650, -0.7845, -0.6392, 0.1194|5240|0.6028, -0.9599, -0.7652, -0.7131, -0.3935, -0.6509, -0.7001, 0.4617|1236.0
20|-0.0446, -1.0000, -1.0000, -0.5651, -0.3118, -0.5834, -0.6392, 0.4203|3960|0.6117, -0.9716, -0.7799, -0.6853, -0.3899, -0.6625, -0.7187, 0.4709|1087.4
21|0.9587, -1.0000, -1.0000, -0.5651, -0.3118, -0.7845, -1.0000, 0.4203|5020|0.5413, -0.9778, -0.7726, -0.6001, -0.3990, -0.6173, -0.7294, 0.4405|1147.2
22|0.9587, -1.0000, -0.6345, -0.3464, -0.3650, -0.7845, -1.0000, 0.4203|3500|0.6668, -0.9734, -0.8744, -0.6230, -0.3979, -0.6591, -0.7223, 0.4234|1226.4
23|0.9568, -0.9980, -0.9980, -0.3457, -0.3642, -0.7829, -1.0000, 0.5641|4620|0.6918, -0.9846, -0.8708, -0.6206, -0.3893, -0.7191, -0.7269, 0.4381|1512.0
24|0.8582, -1.0000, -1.0000, -0.9649, -0.3118, -0.7570, -0.6392, 0.5652|4360|0.7519, -0.9936, -0.8449, -0.5659, -0.3762, -0.6538, -0.7103, 0.4350|1249.4
25|0.9587, -1.0000, -1.0000, -0.3464, -0.4193, -0.7845, -0.6392, 0.1194|4180|0.7987, -0.9967, -0.7652, -0.5366, -0.3738, -0.6694, -0.7021, 0.4321|1271.6
26|0.8582, -1.0000, -1.0000, -0.7599, -0.4193, -0.5890, -0.6392, 0.5652|7920|0.7792, -0.9876, -0.6695, -0.5379, -0.3823, -0.6811, -0.6914, 0.3812|1557.8
27|0.9587, -1.0000, -0.3024, -0.3464, -0.4193, -0.7845, -0.6392, 0.5652|5300|0.8011, -0.9999, -0.6930, -0.5105, -0.3909, -0.7206, -0.6784, 0.3922|1497.8
28|0.9587, -1.0000, -0.3024, -0.3464, -0.4193, -0.7845, -0.6392, 0.5652|5680|0.8157, -0.9999, -0.6754, -0.4878, -0.3927, -0.6972, -0.6730, 0.3965|1582.8
29|0.9587, -1.0000, -0.6345, -0.3464, -0.3650, -0.7570, -0.6392, 0.1194|6180|0.8517, -0.9999, -0.6619, -0.4642, -0.3859, -0.7140, -0.6761, 0.3710|1702.8
30|0.8582, -1.0000, -0.6345, -0.3464, -0.3650, -0.7845, -0.6392, 0.1194|5340|0.8647, -0.9999, -0.6258, -0.4196, -0.3650, -0.6905, -0.6814, 0.3383|1644.8
31|0.6143, -1.0000, -0.3024, -0.3464, -0.4193, -0.5890, -0.6392, 0.5652|5280|0.8578, -0.9999, -0.5939, -0.3924, -0.3591, -0.6773, -0.6851, 0.3501|1756.2
32|0.8582, -1.0000, -0.3024, -0.3464, -0.3650, -0.5890, -0.6392, 0.5652|6160|0.8344, -0.9999, -0.5812, -0.3958, -0.3680, -0.6743, -0.6675, 0.4035|1781.0
