1|-0.2112, -0.9638, -0.2061, -0.7576, 0.2564, -0.0176, 0.8892, 0.6482|1060|-0.1734, 0.0605, -0.1202, -0.2194, -0.0270, -0.0185, -0.0432, 0.0640|83.4
2|0.8037, -0.9689, -0.3024, -0.9471, 0.5187, 0.1444, 0.4459, 1.0000|2860|0.0257, 0.0315, -0.2403, -0.4514, -0.1071, -0.0925, 0.0430, -0.0522|215.6
3|0.5627, -1.0000, -0.2117, -0.7048, 0.3631, 0.1011, 0.3122, 0.7001|3860|0.1805, -0.1236, -0.4248, -0.4923, 0.0688, -0.1692, 0.2528, 0.0553|404.6
4|0.7503, -0.6022, -0.4152, -0.8348, -0.9598, 0.7744, 0.5183, 0.5723|1540|0.0459, -0.4655, -0.4368, -0.7183, -0.1566, -0.0765, 0.2988, 0.0948|387.2
5|0.7503, -0.8957, -0.4152, -0.7826, 0.0349, 0.7744, 0.5183, 0.5723|4280|0.0037, -0.5954, -0.4400, -0.7314, -0.2782, -0.1262, 0.3202, 0.1695|679.4
6|0.6122, -0.9972, -0.7825, -0.8714, 0.0389, 0.0632, 0.0842, 1.0000|7720|0.1240, -0.6536, -0.4562, -0.7391, -0.3028, -0.1603, 0.3561, 0.2001|799.2
7|0.5207, -0.8481, -0.6655, -0.7410, 0.0331, 0.0326, 0.0073, 1.0000|4260|0.2284, -0.5703, -0.4971, -0.6311, -0.2875, -0.1282, 0.2575, 0.3688|847.6
8|0.5627, -1.0000, -0.2139, -0.5806, 0.2660, 0.1160, 0.3122, 0.2220|11840|0.1292, -0.4551, -0.4070, -0.7404, -0.2155, -0.0687, 0.1799, 0.5475|830.8
9|0.5627, -1.0000, -0.2139, -0.5806, 0.2660, 0.1160, 0.3122, 0.2220|9680|0.2848, -0.5190, -0.3543, -0.7086, -0.2102, -0.0785, 0.1662, 0.5299|832.6
10|0.5627, -1.0000, -0.2139, -0.5806, 0.2660, 0.1160, 0.3122, 0.2220|6700|0.2875, -0.6457, -0.4270, -0.7326, -0.2176, -0.0693, 0.1970, 0.4788|1184.2
11|0.5627, -1.0000, -0.2139, -0.5806, 0.3779, 0.1160, 0.3122, 0.2220|7380|0.4291, -0.8738, -0.2357, -0.6183, -0.1665, -0.0740, 0.1438, 0.4880|1031.6
12|0.5627, -1.0000, -0.2139, -0.5806, 0.3779, 0.1160, 0.3122, 0.2220|5480|0.3603, -0.9150, -0.3236, -0.6743, -0.1155, -0.0711, 0.1757, 0.4307|1354.6
13|0.5627, -1.0000, -0.7825, -0.5806, 0.3779, 0.1160, 0.3122, 0.2220|10140|0.2991, -0.8469, -0.4108, -0.7199, -0.0421, -0.0245, 0.2034, 0.4356|1457.0
14|0.5627, -1.0000, -0.2117, -0.7048, 0.2660, 0.1160, 0.3122, 0.2369|7620|0.3898, -0.9082, -0.3900, -0.5987, 0.0026, 0.0212, 0.1750, 0.3486|1451.8
15|0.5627, -1.0000, -0.7825, -0.5806, 0.3779, 0.0232, 0.3122, 0.2220|10360|0.5404, -0.8751, -0.4006, -0.5395, -0.0600, 0.0540, 0.1454, 0.3991|1514.2
16|0.5627, -1.0000, -0.2117, -0.5297, 0.2660, 0.1160, 0.3122, 0.2369|11920|0.4682, -0.8640, -0.3345, -0.6750, 0.0272, 0.0371, 0.1557, 0.2985|1705.2
17|0.5627, -1.0000, -0.2117, -0.5297, 0.2660, 0.1160, 0.3122, 0.2369|9140|0.5682, -0.9738, -0.3637, -0.6237, -0.0043, 0.0646, 0.1671, 0.1769|1871.0
18|1.0000, -1.0000, -0.2139, -0.5806, 0.0260, 0.1160, 0.0130, 0.2220|9700|0.6026, -0.9936, -0.3067, -0.5893, 0.0232, 0.0657, 0.1569, 0.1786|1857.2
19|1.0000, -1.0000, -0.1069, -0.3268, -0.2694, 0.0105, 0.1210, 0.2369|9240|0.6445, -0.9197, -0.3093, -0.6102, 0.0308, 0.0662, 0.1902, 0.1785|2106.8
20|1.0000, -1.0000, -0.1069, -0.3268, -0.2694, 0.0105, 0.1210, 0.2369|16100|0.6399, -0.9170, -0.2783, -0.6207, 0.0169, 0.0719, 0.1979, 0.1784|2597.0
21|0.7011, -1.0000, -0.2068, -0.5806, 0.3779, 0.0066, 0.3122, 0.2369|12500|0.6968, -0.9578, -0.2795, -0.5645, 0.0594, 0.0705, 0.1955, 0.1968|2815.6
22|0.5847, -1.0000, -0.2117, -0.5806, 0.2660, 0.1160, 0.3122, 0.2220|29180|0.7564, -0.9419, -0.2705, -0.5685, 0.0432, 0.0678, 0.1798, 0.1743|3036.2
23|0.5627, -1.0000, -0.2117, -0.5806, 0.2660, 0.1160, 0.2333, 0.1429|11360|0.6163, -0.9580, -0.2311, -0.5335, 0.0062, 0.0726, 0.1498, 0.1599|2643.0
24|0.6318, -1.0000, -0.1864, -0.3790, -0.0236, 0.1045, 0.0160, 0.1537|18220|0.6768, -0.9791, -0.2505, -0.4580, -0.0253, 0.0654, 0.1366, 0.1660|2786.6
25|0.6318, -1.0000, -0.1864, -0.3790, -0.0236, 0.1045, 0.0160, 0.1537|13180|0.6523, -0.9659, -0.2720, -0.5334, -0.0529, 0.0597, 0.1398, 0.1702|2856.2
26|1.0000, -1.0000, -0.2117, -0.3268, 0.0260, 0.1160, 0.1210, 0.2369|23860|0.7788, -0.9636, -0.2127, -0.5486, 0.0128, 0.0484, 0.1416, 0.1728|3585.8
27|0.6318, -1.0000, -0.1864, -0.3790, -0.0236, 0.1045, 0.0160, 0.1537|31240|0.7589, -0.8613, -0.2016, -0.4951, -0.0013, 0.0432, 0.1252, 0.1682|4405.8
28|1.0000, -1.0000, -0.2117, -0.3268, 0.0260, 0.0307, 0.1210, 0.2369|34700|0.7706, -0.9595, -0.1757, -0.4551, -0.0674, 0.0471, 0.1234, 0.1585|5312.6
29|1.0000, -1.0000, -0.1069, -0.3268, 0.0260, 0.1160, 0.1210, 0.2369|98820|0.8246, -0.9810, -0.1770, -0.2990, -0.0798, 0.0569, 0.0988, 0.1681|6658.0
30|1.0000, -1.0000, -0.1069, -0.3268, 0.0260, 0.1160, 0.1210, 0.2369|54680|0.8456, -0.9800, -0.1749, -0.3555, -0.0816, 0.0558, 0.0580, 0.1819|7256.2
31|1.0000, -1.0000, -0.1069, -0.3268, 0.0260, 0.1160, 0.1210, 0.2369|57800|0.8644, -1.0000, -0.1473, -0.3721, -0.0173, 0.0624, 0.0774, 0.1920|7679.0
32|0.5627, -1.0000, -0.2117, -0.3268, 0.0260, 0.1160, 0.1210, -0.0187|38660|0.8752, -1.0000, -0.1397, -0.3509, 0.0058, 0.0611, 0.0448, 0.1856|8518.4
