1|0.2078, 0.0924, -0.7425, -0.8510, -1.0000, -0.8646, -0.8479, 0.1244|700|0.1967, 0.0601, 0.0644, -0.3609, -0.1411, -0.4399, -0.0542, -0.3258|85.0
2|-0.5667, -1.0000, -0.0562, -0.0380, -0.3016, -0.5627, -0.9191, -0.1974|700|-0.0534, 0.0943, -0.1224, -0.5808, 0.0507, -0.5414, 0.1123, -0.3223|135.4
3|1.0000, -0.8166, -0.0721, -0.3202, 0.5626, -0.4407, 0.7431, -0.5593|2320|-0.2050, -0.1491, -0.2668, -0.7211, 0.0823, -0.4254, 0.0130, -0.5918|325.2
4|0.6858, -0.8892, -0.2064, -0.8891, 0.3453, 0.0379, 0.8254, -0.2349|1500|0.0011, -0.1667, -0.4259, -0.7732, -0.1592, -0.4202, -0.0822, -0.5112|399.2
5|0.2078, -0.5680, -0.7425, -0.5325, -0.6067, -0.9106, -0.4319, 0.1244|3880|0.3130, -0.3073, -0.3424, -0.7032, -0.2647, -0.5416, -0.0113, -0.3988|476.6
6|-0.0835, -0.5680, -0.7425, -0.8510, 0.2132, -0.0150, 0.9173, 0.1244|3280|0.4990, -0.4110, -0.3360, -0.6400, -0.2194, -0.5033, 0.1541, -0.3875|577.6
7|0.6858, -0.8166, -0.0665, -0.2768, 0.1670, -0.0150, -0.4319, -0.5593|2820|0.5857, -0.6101, -0.3326, -0.5473, -0.3958, -0.5103, 0.3168, -0.3779|656.8
8|1.0000, -0.6238, -0.8154, -0.5848, -0.9785, -1.0000, -0.4743, 0.1367|3120|0.6016, -0.7669, -0.3226, -0.5444, -0.3428, -0.5018, 0.3214, -0.3040|802.6
9|-0.0910, -0.8166, -0.8094, -0.6446, 0.2324, -0.4407, 1.0000, 0.1357|2600|0.6548, -0.7813, -0.3453, -0.5188, -0.3817, -0.4509, 0.2522, -0.2808|812.2
10|0.6858, -0.8892, -0.7425, -0.8891, -0.6067, 0.0379, 0.7431, -0.5593|1820|0.3309, -0.7456, -0.3336, -0.5327, -0.3136, -0.3472, 0.3054, -0.2591|645.0
11|0.2545, -1.0000, -0.4105, -0.3390, -0.9090, -0.5397, 0.2173, -0.6850|4280|0.3896, -0.7586, -0.3659, -0.5540, -0.3475, -0.3363, 0.1362, -0.2224|848.2
12|0.2403, -0.6238, -0.4105, -0.3390, 0.1670, -0.5397, -0.3214, 0.1244|2380|0.5515, -0.8130, -0.4092, -0.5031, -0.4162, -0.3375, -0.0480, -0.2997|760.6
13|0.2545, -1.0000, -0.4105, -0.1994, -0.9090, -0.5397, 0.2173, -0.6850|2780|0.6278, -0.8329, -0.3596, -0.4974, -0.5098, -0.2496, -0.0937, -0.4005|930.6
14|0.2545, -1.0000, -0.4105, -0.3390, -0.7422, -0.5397, 0.2173, -0.6850|3820|0.6145, -0.8615, -0.3270, -0.4347, -0.5284, -0.3066, 0.0272, -0.4667|1009.0
15|1.0000, -0.8166, -0.0665, -0.2768, -0.9785, 0.0379, -0.4743, 0.1367|4640|0.5622, -0.8665, -0.3729, -0.4127, -0.6785, -0.3547, -0.0814, -0.4489|1013.8
16|0.2545, -1.0000, -0.4105, -0.1994, -0.9090, -0.5397, 0.0236, -0.6850|3520|0.5392, -0.8978, -0.3709, -0.3899, -0.7079, -0.3620, -0.0798, -0.4337|1062.0
17|0.2545, -1.0000, -0.4105, -0.1994, -0.9090, -0.5397, 0.2173, -0.6850|3220|0.5444, -0.9076, -0.3697, -0.3766, -0.7482, -0.3800, -0.0691, -0.4174|1204.4
18|0.6858, -0.8166, -0.0665, -0.2768, 0.1670, -0.0150, -0.4319, -0.2349|4060|0.5036, -0.9260, -0.3874, -0.3569, -0.7714, -0.4136, -0.1152, -0.4208|1189.0
19|0.6858, -0.8166, -0.0665, -0.2768, 0.1670, -0.5397, -0.4319, -0.0558|3760|0.4886, -0.9170, -0.3600, -0.3221, -0.7043, -0.4052, -0.0746, -0.4459|1102.4
20|0.2545, -1.0000, -0.4105, -0.3390, -0.7422, 0.0379, -0.4319, 0.1367|4240|0.5188, -0.9191, -0.1022, -0.2901, -0.7250, -0.3926, -0.1001, -0.3914|1005.2
21|0.6858, -0.8166, -0.0665, -0.2768, 0.1670, -0.0150, -0.4319, -0.2349|2940|0.5170, -0.8095, -0.2940, -0.3068, -0.6595, -0.3556, -0.1599, -0.3096|1085.2
22|0.6858, -0.8166, -0.0665, -0.2768, 0.1670, -0.0150, -0.4319, -0.2349|4960|0.4898, -0.9467, -0.2920, -0.2997, -0.5992, -0.3583, -0.1470, -0.3036|1406.0
23|0.6858, -0.8166, -0.0665, -0.2768, 0.1670, -0.0150, -0.4319, -0.2349|3300|0.4793, -0.9212, -0.3002, -0.2744, -0.5823, -0.3261, -0.1832, -0.2340|1291.2
24|0.6858, -1.0000, -0.4105, -0.3390, 0.1670, -0.0150, -0.4319, 0.1367|5600|0.5098, -0.9239, -0.2853, -0.2667, -0.5300, -0.2822, -0.2318, -0.1858|1468.4
25|0.6858, -0.8166, -0.0665, -0.2768, 0.1670, -0.0150, -0.4319, -0.2349|5060|0.6598, -0.9259, -0.2671, -0.2663, -0.4167, -0.2355, -0.3026, -0.1196|1490.2
26|0.6858, -0.8166, -0.0665, -0.1994, 0.1670, -0.0150, 0.2173, 0.1367|8320|0.7085, -0.9188, -0.1341, -0.2767, -0.3438, -0.1592, -0.3428, -0.0643|1773.6
27|1.0000, -0.8166, -0.0716, -0.1994, 0.1796, -0.0150, 0.2173, -0.2526|6380|0.7876, -0.9002, -0.1668, -0.2719, -0.2463, -0.1472, -0.3575, -0.0939|1803.6
28|0.6858, -0.8166, -0.0665, -0.1994, 0.1670, -0.0150, 0.2173, 0.1367|18220|0.8206, -0.8973, -0.1942, -0.2800, -0.1380, -0.1278, -0.3575, -0.0606|2207.6
29|1.0000, -0.8166, -0.0716, -0.2977, 0.1670, -0.0209, 0.0236, 0.1129|25420|0.8406, -0.8802, -0.1736, -0.2542, 0.0192, -0.0523, -0.3368, -0.0808|2772.6
30|1.0000, -0.8166, -0.0716, -0.2977, 0.1670, -0.0209, 0.0236, 0.1129|16320|0.8967, -0.8690, -0.1337, -0.2801, 0.1142, -0.0261, -0.2841, -0.0835|3005.8
31|1.0000, -0.8166, -0.0716, -0.1994, 0.1796, -0.0150, 0.2173, -0.2526|15560|0.9140, -0.8743, -0.1315, -0.2780, 0.1211, -0.0208, -0.2501, -0.0646|3157.8
32|1.0000, -0.8166, -0.4105, -0.2977, 0.1670, -0.0150, -0.4319, 0.1129|14880|0.9085, -0.8797, -0.1413, -0.2738, 0.1052, -0.0314, -0.1928, -0.0348|3490.4
