1|0.5915, -0.8259, -0.2129, -0.9635, -0.2132, 0.9816, 0.2142, 0.4376|2380|-0.0575, 0.2083, -0.3110, -0.2811, 0.0061, 0.0639, 0.0022, -0.0286|173.8
2|0.8673, -1.0000, -0.7704, -0.9635, 0.4777, -0.2606, 0.0062, -0.4740|2380|-0.0751, 0.0930, -0.3823, -0.4096, -0.0566, -0.0411, -0.0036, -0.0028|216.2
3|0.8673, -1.0000, -0.7704, -0.9635, 0.4777, -0.2606, 0.0062, -0.4740|3760|0.0362, -0.0989, -0.5394, -0.5564, -0.1104, 0.0796, -0.0388, 0.0615|380.6
4|1.0000, -0.3442, -0.7704, -0.5549, -0.4429, -0.7268, 0.0935, 0.7504|2820|0.2120, -0.2385, -0.6951, -0.6194, -0.2656, 0.0732, -0.1006, 0.0046|495.4
5|-0.1106, -1.0000, -0.7704, -0.5333, -0.4429, -0.7268, -0.0455, 0.7504|2400|0.3135, -0.3859, -0.7035, -0.6777, -0.2778, 0.0303, -0.0012, 0.0959|639.0
6|1.0000, -1.0000, -0.7704, -0.5549, -0.3060, -0.2606, 0.0062, -0.1694|3660|0.3832, -0.3444, -0.6962, -0.6340, -0.3346, -0.0333, -0.0355, 0.1368|638.0
7|-0.1106, -1.0000, -0.9016, -0.4110, -0.6158, -0.7268, -0.0351, 0.7504|4400|0.2630, -0.5433, -0.7353, -0.6799, -0.3453, -0.1303, -0.0501, 0.1381|743.0
8|0.6139, -1.0000, -1.0000, -1.0000, -0.0953, -0.4409, -0.8162, -0.2370|3300|0.3572, -0.6874, -0.7557, -0.7448, -0.3353, -0.0815, -0.0707, 0.1751|869.6
9|0.2709, -1.0000, -0.7704, -0.4110, -0.6158, 0.0593, -0.0351, 0.5784|7200|0.3637, -0.8151, -0.7918, -0.7686, -0.3169, -0.1597, -0.0504, -0.0249|1016.2
10|0.7350, -1.0000, -0.7704, -0.5549, -0.3338, -0.0438, 0.0062, 0.4376|6080|0.3894, -0.8698, -0.7723, -0.7801, -0.3015, -0.1750, 0.0174, -0.0526|1008.0
11|0.7350, -1.0000, -0.7704, -0.5549, -0.3338, -0.0438, 0.0062, 0.4376|6140|0.4449, -0.8651, -0.7982, -0.7604, -0.3286, -0.2819, 0.0314, 0.0179|1224.4
12|0.7540, -1.0000, -0.9016, -0.6930, -0.3413, -0.4248, 0.1416, 0.7504|3980|0.4908, -0.8873, -0.8250, -0.7750, -0.3350, -0.1525, 0.0780, 0.0088|1246.6
13|0.5915, -1.0000, -0.8477, -0.9635, -0.0556, 0.0593, 0.2816, 0.7504|6600|0.5435, -0.8450, -0.8036, -0.7522, -0.3038, -0.1476, 0.0829, 0.0521|1236.8
14|0.4021, -1.0000, -0.7704, -0.9635, -0.3338, -0.0295, 0.0062, 0.7504|6140|0.5291, -0.7709, -0.8471, -0.7036, -0.3230, -0.2838, 0.0698, 0.0151|1252.4
15|0.7350, -1.0000, -0.7704, -0.5549, -0.3338, -0.0438, 0.0062, 0.4376|5380|0.5338, -0.7969, -0.8336, -0.6892, -0.3192, -0.3198, 0.0621, 0.0373|1241.2
16|0.7350, -1.0000, -0.7704, -0.5549, -0.3338, 0.0593, 0.0051, 0.4376|7420|0.5344, -0.8337, -0.8366, -0.6556, -0.2985, -0.2711, 0.0477, 0.0851|1459.0
17|0.7540, -1.0000, -0.7704, -0.6930, -0.3338, -0.0167, -0.0351, 0.7504|7840|0.6355, -0.8005, -0.8232, -0.6151, -0.3164, -0.2549, 0.0163, 0.0767|1600.4
18|0.7350, -1.0000, -0.4888, -0.5549, -0.3338, 0.0593, 0.0051, 0.4376|9000|0.6544, -0.9329, -0.7492, -0.6276, -0.2922, -0.2061, 0.0171, 0.1104|1585.6
19|0.7540, -1.0000, -0.8477, -0.6930, -0.4460, -0.0438, 0.0065, 0.7504|8020|0.7176, -0.9118, -0.7828, -0.5995, -0.3072, -0.1148, 0.0246, 0.1524|1527.4
20|0.2973, -1.0000, -0.8477, -0.5549, -0.3338, 0.0593, 0.0062, 0.7504|9280|0.6860, -0.9770, -0.7822, -0.5610, -0.3293, -0.1331, 0.0219, 0.2647|1928.4
21|0.8394, -1.0000, -0.7704, -0.5549, -0.3338, -0.0438, 0.0062, -0.2283|7300|0.6885, -0.9788, -0.7548, -0.5611, -0.3421, -0.0979, 0.0144, 0.3472|1776.0
22|0.8394, -1.0000, -0.7704, -0.2284, -0.2868, -0.0376, 0.0062, -0.1962|14180|0.7143, -0.9621, -0.7650, -0.5351, -0.3225, -0.0786, 0.0052, 0.3270|2007.8
23|0.8394, -1.0000, -0.7704, -0.2284, -0.2868, -0.0376, 0.0062, -0.1962|6260|0.7215, -0.9870, -0.5911, -0.5060, -0.3117, -0.0847, 0.0131, 0.3312|1722.6
24|0.7540, -1.0000, -0.4888, -0.5549, -0.4460, -0.0427, 0.0065, -0.2283|9260|0.7040, -0.9012, -0.6818, -0.5189, -0.3200, -0.0552, 0.0198, 0.3014|2014.6
25|0.3456, -1.0000, -0.3929, -0.2284, -0.3338, -0.0376, 0.0041, 0.6032|8200|0.6849, -0.9235, -0.6368, -0.5320, -0.3123, -0.0418, 0.0266, 0.2465|1880.8
26|0.8394, -1.0000, -0.6654, -0.2284, -0.2868, -0.0376, 0.0062, -0.1962|13620|0.7531, -0.9453, -0.6030, -0.4912, -0.3163, -0.0331, 0.0381, 0.1511|2079.2
27|0.8394, -1.0000, -0.4888, -0.2327, -0.3338, -0.0438, 0.0062, -0.2283|15100|0.7439, -0.9356, -0.6642, -0.5039, -0.3166, -0.0375, 0.0460, 0.1575|2383.4
28|0.9079, -1.0000, -0.8477, -0.5549, -0.3338, -0.0427, 0.0062, 0.4376|11860|0.7906, -0.8454, -0.6197, -0.5151, -0.3288, -0.0237, 0.0493, 0.1693|2281.4
29|0.8394, -1.0000, -0.8477, -0.2284, -0.3338, -0.0427, 0.0062, 0.4376|10800|0.5874, -0.9279, -0.5554, -0.4625, -0.3153, -0.0212, 0.0232, 0.2760|1825.8
30|0.4021, -1.0000, -0.4888, -0.6930, -0.2868, -0.0438, 0.0062, 0.7504|14480|0.6771, -0.9370, -0.5724, -0.4585, -0.3070, -0.0305, 0.0150, 0.2070|2113.8
31|0.8394, -1.0000, -1.0000, -0.2284, -0.2868, 0.0593, 0.0062, 0.1533|10160|0.6343, -0.9451, -0.6183, -0.4706, -0.3011, -0.0180, 0.0167, 0.1800|2176.4
32|0.8394, -1.0000, -0.3295, -0.5549, -0.3338, 0.0009, 0.0062, 0.2950|12380|0.7009, -0.9397, -0.6176, -0.4933, -0.2903, -0.0231, 0.0230, 0.1942|2280.8
