1|-0.7617, -0.8682, -0.3436, -0.3645, -0.2034, -0.8577, 1.0000, -0.2247|2220|-0.0706, -0.0974, -0.0003, -0.0327, -0.0529, 0.1369, -0.0271, 0.0458|96.8
2|-0.9070, -1.0000, -0.5295, -0.3995, -0.5807, -0.4397, -0.6659, -0.9865|1140|-0.0980, -0.2144, -0.1966, -0.1638, -0.0642, 0.1683, -0.1123, -0.0074|110.4
3|-0.6594, -0.8682, -0.3436, -0.1289, -0.2034, -0.8577, -0.1992, -1.0000|1920|-0.1341, -0.2525, -0.2695, -0.3206, -0.1894, -0.0577, -0.0489, 0.0161|219.8
4|-0.6594, -0.8682, -0.3436, -0.1289, -0.2034, -0.8577, -0.1992, -1.0000|2060|-0.0798, -0.3098, -0.4131, -0.4532, -0.2762, -0.1656, -0.0169, -0.0002|302.2
5|0.7234, -0.8682, -1.0000, -0.5335, -0.9805, -0.6154, -0.3009, -0.2247|2140|-0.0991, -0.2500, -0.5210, -0.4069, -0.2915, -0.3963, -0.0014, -0.0320|355.0
6|0.2096, -0.8855, -0.3505, -0.1315, -0.3069, -0.9119, -0.0196, 1.0000|2520|-0.0613, -0.4491, -0.5002, -0.4903, -0.2490, -0.4572, 0.0300, -0.0746|407.8
7|-0.0047, -0.8682, -0.3436, -0.0678, 0.1014, -0.6154, 0.2226, -1.0000|2080|-0.0524, -0.5499, -0.5788, -0.4356, -0.2700, -0.4760, 0.0359, -0.0855|431.2
8|1.0000, -1.0000, -0.3958, -0.4674, 0.1014, -0.8577, 1.0000, 0.6356|2020|-0.0231, -0.5939, -0.6023, -0.5088, -0.2896, -0.5624, 0.0096, -0.0759|516.4
9|0.2096, -0.8855, -0.3505, -0.1315, -0.3069, -0.9119, -0.0196, 1.0000|3180|0.0367, -0.6024, -0.5394, -0.4100, -0.3632, -0.5547, 0.0464, -0.0875|530.4
10|0.2096, -0.8855, -0.9966, -0.5335, -0.2034, -0.7187, -0.2179, -0.2247|4220|-0.0779, -0.5621, -0.6033, -0.3683, -0.4038, -0.5850, -0.0091, -0.0747|636.6
11|0.0361, -0.8855, -1.0000, -0.5569, -0.5394, -0.7187, -0.5518, 0.6521|3780|0.0494, -0.5398, -0.5768, -0.4470, -0.3784, -0.5444, -0.0265, -0.0102|614.2
12|0.1957, -0.8682, -1.0000, -0.5569, -0.2034, 0.0163, -0.2581, 0.4426|5280|0.1522, -0.7075, -0.5563, -0.4421, -0.3921, -0.5591, -0.0267, 0.0377|800.6
13|0.0161, -1.0000, -0.9966, -0.7470, -1.0000, -0.7187, 1.0000, 0.0291|3220|0.1613, -0.6349, -0.5312, -0.4968, -0.2681, -0.5023, -0.0323, -0.0323|630.8
14|1.0000, -1.0000, -0.3958, -0.0781, -0.1559, -0.7088, -0.9845, -0.3765|3060|0.1944, -0.7004, -0.6368, -0.3431, -0.3221, -0.4802, -0.0630, -0.0163|613.4
15|-0.1122, -1.0000, -0.2350, -0.1485, 0.1044, -0.2506, -0.0222, -0.1483|3580|0.2060, -0.7020, -0.5515, -0.3916, -0.3092, -0.5716, -0.0723, 0.1360|801.0
16|0.0652, -1.0000, -0.3958, -0.1485, -0.2034, 0.0163, -0.0222, -0.1483|5640|0.2388, -0.8203, -0.5157, -0.3404, -0.2958, -0.5845, -0.1684, 0.0821|943.4
17|-0.1122, -1.0000, -0.3958, -0.1485, -0.2034, 0.0163, -0.0222, -0.1483|5980|0.2101, -0.8871, -0.5165, -0.3278, -0.2903, -0.5703, -0.0300, 0.0212|956.8
18|-0.1122, -1.0000, -0.2350, -0.1485, 0.1044, -0.2506, -0.0222, -0.1483|8480|0.2017, -0.8456, -0.4719, -0.3490, -0.2940, -0.6054, 0.0328, -0.0473|919.2
19|0.0786, -1.0000, -0.2888, -0.0883, -0.1761, -0.2506, -0.0222, -0.0512|6180|0.1861, -0.8054, -0.5690, -0.3889, -0.2429, -0.5790, 0.0444, -0.1205|932.6
20|-0.1122, -0.8682, -0.3958, -0.1485, -0.1354, -0.2506, -0.0222, -0.1483|5920|0.2593, -0.8542, -0.5988, -0.3839, -0.2362, -0.6030, -0.0106, -0.1096|1281.8
21|0.1462, -1.0000, -0.5356, -0.1485, -1.0000, -0.7088, 0.0989, -0.1483|5160|0.2151, -0.8848, -0.5648, -0.3465, -0.2922, -0.5452, 0.0043, -0.0710|1254.0
22|-0.1122, -1.0000, -0.2199, -0.1485, 0.1044, -0.2506, -0.0222, -0.1483|6240|0.2502, -0.9273, -0.4954, -0.3602, -0.2882, -0.5111, -0.0238, -0.0721|1480.2
23|0.0614, -1.0000, -0.2256, -0.0820, -0.1376, -0.1957, -0.0173, 0.0285|14420|0.2088, -0.9645, -0.4758, -0.3168, -0.2726, -0.4389, -0.0004, -0.0098|1700.6
24|0.0614, -1.0000, -0.2256, -0.0820, -0.1376, -0.1957, -0.0173, 0.0285|12860|0.2387, -0.9420, -0.4164, -0.2165, -0.1637, -0.4545, 0.0106, -0.0974|1781.2
25|0.3946, -1.0000, -0.2199, -0.1485, -0.1376, -0.1733, -0.0173, -0.1929|13280|0.1972, -0.9495, -0.3674, -0.1952, -0.2036, -0.3759, 0.0230, -0.0678|2314.8
26|-0.1122, -1.0000, -0.2199, -0.1485, 0.1044, -0.2506, -0.0222, -0.1364|12660|0.1366, -0.8671, -0.3203, -0.1908, -0.1424, -0.3236, 0.0200, -0.0360|2462.8
27|0.0614, -1.0000, -0.2256, -0.1485, -0.1376, -0.1957, -0.0222, 0.0285|14580|0.1985, -0.7111, -0.3945, -0.1801, -0.1874, -0.3592, -0.0091, -0.0580|2485.8
28|-0.1122, -1.0000, -0.2199, -0.1485, 0.1044, -0.2506, -0.0222, -0.1483|13240|0.2265, -0.9128, -0.3452, -0.1730, -0.1127, -0.3266, -0.0058, -0.0634|2870.4
29|1.0000, -1.0000, -0.5378, -0.0820, -0.1376, -0.1957, -0.0173, 0.0273|10340|0.2235, -0.9551, -0.3061, -0.1499, -0.0922, -0.2931, -0.0119, -0.0712|2920.6
30|1.0000, -1.0000, -0.5378, -0.0820, -0.1376, -0.1957, -0.0173, 0.0273|17640|0.2428, -0.9914, -0.2963, -0.1419, -0.0681, -0.2722, -0.0108, -0.0913|3681.2
31|0.0053, -1.0000, -0.2256, -0.0820, 0.0630, -0.1957, -0.0173, 0.0285|17880|0.2485, -0.9975, -0.2695, -0.1366, -0.0681, -0.2341, -0.0098, -0.0830|3561.8
32|1.0000, -1.0000, -0.2199, -0.1125, -0.1761, -0.1957, 0.0067, -0.3877|14860|0.2623, -0.9988, -0.2502, -0.1309, -0.0750, -0.2184, -0.0115, -0.0742|3902.8
