1|0.8041, -0.4487, -0.9933, -1.0000, 0.2452, -0.3237, 0.5447, 0.1178|4040|0.0533, 0.1512, -0.1418, -0.1062, -0.0799, -0.2141, 0.0853, -0.0273|149.4
2|0.8041, -0.4487, -0.9933, -1.0000, 0.2452, -0.3237, 0.5447, 0.1178|2500|0.1289, 0.0751, -0.3181, -0.2574, -0.0920, -0.1943, 0.0599, -0.0790|224.0
3|0.8041, -0.4487, -0.9933, -1.0000, 0.2452, -0.3237, 0.5447, 0.1178|2980|0.1589, 0.1071, -0.4174, -0.5370, -0.0962, -0.2497, 0.0471, -0.1847|329.4
4|0.8041, -0.4487, -0.9933, -1.0000, 0.2452, -0.3237, 0.5447, 0.1178|2460|0.2411, -0.0662, -0.4559, -0.7266, -0.0686, -0.2532, -0.0197, -0.2500|392.2
5|0.8041, -0.4487, -0.9933, -0.7293, 0.4011, -0.4092, 0.5447, 0.1178|3800|0.3500, -0.1293, -0.6042, -0.7590, -0.0689, -0.1797, 0.1115, -0.2541|518.8
6|1.0000, -0.4364, -0.9660, -0.7092, 0.3901, -0.3979, 0.5297, 0.1146|6000|0.4239, -0.2394, -0.4726, -0.7834, -0.1109, -0.1788, 0.1279, -0.2295|618.0
7|0.4299, -1.0000, -0.9286, -0.7342, 0.0684, 0.1447, 0.1124, 0.1012|4700|0.3527, -0.4209, -0.6241, -0.6928, -0.0984, -0.2505, 0.1680, -0.2470|612.8
8|0.0405, -0.9213, -0.5287, -0.6719, -0.2648, 0.2836, 1.0000, -0.0630|2980|0.3393, -0.4154, -0.7079, -0.8088, -0.1121, -0.2495, 0.1417, -0.3197|674.8
9|0.8041, -0.4487, -0.9933, -1.0000, -0.2282, 0.1103, -0.7177, 0.1178|5320|0.4151, -0.4567, -0.7338, -0.7966, -0.0664, -0.2241, 0.1230, -0.2487|772.8
10|0.3674, -1.0000, -1.0000, -0.8409, 0.4011, 0.0731, 0.5484, -0.7864|5380|0.4745, -0.5176, -0.7033, -0.8504, -0.0835, -0.2559, 0.0838, -0.1830|941.0
11|0.4299, -1.0000, -0.7480, -0.6719, -0.6298, 0.2836, -0.1328, 0.3721|4160|0.5292, -0.6767, -0.7003, -0.8445, -0.0476, -0.1931, 0.1270, -0.1826|942.8
12|0.7274, -1.0000, -0.9933, -0.7342, -0.5765, 0.0130, 0.1124, 0.1012|6940|0.5262, -0.7226, -0.6816, -0.7697, -0.0955, -0.1498, 0.0959, -0.0759|1100.6
13|0.7274, -1.0000, -0.5724, -0.7342, -0.5765, 0.1447, 0.1124, 0.1012|6000|0.5619, -0.7371, -0.6951, -0.7844, -0.1570, -0.1095, 0.0666, -0.0425|978.6
14|0.5506, -1.0000, -0.5724, -0.7342, 0.3901, 0.0130, 0.1124, 0.1012|5500|0.5435, -0.7865, -0.4915, -0.6115, -0.2157, -0.0174, 0.0064, -0.0574|806.4
15|0.5404, -1.0000, -0.5283, -0.9229, -0.5321, 0.1819, 0.1413, -0.0582|4040|0.5080, -0.7459, -0.6608, -0.7543, -0.1630, -0.0337, -0.0059, -0.1104|952.6
16|0.4299, -1.0000, -0.7480, -0.6719, -0.5293, 0.2836, -0.1328, 0.0929|4600|0.5411, -0.8739, -0.7175, -0.7459, -0.1265, 0.0378, 0.0562, -0.1029|1445.2
17|0.7274, -1.0000, -0.5947, -0.7522, -0.5765, -0.1359, 0.0294, 0.3866|4380|0.5629, -0.9094, -0.7370, -0.7708, -0.1285, 0.0673, 0.0412, -0.0411|1267.8
18|0.4299, -1.0000, -0.7480, -0.6719, -0.6298, 0.2836, -0.1328, 0.3721|5240|0.5724, -0.8698, -0.7067, -0.7595, -0.1625, 0.0904, 0.0335, -0.0397|1431.0
19|0.5856, -1.0000, -0.5407, -0.7293, 0.0684, 0.0130, 0.1576, 0.0292|6920|0.5851, -0.9374, -0.6784, -0.7489, -0.1672, 0.1199, 0.0357, -0.0634|1381.8
20|0.5168, -1.0000, -0.4263, -0.6719, 0.0684, 0.0130, -0.1328, 0.0903|9260|0.6097, -0.9544, -0.6833, -0.7090, -0.1027, 0.1714, 0.0061, -0.0469|1579.0
21|0.7274, -0.9528, -0.5667, -0.1760, -0.0035, -0.1295, -0.0746, 0.1360|12820|0.4836, -0.9616, -0.6747, -0.6750, -0.1986, 0.1499, 0.0051, -0.0082|1535.2
22|0.5856, -1.0000, -0.7480, -0.6719, 0.0684, 0.3964, 0.1124, 0.3721|7920|0.5898, -0.9618, -0.6599, -0.6846, -0.1880, 0.1589, 0.0017, 0.0317|1563.8
23|0.7274, -1.0000, -0.7651, -0.1760, -0.0035, -0.1295, -0.0746, 0.1360|11340|0.5696, -0.9599, -0.6476, -0.6991, -0.1158, 0.1454, 0.0116, 0.0415|1793.0
24|0.7274, -1.0000, -0.7651, -0.1760, -0.0035, -0.1295, -0.0746, 0.1360|20460|0.5194, -0.9954, -0.6004, -0.6794, -0.1036, 0.1380, 0.0268, 0.0487|2072.0
25|0.7274, -1.0000, -0.7651, -0.1760, -0.0035, -0.1295, -0.0746, 0.1360|11860|0.5676, -0.9899, -0.5905, -0.6885, -0.0761, 0.1371, 0.0397, 0.0430|2106.2
26|0.2421, -1.0000, -0.5283, -0.7092, 0.1367, 0.1717, 0.1124, -0.0481|9320|0.5733, -0.9937, -0.5698, -0.6696, -0.0380, 0.1548, 0.0385, 0.0542|2070.8
27|0.5856, -1.0000, -0.4263, -0.6719, 0.0684, 0.3964, 0.1124, -0.0574|9380|0.5832, -0.9862, -0.5560, -0.6876, -0.0407, 0.2053, 0.0226, 0.0703|2141.8
28|0.5856, -1.0000, -0.5407, -0.6719, 0.4011, 0.3964, 0.3499, 0.0903|11600|0.5473, -0.9827, -0.5577, -0.6527, 0.0355, 0.2172, 0.0225, 0.0594|2177.6
29|0.7274, -1.0000, -0.5116, -0.6719, 0.0684, 0.3964, -0.0547, -0.0686|10060|0.5747, -0.9872, -0.5778, -0.6661, 0.0517, 0.2147, 0.0201, 0.0755|2524.8
30|0.5673, -1.0000, -0.4148, -0.4869, 0.2907, 0.0094, -0.0396, -0.0426|11000|0.6309, -0.9784, -0.5761, -0.6568, 0.0558, 0.2062, 0.0381, 0.0767|2514.6
31|0.5856, -1.0000, -0.5407, -0.6719, 0.0654, 0.3964, 0.1124, 0.0903|7620|0.6383, -0.9908, -0.5504, -0.6484, 0.0258, 0.1675, 0.0602, 0.0807|2440.2
32|0.7274, -1.0000, -0.4263, -0.4869, -0.5765, 0.0130, 0.0717, 0.0903|6680|0.6265, -0.9969, -0.5526, -0.6557, 0.0196, 0.1597, 0.0649, 0.1018|2073.6
