1|0.7852, -0.9812, -0.3134, -0.2517, -0.9088, -0.5750, -1.0000, -0.3749|1820|0.0880, 0.0412, -0.1366, -0.2031, -0.0196, -0.1312, -0.0099, 0.0039|153.8
2|0.9547, -0.8277, -0.8553, -1.0000, 1.0000, -0.3521, -0.1672, -0.5355|3680|0.1905, -0.0192, -0.2753, -0.4396, -0.0981, -0.1753, -0.0770, 0.1271|257.4
3|0.5832, -1.0000, -0.9635, -0.9764, 0.2918, -0.2524, -0.3856, -0.1254|2700|0.3610, -0.2448, -0.4831, -0.5627, -0.0798, -0.3176, -0.1496, 0.1310|457.0
4|0.2465, -0.9812, -0.3134, -0.2517, -0.9088, -0.5750, -1.0000, -0.3749|2060|0.3957, -0.4772, -0.5701, -0.5674, -0.0160, -0.4191, -0.1558, 0.2535|515.6
5|1.0000, -0.4644, -0.5408, -0.8024, -0.4248, 0.5229, 0.0504, 1.0000|3240|0.3377, -0.4733, -0.4578, -0.7299, 0.0076, -0.3851, -0.1561, 0.1764|607.0
6|0.5993, -0.8692, -0.5557, -0.1678, -0.8852, -1.0000, -0.3398, -0.1289|4460|0.4438, -0.5741, -0.3880, -0.8024, -0.0243, -0.2829, -0.2071, 0.2550|678.4
7|1.0000, -1.0000, -0.3394, -0.8024, 0.2918, -0.1888, -0.3551, 1.0000|3440|0.4831, -0.5006, -0.4720, -0.8011, -0.0287, -0.2664, -0.2405, 0.2884|783.2
8|1.0000, -1.0000, -0.3394, -0.8024, 0.2918, -0.1888, -0.3551, 1.0000|3500|0.4201, -0.6587, -0.4709, -0.7878, -0.0642, -0.2064, -0.2441, 0.3831|816.2
9|0.1976, -1.0000, -0.2001, -0.1648, -0.2005, -0.2524, -0.3856, 0.0232|4900|0.3767, -0.7143, -0.3992, -0.7233, -0.1202, -0.2023, -0.2545, 0.2747|898.0
10|0.2164, -1.0000, -0.5408, -0.8024, 0.2918, 0.1723, 0.0504, -0.2177|5540|0.4956, -0.8012, -0.4189, -0.7273, -0.1299, -0.1895, -0.2593, 0.2323|1017.4
11|0.1976, -1.0000, -0.2001, -0.1648, -0.2005, -0.2524, -0.3856, 0.0232|6280|0.3108, -0.8911, -0.3715, -0.6650, -0.1982, -0.1802, -0.2788, 0.1651|1128.6
12|0.1976, -1.0000, -0.2001, -0.1648, -0.2005, -0.2123, -0.3856, 0.0232|8980|0.4201, -0.8910, -0.4340, -0.6138, -0.2772, -0.1611, -0.2615, 0.1998|1201.6
13|0.2914, -1.0000, -0.3394, -0.2975, -0.3479, -0.2464, -0.3551, -0.4432|4040|0.4837, -0.9353, -0.4368, -0.6427, -0.2839, -0.1946, -0.0348, 0.3147|1010.2
14|1.0000, -1.0000, -0.9635, -0.8024, -0.4248, -0.2524, 0.0504, 0.6301|5960|0.4494, -0.8822, -0.4116, -0.6274, -0.2838, -0.1982, -0.0033, 0.2663|1166.2
15|0.2914, -1.0000, -0.1353, -0.1648, -0.2005, -0.2123, -0.6761, -0.0348|7220|0.4853, -0.8995, -0.4243, -0.6112, -0.3085, -0.2653, -0.0358, 0.2785|1401.0
16|0.1976, -1.0000, 0.0037, -0.1648, -0.3479, -0.2643, 0.0528, -0.0348|8300|0.4080, -0.9654, -0.3967, -0.4944, -0.3312, -0.2814, -0.0363, 0.2760|1433.2
17|-0.0431, -1.0000, -0.1652, -0.2517, -0.4248, -0.2084, 0.0245, 0.0232|9480|0.4363, -0.6889, -0.3470, -0.4588, -0.3708, -0.2749, -0.0558, 0.2125|1719.6
18|0.1468, -1.0000, 0.0088, -0.1224, -0.1490, -0.1577, 0.0058, -0.0258|15900|0.3837, -0.9764, -0.3763, -0.4390, -0.3031, -0.2937, -0.0573, 0.2683|2148.6
19|0.1468, -1.0000, 0.0088, -0.1224, -0.1490, -0.1577, 0.0058, -0.0258|17840|0.3382, -0.9954, -0.2948, -0.3267, -0.2766, -0.2857, -0.0618, 0.2399|2808.4
20|0.1468, -1.0000, 0.0088, -0.1224, -0.1490, -0.1577, 0.0058, -0.0258|25720|0.3288, -0.9589, -0.2302, -0.3040, -0.2507, -0.2833, -0.0805, 0.1643|3382.6
21|0.1468, -1.0000, 0.0088, -0.1224, -0.1490, -0.2643, 0.0058, 0.0243|19920|0.2622, -0.9789, -0.1254, -0.2251, -0.2376, -0.2324, -0.0345, 0.0676|4411.0
22|0.1468, -1.0000, 0.0118, -0.1224, -0.2005, -0.1445, -0.0389, 0.0274|14040|0.3762, -0.9989, -0.0404, -0.2930, -0.3794, -0.3643, 0.0084, 0.0590|3309.0
23|0.1468, -1.0000, 0.0088, -0.1224, -0.1490, -0.1577, 0.0058, 0.0274|63340|0.2577, -0.9908, -0.0406, -0.2037, -0.3010, -0.2507, 0.0047, 0.0383|5611.8
24|0.1468, -1.0000, 0.0118, -0.1224, -0.2005, -0.1445, -0.0389, 0.0274|29480|0.2112, -1.0000, 0.0083, -0.1332, -0.1962, -0.2041, 0.0128, 0.0103|6576.6
25|0.1468, -1.0000, 0.0088, -0.1224, -0.1490, -0.1577, 0.0058, 0.0274|41980|0.2079, -0.6600, 0.0088, -0.1427, -0.2281, -0.1905, -0.0142, 0.0084|6941.8
26|0.2512, -1.0000, 0.0118, -0.1224, -0.1490, -0.1445, 0.0058, 0.0274|39340|0.1681, -0.9400, 0.0085, -0.1321, -0.1945, -0.1769, -0.0067, 0.0027|7750.4
27|0.2914, -1.0000, 0.0088, -0.1224, -0.1624, -0.2123, 0.0058, 0.0243|41240|0.1717, -1.0000, 0.0084, -0.1247, -0.1896, -0.1647, -0.0151, -0.0027|8713.2
28|0.1468, -1.0000, 0.0088, -0.1224, -0.1490, -0.1577, 0.0058, 0.0243|46200|0.1852, -1.0000, 0.0075, -0.1217, -0.1743, -0.1604, -0.0084, 0.0037|9622.4
29|0.1468, -1.0000, 0.0118, -0.1224, -0.1624, -0.1445, 0.0058, -0.0348|47440|0.1797, -1.0000, 0.0076, -0.1193, -0.1712, -0.1599, -0.0062, 0.0073|10279.8
30|0.2914, -1.0000, 0.0088, -0.1224, -0.1490, -0.1577, -0.0389, 0.0274|75480|0.1879, -1.0000, 0.0074, -0.1163, -0.1550, -0.1587, -0.0114, -0.0021|10664.4
31|0.1468, -1.0000, 0.0088, -0.1224, -0.1490, -0.1445, -0.1672, 0.0243|68220|0.2035, -1.0000, 0.0077, -0.1188, -0.1590, -0.1555, -0.0247, -0.0003|13214.0
32|0.2512, -1.0000, 0.0118, -0.1224, -0.1490, -0.1445, 0.0058, 0.0243|48460|0.2208, -1.0000, 0.0079, -0.1201, -0.1427, -0.1519, -0.0334, 0.0013|13661.2
