1|-0.2521, 0.5188, -1.0000, -0.6301, 0.2168, -0.4157, 0.2512, 0.4634|1800|0.1125, -0.1510, -0.0756, -0.0877, 0.0921, -0.3214, 0.0269, -0.1146|169.6
2|-0.3179, -1.0000, -0.9777, -0.9108, 0.5663, -0.9848, 0.5577, -0.7912|2140|0.0536, -0.2238, -0.2649, -0.2045, -0.0576, -0.3625, 0.0647, -0.1361|207.8
3|0.1294, -0.3246, -1.0000, -0.9907, 0.1532, 0.1585, 0.1774, 0.9669|3700|0.0882, -0.2985, -0.4856, -0.3680, -0.1273, -0.3629, 0.1382, -0.1932|400.2
4|0.8616, -1.0000, -0.4930, -0.0458, -0.3894, -0.2168, -0.3994, -0.3697|9940|0.2005, -0.3227, -0.4712, -0.4751, -0.1749, -0.3809, 0.1845, -0.2986|607.2
5|0.7089, -1.0000, -0.4930, -0.1131, -0.9530, -0.2168, -0.3994, -0.7598|3060|0.2305, -0.3804, -0.5264, -0.4489, -0.2383, -0.3786, 0.1016, -0.3851|452.6
6|0.6142, -1.0000, -0.7964, -1.0000, 0.4613, -0.3189, 1.0000, 0.6749|3820|0.3377, -0.3463, -0.7122, -0.5517, -0.2583, -0.3997, 0.2200, -0.3373|547.2
7|0.1438, -0.3618, -1.0000, -0.4948, 0.0458, -0.4092, -0.1353, 0.3639|4500|0.4308, -0.5099, -0.7314, -0.5658, -0.2362, -0.3903, 0.1293, -0.3390|830.6
8|0.1938, -0.7672, -0.8043, -0.7258, -0.3691, -0.1772, 1.0000, 0.0308|4480|0.4619, -0.5825, -0.7321, -0.5442, -0.3092, -0.4349, 0.0043, -0.3122|790.4
9|0.8616, -1.0000, -0.2444, -0.0458, -0.3894, -0.6067, -0.0020, -0.2822|9640|0.5033, -0.6482, -0.7037, -0.4022, -0.2757, -0.4246, -0.0046, -0.2021|1057.6
10|0.8616, -0.8267, -1.0000, -0.0458, -0.3894, -0.4942, -0.1353, -0.0201|6560|0.5638, -0.7050, -0.6739, -0.4235, -0.2843, -0.4038, -0.0146, -0.0884|1214.4
11|0.8628, -1.0000, -1.0000, -0.6348, -0.3301, -0.3681, 0.0059, 0.9669|7000|0.6098, -0.7664, -0.6251, -0.3525, -0.3324, -0.3963, -0.0508, -0.0143|1428.0
12|1.0000, -0.8416, -0.3495, -0.0532, -0.2531, -0.5735, -0.0269, -0.0234|6840|0.6343, -0.8287, -0.6003, -0.3552, -0.3399, -0.3298, -0.0501, -0.0467|1469.4
13|1.0000, -1.0000, -0.7753, -0.3749, -0.3894, -0.0785, -0.0020, -0.3697|11780|0.7250, -0.8360, -0.5263, -0.2927, -0.3109, -0.3642, -0.0333, -0.0953|1853.6
14|1.0000, -1.0000, -0.2444, -0.0458, -0.2181, -0.2168, -0.0016, -0.2822|9620|0.8053, -0.8403, -0.4951, -0.2303, -0.2911, -0.3625, -0.0502, -0.1490|1486.0
15|1.0000, -0.6757, -0.2820, -0.0362, -0.3074, -0.3901, -0.0016, -0.2919|7860|0.8577, -0.9022, -0.5077, -0.2221, -0.3096, -0.4220, -0.0238, -0.2047|1780.6
16|1.0000, -0.8416, -0.2820, -0.0458, -0.3074, -0.5735, 0.0252, -0.0234|8100|0.8947, -0.9369, -0.4894, -0.2116, -0.2654, -0.4179, -0.0307, -0.2830|1835.6
17|1.0000, -1.0000, -0.7753, -0.3749, -0.2181, -0.1674, -0.0020, -0.2280|12100|0.9206, -0.9050, -0.4114, -0.1549, -0.2666, -0.3792, -0.0239, -0.2394|2135.4
18|1.0000, -0.8416, -0.2820, -0.0458, -0.3074, -0.3901, 0.0252, -0.0234|9620|0.9142, -0.9385, -0.3681, -0.1236, -0.2382, -0.3496, -0.0306, -0.2248|2399.8
19|1.0000, -1.0000, -0.2444, -0.0458, -0.1666, -0.2168, -0.1694, 0.0165|16000|0.9014, -0.7902, -0.3608, -0.1268, -0.2273, -0.3317, -0.0492, -0.1722|2619.0
20|1.0000, -1.0000, -0.2820, -0.1131, 0.0313, -0.1943, -0.0023, 0.0165|18400|0.8823, -0.9266, -0.3819, -0.1231, -0.2179, -0.2449, -0.0514, -0.1316|3152.4
21|1.0000, -1.0000, -0.2820, -0.1131, 0.0744, -0.2168, 0.0059, -0.0240|14100|0.8862, -0.9648, -0.3234, -0.1206, -0.2203, -0.2457, -0.0734, -0.1175|3406.4
22|0.7089, -1.0000, -0.2444, -0.1131, 0.0313, -0.1943, -0.0020, 0.0165|22000|0.8796, -0.9490, -0.2890, -0.1040, -0.1817, -0.2371, -0.0842, -0.0718|4097.8
23|1.0000, -1.0000, -0.2820, -0.0458, -0.1666, -0.2168, 0.0059, 0.0165|21680|0.8973, -0.9670, -0.2706, -0.1137, -0.1522, -0.2236, -0.0742, -0.0590|4164.2
24|1.0000, -0.8416, -0.2820, -0.1131, 0.0623, -0.2168, 0.0059, -0.2822|14400|0.9415, -0.9620, -0.2697, -0.1051, -0.1523, -0.2212, -0.0778, -0.0855|4185.8
25|1.0000, -1.0000, -0.2820, -0.1131, 0.0313, -0.1943, 0.0017, 0.0165|23560|0.9307, -0.9718, -0.2708, -0.1005, -0.1373, -0.2176, -0.0694, -0.0781|5086.2
26|1.0000, -1.0000, -0.2820, -0.1131, -0.2336, -0.1943, -0.1694, 0.0165|17460|0.9339, -0.9552, -0.2642, -0.0957, -0.1596, -0.2203, -0.0781, -0.0596|4003.8
27|0.8616, -1.0000, -0.2820, -0.0458, -0.3074, -0.2168, -0.1694, 0.0338|21920|0.9423, -0.9513, -0.2706, -0.0989, -0.1674, -0.2238, -0.0917, -0.0598|4494.2
28|1.0000, -1.0000, -0.1729, -0.0320, -0.1877, -0.1943, -0.1694, -0.1613|27220|0.9629, -0.9727, -0.2656, -0.0754, -0.1795, -0.2205, -0.0689, -0.0606|3921.0
29|1.0000, -1.0000, -0.2820, -0.1131, -0.3074, -0.2168, -0.1694, -0.0217|21120|0.9601, -0.9769, -0.2642, -0.0895, -0.1763, -0.2214, -0.0596, -0.0452|4578.8
30|1.0000, -1.0000, -0.1729, -0.1131, -0.2336, -0.1943, -0.0025, 0.0165|21480|0.9005, -0.9869, -0.2587, -0.0872, -0.1650, -0.2224, -0.0677, -0.0261|5031.6
31|1.0000, -1.0000, -0.1729, -0.1131, -0.2336, -0.1943, -0.0025, 0.0165|23120|0.9547, -0.9905, -0.2631, -0.0877, -0.1590, -0.2167, -0.0812, -0.0188|4754.8
32|1.0000, -1.0000, -0.1729, -0.1131, -0.2336, -0.1943, 0.0017, 0.0165|24980|0.9718, -0.9868, -0.2627, -0.0827, -0.1886, -0.2170, -0.1033, -0.0132|4919.6
