1|0.5736, -1.0000, -0.2658, -0.6346, 0.0089, 0.2214, -0.3013, 0.6403|3840|0.0608, -0.0493, -0.1429, -0.1708, -0.0144, -0.1881, -0.0037, 0.0174|208.4
2|0.5736, -1.0000, -0.2658, -0.6346, 0.0089, -0.2256, -0.3013, 0.6403|2440|0.1564, -0.1745, -0.3030, -0.4541, -0.0715, -0.3979, 0.0109, -0.0323|329.0
3|0.5736, -1.0000, -0.2658, -0.6346, 0.0089, -0.2256, -0.3013, 0.6403|3600|0.3785, -0.3164, -0.5007, -0.5756, -0.2158, -0.4455, 0.0410, -0.0808|594.8
4|0.5736, -1.0000, -0.2658, -0.6346, -0.0043, -0.2256, -0.3013, 0.6403|5100|0.4073, -0.4177, -0.5234, -0.5991, -0.2347, -0.4812, -0.0311, -0.0920|848.0
5|0.5736, -1.0000, -1.0000, -0.6346, -0.6769, -0.2256, -0.3013, 0.6403|3000|0.4309, -0.6129, -0.6053, -0.5353, -0.1805, -0.4264, -0.0597, 0.0203|719.0
6|0.5736, -0.8811, -0.2658, -0.4424, 0.0089, 0.3036, 0.2709, 0.0410|4720|0.4737, -0.6451, -0.6833, -0.6017, -0.1828, -0.4891, -0.0026, 0.0487|705.2
7|0.5736, -0.8811, -0.2658, -0.4424, 0.0089, 0.3036, 0.2709, 0.0410|7820|0.3948, -0.7328, -0.6879, -0.6175, -0.2136, -0.4251, 0.0458, 0.0318|1152.4
8|0.5736, -0.8811, -0.2658, -0.4424, 0.0089, 0.3036, 0.2709, 0.0410|16800|0.5170, -0.7864, -0.6751, -0.5997, -0.2243, -0.3746, -0.0214, 0.1067|1478.8
9|0.5736, -0.8811, -0.2658, -0.4424, 0.0089, 0.3036, 0.2709, 0.0410|9980|0.5376, -0.8211, -0.5585, -0.5345, -0.2290, -0.2429, 0.0389, 0.1548|1228.4
10|0.5736, -0.8811, -0.2658, -0.4424, 0.0089, 0.3036, 0.2709, 0.0410|10200|0.5980, -0.8576, -0.6002, -0.5816, -0.1270, -0.2782, 0.0654, 0.0564|1626.6
11|0.5736, -1.0000, -0.2658, -0.4424, 0.0089, -0.2256, -0.3013, 0.0410|8140|0.6318, -0.8625, -0.5674, -0.6252, -0.1165, -0.3358, 0.1933, 0.0032|1595.8
12|0.6510, -1.0000, -0.3016, -0.5021, 0.0009, -0.2560, 0.3074, 0.7268|7740|0.6306, -0.9208, -0.5253, -0.5935, -0.0853, -0.2840, 0.2512, 0.0624|1901.0
13|0.5736, -1.0000, -0.3016, -0.3025, 0.0101, -0.1948, -0.3013, -0.0366|8020|0.5098, -0.9587, -0.4472, -0.5421, -0.0832, -0.2388, 0.2409, 0.1214|2065.6
14|0.6510, -1.0000, -0.3016, -0.4424, 0.0009, 0.3036, 0.2709, 0.0410|13980|0.5573, -0.9834, -0.3900, -0.5231, -0.0986, -0.1926, 0.2300, 0.1787|2267.8
15|0.6510, -1.0000, -0.3016, -0.4424, 0.0009, 0.3036, 0.2709, 0.0410|9180|0.5657, -0.9810, -0.3347, -0.4966, -0.0618, -0.1491, 0.1925, 0.1024|2206.6
16|0.6510, -1.0000, -0.3016, -0.4424, 0.0009, 0.3036, 0.2709, 0.0410|12600|0.5650, -0.9857, -0.3242, -0.4485, -0.0622, -0.1383, 0.1832, 0.1020|2346.2
17|0.6510, -1.0000, -0.3016, -0.4424, 0.0089, -0.1948, -0.2469, 0.5257|8380|0.5496, -0.9905, -0.3352, -0.4803, -0.0476, -0.0997, 0.1694, 0.0913|2355.2
18|0.6510, -1.0000, -0.3016, -0.5021, -0.0007, 0.3036, 0.2709, 0.0466|13800|0.5771, -0.9693, -0.3127, -0.4843, -0.0233, -0.0440, 0.2054, 0.0844|2695.4
19|0.6510, -1.0000, -0.3016, -0.5021, -0.0007, 0.3036, 0.2709, 0.0466|13460|0.5954, -0.9964, -0.3073, -0.4767, -0.0105, -0.0191, 0.2121, 0.1042|3130.6
20|0.5736, -1.0000, -0.3016, -0.3025, 0.0101, -0.1948, 0.3074, 0.0466|18400|0.5665, -0.9964, -0.3011, -0.4653, -0.0141, -0.0124, 0.2031, 0.1496|2823.0
21|0.5736, -1.0000, -0.3016, -0.3025, 0.0101, -0.1948, 0.3074, 0.0466|15420|0.6120, -0.9952, -0.3006, -0.4433, 0.0058, -0.0371, 0.2444, 0.1301|3421.0
22|0.6510, -1.0000, -0.3016, -0.4424, 0.0101, 0.3036, 0.2709, 0.0323|16320|0.5844, -0.8729, -0.2950, -0.4482, 0.0060, -0.0126, 0.2306, 0.1424|3183.6
23|0.5736, -0.8811, -0.3016, -0.4424, 0.0101, 0.3036, 0.2709, 0.0466|14700|0.5732, -0.9905, -0.3006, -0.4343, 0.0070, 0.0422, 0.2384, 0.1553|3493.2
24|0.6510, -1.0000, -0.3016, -0.5021, 0.0009, 0.3036, 0.2709, 0.0323|11760|0.6152, -0.9881, -0.2956, -0.4486, 0.0077, -0.0042, 0.2503, 0.1420|3575.2
25|0.6510, -1.0000, -0.3016, -0.4424, 0.0009, -0.1948, 0.2709, 0.0466|14660|0.6288, -0.9905, -0.3033, -0.4564, 0.0081, -0.0251, 0.2521, 0.1467|3603.4
26|0.6510, -1.0000, -0.3016, -0.4424, 0.0101, 0.3036, 0.2709, 0.0466|14320|0.6394, -0.9900, -0.3053, -0.4542, 0.0088, 0.0246, 0.2455, 0.1843|3538.2
27|0.5736, -1.0000, -0.3016, -0.4424, 0.0101, -0.1948, 0.3074, 0.0466|11860|0.6406, -0.9952, -0.3003, -0.4531, 0.0089, 0.0649, 0.2358, 0.1333|3551.0
28|0.6510, -1.0000, -0.3016, -0.4424, 0.0101, 0.3036, 0.2709, 0.0466|14660|0.6505, -0.9952, -0.2999, -0.4511, 0.0088, 0.1209, 0.2307, 0.1406|3513.8
29|0.6510, -1.0000, -0.3016, -0.4424, 0.0101, 0.3036, 0.2709, 0.0466|14020|0.6487, -0.9964, -0.3033, -0.4523, 0.0091, 0.1268, 0.2110, 0.1186|4017.2
30|0.6510, -1.0000, -0.3016, -0.4424, 0.0101, 0.3036, 0.2709, 0.0466|14100|0.6518, -0.9941, -0.1841, -0.4526, 0.0090, 0.1682, 0.2205, 0.0931|3127.4
31|0.6510, -1.0000, -0.3016, -0.4424, 0.0101, 0.3036, 0.2709, 0.0410|16620|0.6542, -0.9929, -0.2435, -0.3692, 0.0086, 0.1637, 0.2115, 0.0831|3146.0
32|0.6510, -0.8811, -0.3016, -0.4424, 0.0101, -0.1948, 0.2709, 0.5257|16360|0.6616, -0.9917, -0.2982, -0.4537, 0.0084, 0.1582, 0.2106, 0.1024|4021.0
