1|0.0071, -0.4400, -1.0000, -1.0000, -0.8607, -0.3785, 0.1546, 0.9908|2780|0.1528, -0.0628, -0.0675, -0.2186, -0.1202, -0.1667, -0.0779, -0.0536|196.8
2|-0.1097, -1.0000, -0.6711, -0.4368, 0.0930, -0.3072, -0.1172, -0.2551|1760|0.2308, -0.0699, -0.2840, -0.4121, -0.2564, -0.3457, -0.1599, 0.1204|267.0
3|0.7697, -0.7036, -0.7820, -0.8934, -0.6941, -1.0000, -0.1185, 1.0000|2780|0.4071, -0.0395, -0.4281, -0.5648, -0.3256, -0.4842, -0.2643, 0.2176|420.0
4|-0.1097, -1.0000, -0.6711, -0.4368, 0.0930, -0.3072, -0.1172, -0.2551|4360|0.4905, 0.0021, -0.5863, -0.6879, -0.3940, -0.4596, -0.4463, 0.4522|560.6
5|-0.1097, -1.0000, -0.6711, -0.4368, 0.0930, -0.3072, -0.1172, -0.2551|5400|0.4838, -0.1793, -0.5971, -0.6416, -0.4648, -0.4831, -0.4849, 0.4895|601.4
6|1.0000, -1.0000, -0.9034, -0.6446, -0.6941, 0.0211, 0.1546, -0.1205|2340|0.3703, -0.4521, -0.6534, -0.5256, -0.4591, -0.5768, -0.4496, 0.4923|576.0
7|1.0000, -1.0000, -0.9034, -0.6446, -0.6941, 0.0211, 0.1546, -0.1205|3060|0.4093, -0.4478, -0.7429, -0.6758, -0.5262, -0.6363, -0.3433, 0.7158|767.2
8|0.0071, -0.7036, -1.0000, -0.2807, -0.6941, -0.3713, -0.1185, 0.5608|2680|0.4487, -0.5124, -0.6986, -0.6671, -0.5560, -0.7094, -0.2765, 0.7068|806.0
9|0.7697, -1.0000, -0.7820, -0.2807, -0.3937, -1.0000, -0.7038, 0.5608|3460|0.4860, -0.4854, -0.7167, -0.7138, -0.5466, -0.7478, -0.2357, 0.5819|855.0
10|0.0071, -0.7036, -1.0000, -0.7968, -0.3937, -0.3713, -0.1185, 0.5608|4580|0.6076, -0.6262, -0.7016, -0.6926, -0.5573, -0.7401, -0.1776, 0.5818|1085.4
11|0.7697, -0.4400, -0.7820, -0.7736, -0.7826, -1.0000, -0.1185, 1.0000|3180|0.6543, -0.7422, -0.7474, -0.6797, -0.5247, -0.6404, -0.0949, 0.5099|993.6
12|0.7697, -0.7036, -0.7820, -0.2807, -0.6941, -0.3713, -0.1185, 0.2651|4780|0.6894, -0.7105, -0.7478, -0.7039, -0.5253, -0.6602, -0.0897, 0.4889|1162.4
13|0.7697, -0.7036, -0.7820, -0.7968, -0.6941, 0.0382, -0.1185, 0.5608|5420|0.6883, -0.7600, -0.7617, -0.7154, -0.5460, -0.6157, -0.0826, 0.4059|1097.2
14|0.7697, -1.0000, -0.9034, -0.7968, -0.3937, -0.3713, -0.0854, -0.3713|7060|0.6730, -0.8032, -0.7415, -0.6930, -0.4789, -0.6183, -0.0521, 0.3929|1213.4
15|0.7697, -0.8507, -0.7820, -0.7736, -0.7826, -1.0000, -0.1456, 0.7527|4720|0.6941, -0.7998, -0.7509, -0.7212, -0.5103, -0.5262, -0.0578, 0.4469|1104.0
16|0.7697, -0.8507, -0.7820, -0.6446, -0.6941, -0.7742, -0.1456, 0.7527|3940|0.7362, -0.8150, -0.7996, -0.7007, -0.5182, -0.5243, -0.0576, 0.4131|1394.6
17|0.7697, -1.0000, -0.9034, -0.7968, -0.3937, -0.3713, -0.0854, -0.3713|4800|0.7690, -0.8048, -0.7994, -0.6640, -0.5077, -0.4465, -0.0502, 0.4326|1351.8
18|0.9660, -1.0000, -0.9034, -0.7968, -0.8711, -0.0685, 0.1546, -0.1205|6780|0.7691, -0.8446, -0.7718, -0.6757, -0.5332, -0.4515, -0.0514, 0.3561|1410.8
19|0.1617, -1.0000, -0.9034, -0.6446, 0.0076, -0.7742, -0.0854, -0.1205|5820|0.7878, -0.8570, -0.8119, -0.6270, -0.5004, -0.4942, -0.0609, 0.4209|1304.4
20|0.9048, -1.0000, -0.2402, -0.2807, -0.4628, -0.3612, -0.1393, 0.8848|5000|0.7929, -0.8440, -0.8019, -0.6558, -0.4687, -0.5132, -0.0644, 0.3515|1396.6
21|0.7697, -0.7036, -0.7820, -0.2807, -0.6941, -0.3713, -0.1456, 0.2651|5540|0.7919, -0.8738, -0.7779, -0.6460, -0.4413, -0.5072, -0.0718, 0.3570|1452.0
22|0.1617, -0.7036, -0.2402, -0.2807, -0.6941, -0.3072, -0.1487, 0.2651|6380|0.8237, -0.9133, -0.7782, -0.6212, -0.4128, -0.5020, -0.0917, 0.2759|1648.8
23|0.7697, -1.0000, -0.7820, -0.0063, -0.0023, -0.3072, -0.0854, -0.3713|9160|0.8023, -0.8879, -0.7345, -0.5482, -0.4167, -0.5020, -0.0899, 0.2761|1503.2
24|1.0000, -1.0000, -0.7820, -0.2807, -0.0023, -0.3713, -0.0854, -0.1205|10800|0.8216, -0.9509, -0.7107, -0.4871, -0.3544, -0.4982, -0.0765, 0.2550|1560.6
25|0.8728, -0.8507, -0.9034, -0.2807, -0.3937, -0.3072, 0.0956, 0.2651|8220|0.8548, -0.9524, -0.6870, -0.4096, -0.3768, -0.4630, -0.0679, 0.2070|1683.2
26|1.0000, -1.0000, -0.7820, -0.2807, -0.0023, -0.3713, -0.0854, -0.1205|12320|0.8736, -0.9627, -0.6733, -0.3967, -0.3219, -0.4416, -0.0554, 0.1219|2043.2
27|0.9048, -1.0000, -0.2402, -0.2807, -0.0023, -0.3713, -0.0854, -0.1205|7120|0.8629, -0.9624, -0.6851, -0.3187, -0.2405, -0.4039, -0.0715, 0.0765|2320.6
28|1.0000, -1.0000, -0.7820, -0.0063, -0.0023, -0.3072, -0.1185, -0.1205|7760|0.8893, -0.9870, -0.6492, -0.3241, -0.2389, -0.4056, -0.0681, 0.0746|2227.4
29|1.0000, -1.0000, -0.2402, -0.2807, -0.0023, -0.3713, -0.0854, -0.1205|12720|0.9022, -0.9906, -0.6048, -0.3053, -0.2368, -0.4065, -0.0616, 0.0702|2429.8
30|0.9048, -1.0000, -0.2402, -0.2807, -0.0023, -0.3072, -0.0854, -0.1205|12260|0.9005, -0.9888, -0.5886, -0.2787, -0.2439, -0.4136, -0.0414, 0.0838|2694.0
31|0.7697, -1.0000, -0.2402, -0.2807, -0.0023, -0.3072, 0.0956, 0.2651|8460|0.9035, -0.9941, -0.5878, -0.2607, -0.2119, -0.4029, -0.0317, 0.0137|2350.8
32|1.0000, -1.0000, -0.2402, -0.2807, -0.0023, -0.3072, -0.0854, -0.1205|8620|0.9054, -0.9970, -0.5511, -0.2604, -0.2142, -0.3766, -0.0162, 0.0204|2284.8
