1|0.3973, -0.0045, -1.0000, 0.4674, -0.8514, -0.8534, 0.5978, 0.5760|1280|0.0594, 0.1467, -0.0345, -0.0981, 0.0348, -0.0082, -0.1225, -0.1522|70.2
2|0.4420, -0.3886, -0.6993, -1.0000, 0.0885, -0.7570, -0.4137, -0.5463|980|0.0611, -0.0163, -0.2057, -0.4173, -0.0999, -0.0518, -0.2473, -0.1562|182.6
3|1.0000, -0.3886, -0.6993, -1.0000, 0.8107, 0.1710, -0.4137, -0.5463|1180|0.2307, -0.1324, -0.2975, -0.8024, -0.0193, -0.1587, -0.2562, -0.1517|289.8
4|-0.2550, -0.3886, -0.6993, -1.0000, 0.0885, -0.7570, -0.4137, -0.5463|1640|0.1678, -0.3130, -0.4206, -0.8896, 0.0973, -0.2715, -0.2931, -0.2999|400.0
5|1.0000, 0.6011, -0.7777, -0.8373, 0.8107, 0.1710, 0.1955, -0.0044|1500|0.0225, -0.3690, -0.0881, -0.9145, 0.1172, -0.4359, -0.1461, -0.4974|238.0
6|1.0000, 0.6011, -0.7777, -0.8373, 0.8107, 0.1710, 0.1955, -0.0044|1540|0.2470, -0.3357, -0.4049, -0.8620, 0.1401, -0.3862, -0.1881, -0.6347|386.8
7|0.2605, -0.1554, -0.6993, -1.0000, -0.0098, 0.2406, 0.1498, 0.6686|1940|0.0973, -0.3901, -0.5302, -0.8353, 0.0088, -0.4665, -0.2222, -0.7440|509.2
8|0.2605, -0.3886, -0.6993, -1.0000, -0.0098, -0.5879, -0.4137, -0.5463|2000|0.2020, -0.4603, -0.5656, -0.8571, 0.0615, -0.4885, -0.1961, -0.7600|514.6
9|0.2605, -0.3886, -0.6993, -0.7601, -0.0487, -0.7570, -0.4137, -1.0000|2080|0.2336, -0.4971, -0.5823, -0.8020, 0.0435, -0.5356, -0.1743, -0.7873|472.2
10|0.2605, -0.3886, -0.6993, -1.0000, -0.0098, -0.5879, 0.1498, -0.5463|1860|0.2892, -0.5631, -0.5959, -0.8365, 0.0823, -0.5121, -0.2277, -0.7536|565.4
11|-0.2550, -1.0000, -0.6993, -0.7601, -0.0487, -0.7570, -0.4137, -1.0000|2580|0.2783, -0.5016, -0.6545, -0.8053, 0.0386, -0.5599, -0.2747, -0.8067|558.0
12|0.2605, -1.0000, -0.6993, -1.0000, -0.0098, -0.7570, -0.4137, -0.5463|1900|0.2034, -0.4893, -0.6522, -0.8137, -0.0397, -0.6022, -0.2535, -0.8065|554.4
13|-0.2612, -1.0000, -0.6993, -0.7601, 0.0885, -0.5879, 0.0622, -1.0000|1880|0.1413, -0.6239, -0.6684, -0.8348, -0.0187, -0.6409, -0.2235, -0.7865|614.0
14|-0.2612, -1.0000, -0.6993, -1.0000, -0.0098, -0.2708, 0.0622, -0.5463|2280|0.1458, -0.6403, -0.6829, -0.8494, 0.0265, -0.5066, -0.2233, -0.7584|630.6
15|0.2605, -1.0000, -0.6993, -0.7391, -0.0098, -0.7570, -0.4137, -0.5463|2300|0.1641, -0.6945, -0.6865, -0.8747, -0.0060, -0.6112, -0.2359, -0.6925|683.6
16|-0.3171, -0.6747, -1.0000, -0.9229, -0.0171, -0.7157, 0.0755, -0.6633|2520|0.1534, -0.7796, -0.7016, -0.8705, -0.0161, -0.6418, -0.2363, -0.5625|728.6
17|0.2605, -1.0000, -0.6993, -0.7601, -0.0487, -0.7570, -0.4137, -0.5463|3460|0.1386, -0.8235, -0.7181, -0.8696, -0.0157, -0.6721, -0.2039, -0.5555|848.2
18|-0.3171, -0.6747, -1.0000, -0.9229, -0.0171, -0.7157, 0.0755, -0.6633|3040|0.0921, -0.8482, -0.7367, -0.8488, -0.0165, -0.6795, -0.2361, -0.5166|909.8
19|-0.3171, -0.6747, -1.0000, -0.9229, -0.0171, -0.7157, 0.0755, -0.6633|3040|0.1249, -0.9106, -0.7456, -0.8704, -0.0197, -0.6521, -0.2365, -0.5327|849.2
20|0.2605, -1.0000, -0.6993, -0.7391, -0.0098, -0.7570, -0.4137, -0.5463|2920|0.1224, -0.9445, -0.7333, -0.8483, -0.0253, -0.6944, -0.2672, -0.4640|845.0
21|0.2605, -1.0000, -0.6993, -0.7601, -0.0098, -0.7570, -0.4137, 0.4167|2660|0.1230, -0.9675, -0.7324, -0.8145, -0.0240, -0.7152, -0.2551, -0.4436|892.4
22|-0.2550, -1.0000, -0.6993, -0.7601, -0.0098, -0.2708, 0.0622, 0.4167|4220|0.0969, -0.9577, -0.7174, -0.8082, -0.0235, -0.7326, -0.2359, -0.4223|918.8
23|0.2605, -1.0000, -0.6993, -0.7391, -0.0098, -0.7570, -0.4137, -0.5463|3960|0.1342, -0.9675, -0.7053, -0.8071, -0.0259, -0.7391, -0.2378, -0.3845|970.4
24|0.2605, -1.0000, -0.6993, -0.7601, -0.0098, -0.7570, -0.4137, 0.4167|3100|0.1631, -0.9740, -0.7083, -0.7931, -0.0286, -0.7440, -0.2489, -0.3556|1006.2
25|-0.2550, -1.0000, -0.6993, -0.7601, -0.0487, -0.7570, 0.0622, -0.5463|4220|0.1722, -0.9935, -0.7023, -0.7794, -0.0295, -0.7368, -0.2991, -0.3277|1082.6
26|0.2605, -1.0000, -0.6993, -0.7601, -0.0487, -0.7570, 0.0622, -0.5463|4320|0.1781, -0.9967, -0.6993, -0.7723, -0.0292, -0.7319, -0.2945, -0.2682|1091.0
27|-0.2550, -1.0000, -0.6993, -0.7391, -0.0487, -0.7570, -0.4137, -0.5463|3320|0.1631, -1.0000, -0.6993, -0.7764, -0.0283, -0.7327, -0.3230, -0.1990|1120.8
28|0.2605, -1.0000, -0.6993, -0.7601, -0.0098, -0.7570, -0.4137, 0.4167|4000|0.1675, -1.0000, -0.6993, -0.7655, -0.0265, -0.7181, -0.3561, -0.0599|1115.0
29|0.2605, -1.0000, -0.6993, -0.7601, -0.0098, -0.7570, 0.0622, -0.5463|5120|0.1715, -1.0000, -0.6993, -0.7675, -0.0238, -0.7036, -0.3506, 0.0952|1161.0
30|0.2605, -1.0000, -0.6993, -0.7601, -0.0098, -0.7570, -0.4137, 0.4167|4480|0.2052, -0.8455, -0.7192, -0.7773, -0.0221, -0.7397, -0.3330, 0.2533|1270.8
31|0.2605, -1.0000, -0.6993, -0.7601, -0.0098, -0.7570, -0.4137, 0.4167|4400|0.2251, -0.8970, -0.7126, -0.7703, -0.0186, -0.7543, -0.3536, 0.3165|1106.0
32|0.2605, -1.0000, -0.6993, -0.7601, -0.0487, -0.7570, -0.4137, 0.4167|5320|0.2449, -0.9485, -0.7059, -0.7633, -0.0150, -0.7594, -0.3739, 0.3594|1215.6
