1|0.4912, -0.7827, -1.0000, -0.5355, 0.0899, 0.1871, -0.1063, 0.0077|2900|0.1569, -0.0053, -0.1419, -0.0744, -0.0309, -0.1111, -0.0287, 0.1548|131.4
2|0.4912, -0.7827, -0.6179, -0.5355, 0.4038, -0.0556, -0.1063, 0.0077|2000|0.3028, -0.0916, -0.3531, -0.2778, -0.1050, -0.2349, -0.0910, 0.1366|280.0
3|0.4912, -0.7827, -1.0000, -0.5355, 0.0899, 0.1871, -0.1063, 0.0077|4520|0.4955, -0.2298, -0.5704, -0.5337, -0.1506, -0.2312, -0.1525, 0.2022|527.6
4|0.6276, -1.0000, -0.7894, -0.6842, 0.4894, -0.0710, -0.1358, 0.0099|5180|0.5928, -0.2372, -0.7900, -0.6147, -0.0891, -0.2942, -0.1700, 0.2163|618.6
5|0.6276, -1.0000, -0.7894, -0.6842, 0.4894, -0.0710, -0.1358, 0.0099|5420|0.6431, -0.4522, -0.8091, -0.6459, 0.0886, -0.2915, -0.2074, -0.0476|690.8
6|0.6276, -1.0000, -0.7894, -0.6842, 0.4894, -0.0710, -0.1358, 0.0099|4940|0.7186, -0.4599, -0.8134, -0.6207, 0.1986, -0.2730, -0.2617, -0.0353|769.6
7|0.6276, -1.0000, -0.7894, -0.6842, 0.4894, -0.0710, -0.1358, 0.0099|3320|0.6391, -0.4754, -0.8174, -0.7054, 0.1977, -0.2157, -0.3326, -0.0474|808.2
8|0.6276, -1.0000, -0.7894, -0.6842, 0.4894, -0.0710, -0.1358, 0.0099|4480|0.5568, -0.5908, -0.8184, -0.5773, 0.2114, -0.1535, -0.3327, -0.0358|954.8
9|0.6276, -1.0000, -0.7894, -0.6842, 0.4894, -0.0710, -0.1358, 0.0099|5400|0.6896, -0.5308, -0.7866, -0.6531, 0.1599, -0.1396, -0.3111, -0.0306|954.2
10|1.0000, -1.0000, -0.7894, -0.6842, -0.9036, -0.0710, -0.1063, 0.2450|5300|0.7193, -0.6645, -0.7677, -0.6919, 0.1128, -0.1086, -0.2533, -0.1059|1118.6
11|0.4322, -1.0000, -0.7301, -0.6324, 0.4038, -0.0710, -0.1358, 0.0099|5480|0.7811, -0.7106, -0.7569, -0.6683, -0.0144, -0.0677, -0.1848, -0.0596|1088.4
12|1.0000, -0.7827, -0.6347, -0.5355, 0.0899, 0.1871, -0.1063, 0.0091|8120|0.7961, -0.8209, -0.7688, -0.6973, -0.0899, -0.0551, -0.1429, -0.0383|1403.4
13|1.0000, -1.0000, -0.7894, -0.6842, -0.9036, -0.0710, -0.1063, 0.2450|5920|0.8645, -0.8188, -0.7281, -0.6821, -0.1222, -0.0475, -0.1548, -0.0052|1560.8
14|1.0000, -1.0000, -0.6347, -0.5355, -0.9036, 0.1871, -0.1358, 0.0099|10300|0.9069, -0.8623, -0.7479, -0.6511, -0.0882, 0.0099, -0.1622, 0.0036|1867.0
15|1.0000, -1.0000, -0.7894, -0.6842, 0.0899, 0.1871, -0.1063, 0.0091|7900|0.9347, -0.7921, -0.7466, -0.6255, -0.1016, 0.0481, -0.0867, 0.0336|1621.8
16|1.0000, -1.0000, -0.3790, -0.5355, 0.0899, 0.1871, -0.1358, 0.0091|10140|0.9397, -0.8557, -0.6600, -0.6351, -0.1103, 0.0602, -0.0602, 0.0681|1517.2
17|0.7663, -0.7788, -0.7894, -0.6842, 0.0899, 0.1871, -0.0264, 0.2450|6780|0.9332, -0.8744, -0.7184, -0.6417, -0.0168, 0.0613, -0.0715, 0.0601|1689.2
18|0.4912, -1.0000, -0.6347, -0.6324, 0.0899, 0.1871, -0.0264, 0.2450|13320|0.9271, -0.8687, -0.7013, -0.6305, -0.0047, 0.0780, -0.0494, 0.1529|2057.0
19|1.0000, -1.0000, -0.3790, -0.5355, 0.0899, 0.1871, -0.1358, 0.0091|7500|0.8972, -0.8767, -0.7111, -0.6420, 0.0098, 0.0813, -0.0129, 0.1826|2026.0
20|1.0000, -1.0000, -0.7894, -0.4145, 0.0899, 0.1871, -0.1063, 0.2450|17980|0.8985, -0.8987, -0.6171, -0.6401, 0.0541, 0.0959, -0.0299, 0.1900|1998.0
21|1.0000, -1.0000, -0.7301, -0.4145, 0.0899, 0.1871, -0.1063, 0.2450|17040|0.9078, -0.9143, -0.6571, -0.6392, 0.0322, 0.0926, -0.0138, 0.2217|2282.6
22|1.0000, -1.0000, -0.7301, -0.4145, 0.0899, 0.1871, -0.1063, 0.2450|21640|0.9093, -0.9310, -0.6541, -0.6206, 0.0360, 0.0970, 0.0059, 0.2173|2270.8
23|1.0000, -1.0000, -0.3790, -0.6324, 0.0899, 0.1871, -0.0264, 0.7994|7620|0.9256, -0.9447, -0.6452, -0.6285, 0.0488, 0.1134, 0.0158, 0.2268|2283.6
24|1.0000, -1.0000, -0.3790, -0.6324, 0.0899, 0.1871, -0.0264, 0.7994|9580|0.9492, -0.9624, -0.6226, -0.6343, 0.0406, 0.1139, 0.0428, 0.2630|2680.8
25|1.0000, -1.0000, -0.3790, -0.6324, 0.0899, 0.1871, -0.0264, 0.2450|9720|0.9343, -0.9662, -0.6296, -0.6400, 0.0568, 0.1206, 0.0456, 0.3022|2660.6
26|1.0000, -1.0000, -0.6347, -0.6324, 0.0899, 0.1871, -0.0264, 0.2450|11220|0.9412, -0.9889, -0.6020, -0.6241, 0.0657, 0.1505, 0.0360, 0.3242|2606.2
27|1.0000, -1.0000, -0.7301, -0.4145, 0.0899, 0.1871, -0.1063, 0.0091|15820|0.9725, -0.9845, -0.5624, -0.6233, 0.0941, 0.1587, 0.0157, 0.3514|3058.0
28|1.0000, -0.7788, -0.3790, -0.4145, 0.0973, 0.1871, -0.0264, 0.2450|16580|0.9785, -0.9581, -0.5211, -0.6093, 0.0902, 0.1664, 0.0078, 0.3609|3210.6
29|1.0000, -1.0000, -0.3790, -0.4145, 0.0899, 0.1871, -0.0264, 0.2450|15620|0.9701, -0.9604, -0.4895, -0.6005, 0.0911, 0.1794, 0.0028, 0.4140|3180.0
30|1.0000, -1.0000, -0.3790, -0.4145, 0.0899, 0.1871, -0.0264, 0.2450|16740|0.9584, -0.9713, -0.4573, -0.5998, 0.0913, 0.1819, -0.0101, 0.4544|3510.0
31|1.0000, -1.0000, -0.3790, -0.4145, 0.0899, 0.1871, -0.0264, 0.2450|33060|0.9552, -0.9714, -0.4544, -0.5868, 0.0908, 0.1716, -0.0072, 0.3752|3597.6
32|1.0000, -1.0000, -0.3790, -0.4145, 0.0899, 0.1871, -0.0264, 0.2450|19580|0.9505, -0.9823, -0.4411, -0.5794, 0.0906, 0.1675, -0.0021, 0.3285|3853.0
