1|0.5122, -0.4559, -0.5889, -0.0683, -0.3651, -0.6399, 0.3220, -0.7723|2580|-0.0760, -0.1599, -0.1985, -0.0492, -0.0866, -0.2231, 0.1255, -0.0607|132.6
2|0.1671, -0.3769, -0.8850, -0.4360, 1.0000, -0.6326, 0.2674, -0.2739|1240|-0.0485, -0.1372, -0.4033, -0.2922, -0.2824, -0.3070, 0.1121, -0.0823|225.0
3|1.0000, -0.4252, -0.5257, -0.2964, -0.7766, -0.7823, -0.4962, -1.0000|1780|0.2452, -0.1165, -0.3637, -0.2622, -0.4436, -0.4261, 0.1355, -0.2738|264.2
4|0.3073, -0.6862, -0.9894, -1.0000, -0.9699, -0.1843, 0.9509, -0.8205|2120|0.3429, -0.1484, -0.4353, -0.3370, -0.6245, -0.5223, 0.0078, -0.4005|382.6
5|0.5826, -0.5994, -0.4558, -0.0992, 0.2280, -1.0000, -0.0312, -0.2729|2080|0.5789, -0.0898, -0.5007, -0.3612, -0.6748, -0.6494, -0.0277, -0.5246|470.8
6|0.5826, -0.5994, -0.4558, -0.0992, 0.2280, -1.0000, -0.0312, -0.2729|3760|0.6309, -0.1574, -0.5575, -0.4291, -0.7813, -0.6773, -0.1086, -0.5515|615.2
7|0.8222, -0.6862, -0.9894, -1.0000, -0.9749, -0.1843, -0.5373, -0.8205|4160|0.6308, -0.3371, -0.6365, -0.4523, -0.7180, -0.6225, -0.0807, -0.5683|591.4
8|0.7107, -0.2667, -0.9894, -1.0000, -0.9699, -0.1843, -0.4644, 0.6371|2560|0.7060, -0.4570, -0.6125, -0.4748, -0.6879, -0.5326, -0.0913, -0.5381|665.4
9|0.9720, -1.0000, -0.5257, -0.2050, -0.7766, -0.5257, -0.0521, -0.4553|3760|0.7686, -0.4599, -0.5803, -0.4854, -0.7698, -0.5359, -0.0925, -0.4994|655.4
10|0.9720, -1.0000, -0.5257, -0.2050, -0.7766, -0.5257, -0.0521, -0.4553|3060|0.7483, -0.5697, -0.5870, -0.4667, -0.7982, -0.5281, -0.0537, -0.3778|839.4
11|0.9720, -1.0000, -0.5257, -0.2050, -0.7766, -0.5257, -0.0521, -0.4553|5820|0.8177, -0.6494, -0.5704, -0.3446, -0.8351, -0.6443, -0.1695, -0.3282|1306.8
12|0.9720, -1.0000, -0.5257, -0.2050, -0.7766, -0.5257, -0.0521, -0.4553|6460|0.8879, -0.7793, -0.5445, -0.2804, -0.8165, -0.4427, -0.1796, -0.3974|1226.0
13|0.9720, -1.0000, -0.5257, -0.1151, -0.7766, -0.5257, -0.0521, -0.4553|3700|0.8410, -0.8333, -0.5075, -0.2010, -0.7483, -0.5053, -0.2119, -0.3477|1061.0
14|0.6947, -1.0000, -0.4240, -0.0450, -0.5551, -0.3757, -0.0373, -0.3254|5280|0.7972, -0.8308, -0.5097, -0.2208, -0.7623, -0.5957, -0.1578, -0.3584|1301.6
15|0.4883, -1.0000, -0.2980, -0.0317, -0.3902, -0.2641, -0.0262, -0.2287|12320|0.7626, -0.9097, -0.4422, -0.1724, -0.6925, -0.5348, -0.1617, -0.3560|1708.8
16|0.4883, -1.0000, -0.2363, -0.0317, -0.3902, -0.2641, -0.0262, -0.2287|9120|0.7046, -0.9574, -0.3603, -0.1233, -0.6176, -0.4567, -0.1391, -0.3293|1809.6
17|0.8433, -1.0000, -0.2980, -0.0317, -0.5551, -0.7823, -0.4962, -0.2287|6620|0.5045, -0.9709, -0.3455, -0.1106, -0.5866, -0.4341, -0.1417, -0.2997|1796.2
18|0.8433, -1.0000, -0.2363, -0.2050, -0.3902, 0.0539, -0.0262, -0.2287|9580|0.5214, -0.9742, -0.3411, -0.1146, -0.5777, -0.4717, -0.1325, -0.3056|1727.4
19|0.8433, -1.0000, -0.2363, -0.2050, -0.3902, 0.0539, -0.0262, -0.2287|17260|0.6062, -0.9650, -0.3030, -0.0986, -0.5229, -0.4287, -0.1857, -0.3051|2120.6
20|0.9720, -1.0000, -0.2363, -0.0317, -0.3902, -0.2641, -0.0262, -0.2287|9080|0.6487, -0.9716, -0.2702, -0.0915, -0.4996, -0.3977, -0.1567, -0.2732|1994.6
21|0.9720, -1.0000, -0.2363, -0.0317, -0.3902, -0.2641, -0.0262, -0.2287|8300|0.6855, -0.9305, -0.2716, -0.0692, -0.4788, -0.3890, -0.1532, -0.2483|1977.4
22|0.9720, -1.0000, -0.0542, -0.0317, -0.3902, -0.2641, -0.0262, -0.0648|17260|0.7269, -0.9404, -0.2704, -0.0625, -0.4806, -0.3419, -0.1681, -0.2573|2576.0
23|0.6947, -1.0000, -0.2980, -0.0317, -0.7766, -0.5257, -0.4962, -0.4553|9660|0.7793, -0.9762, -0.2511, -0.0597, -0.4404, -0.3333, -0.1686, -0.2558|2689.4
24|0.8433, -1.0000, -0.2363, -0.2050, -0.3902, -0.2641, -0.0262, -0.2287|11120|0.8247, -0.9075, -0.2540, -0.0800, -0.4039, -0.3301, -0.1560, -0.2576|2627.8
25|0.4883, -1.0000, -0.2363, -0.0317, -0.3902, -0.2641, -0.0262, -0.2287|11960|0.8237, -0.9877, -0.2323, -0.0733, -0.3666, -0.3221, -0.1620, -0.2420|2959.2
26|0.9720, -1.0000, -0.2363, -0.0317, 0.0072, -0.2641, -0.0262, -0.2287|13680|0.8066, -0.9914, -0.2329, -0.0890, -0.3227, -0.3119, -0.0913, -0.2491|2684.2
27|0.9720, -1.0000, -0.2363, -0.0371, 0.0072, -0.2641, -0.0262, -0.2287|12100|0.7715, -0.9971, -0.2330, -0.0948, -0.3308, -0.2920, -0.0926, -0.2492|2935.4
28|0.8433, -1.0000, -0.2980, -0.2050, -0.5541, -0.2641, -0.0262, -0.2287|11480|0.7822, -1.0000, -0.2307, -0.0963, -0.3295, -0.2925, -0.0597, -0.2504|3028.2
29|0.9720, -1.0000, -0.2802, -0.2431, 0.0072, -0.3131, -0.0262, -0.2712|11180|0.8097, -1.0000, -0.2249, -0.1143, -0.3367, -0.2823, -0.0402, -0.2432|2999.4
30|0.4883, -1.0000, -0.2363, -0.2050, -0.3902, -0.3757, -0.0262, -0.2287|10580|0.7686, -1.0000, -0.2495, -0.1251, -0.3140, -0.2768, -0.0269, -0.2465|3073.6
31|0.9720, -1.0000, -0.2802, -0.2431, 0.0072, -0.3131, -0.0262, -0.2712|11040|0.7689, -1.0000, -0.2518, -0.1244, -0.3234, -0.2837, -0.0265, -0.2409|3319.4
32|0.4883, -1.0000, -0.2363, -0.0317, 0.0072, -0.2641, -0.0262, -0.2287|11400|0.7641, -1.0000, -0.2511, -0.1262, -0.2794, -0.2802, -0.0263, -0.2298|3310.4
