1|0.3331, -1.0000, -0.9800, -0.9584, 0.0884, -0.9242, -0.1070, 0.7328|1760|0.0112, -0.0322, -0.2231, -0.2759, -0.0518, -0.0241, -0.0294, 0.0283|176.0
2|-0.1944, -0.7295, -0.6133, -1.0000, 0.7982, -0.0500, -0.0511, 0.2570|1400|0.1269, -0.1380, -0.2627, -0.4183, -0.2720, -0.0875, -0.0291, -0.0116|198.6
3|0.2417, -1.0000, -0.7112, -0.1081, -0.9872, -1.0000, -0.8935, 0.5319|2660|0.1107, -0.2567, -0.4274, -0.4908, -0.3597, -0.2573, -0.1487, 0.0876|318.6
4|0.2367, -0.7257, -0.6266, -0.9517, 0.0641, 0.0058, -0.0777, 0.9693|4540|0.1153, -0.3780, -0.5485, -0.6665, -0.3088, -0.1098, 0.0316, 0.0224|537.0
5|0.1540, -1.0000, -0.4747, -0.1081, -0.1622, 0.0058, -0.9606, 0.0392|2660|0.0788, -0.1153, -0.6665, -0.7775, -0.3057, -0.1930, 0.0185, 0.2178|403.8
6|0.2540, -0.7626, -0.7473, -1.0000, 0.0711, 0.1362, -0.0816, 0.5588|2860|0.0766, -0.3845, -0.6983, -0.7413, -0.2751, -0.1399, -0.0068, 0.2708|544.8
7|0.1540, -1.0000, -0.4747, -0.1081, 0.0171, 0.0058, -0.9606, 0.0392|4900|0.1334, -0.4215, -0.6116, -0.5332, -0.1784, -0.2778, -0.0818, 0.1016|637.2
8|0.2540, -0.7626, -0.7473, -1.0000, 0.0739, 0.1362, 0.0072, 0.1616|3540|0.1139, -0.4276, -0.6572, -0.7242, -0.1166, -0.1878, -0.1246, 0.1318|671.0
9|-0.0762, -1.0000, -0.6133, -0.8219, 0.0171, 0.0518, 0.3959, 0.6192|3840|0.1704, -0.0791, -0.6725, -0.8195, -0.0536, -0.1848, -0.0688, 0.1443|614.0
10|0.1931, -1.0000, -0.5681, -0.1125, 0.0562, 0.0060, 0.0055, 0.0408|7300|0.1530, -0.4592, -0.6030, -0.8828, -0.0445, -0.1360, -0.0054, 0.1779|833.8
11|0.1931, -1.0000, -0.5681, -0.1125, 0.0562, 0.0060, 0.0055, 0.0408|16500|0.1377, -0.5201, -0.5679, -0.8042, -0.0084, -0.0810, -0.0238, 0.1194|927.0
12|0.1931, -1.0000, -0.5681, -0.1125, 0.0562, -0.0055, 0.0055, 0.0408|16080|0.1342, -0.5895, -0.5775, -0.6338, 0.0236, -0.0775, -0.0588, 0.2213|944.0
13|0.1931, -1.0000, -0.7899, -0.1125, 0.0562, -0.0055, 0.0055, 0.0408|11860|0.1362, -0.5979, -0.6700, -0.6328, -0.0230, -0.0558, -0.0933, 0.2044|1077.0
14|0.1931, -1.0000, -0.7899, -0.1125, 0.0562, -0.0055, 0.0055, 0.0408|11100|0.1458, -0.7762, -0.5623, -0.6090, -0.0129, -0.0311, -0.0887, 0.2125|976.2
15|0.1931, -1.0000, -0.5681, -0.1125, 0.0165, -0.0066, 0.0055, -0.0112|13320|0.1519, -0.8033, -0.7085, -0.6248, -0.0424, -0.0494, -0.0850, 0.2382|1491.8
16|0.1931, -1.0000, -0.5681, -0.1125, 0.0165, -0.0066, -0.0066, -0.0112|14460|0.1344, -0.8159, -0.6947, -0.6477, -0.0563, -0.0429, -0.0976, 0.1098|2280.6
17|0.2595, -1.0000, -0.3285, -0.1179, 0.0174, -0.0069, 0.0058, -0.0117|51880|0.1556, -0.6500, -0.6941, -0.5606, -0.0526, -0.0186, -0.0292, 0.0898|2736.8
18|0.2363, -0.7083, -0.0744, -0.1125, 0.0165, -0.0007, 0.0097, 0.0719|151380|0.2217, -0.6716, -0.5801, -0.3911, -0.0092, -0.0113, -0.0211, 0.0584|4967.4
19|0.3025, -1.0000, -0.0744, -0.1980, 0.0566, -0.0008, 0.0055, 0.0719|38360|0.2048, -0.8115, -0.5189, -0.3306, -0.0200, -0.0100, -0.0096, 0.0310|4073.2
20|0.2363, -0.7083, -0.0744, -0.1125, 0.0165, -0.0007, 0.0097, 0.0719|415980|0.1874, -0.8945, -0.4862, -0.2808, 0.0077, -0.0000, -0.0215, 0.0238|12348.0
21|0.2363, -0.7083, -0.0744, -0.1125, 0.0165, -0.0007, 0.0097, 0.0719|178760|0.1962, -0.8887, -0.4463, -0.2263, 0.0170, -0.0031, -0.0245, 0.0372|15432.2
22|0.2285, -1.0000, -0.0780, -0.1125, 0.0179, -0.0003, 0.0097, -0.0117|239000|0.2051, -0.8696, -0.4045, -0.1481, 0.0209, -0.0044, -0.0234, 0.0288|20334.6
23|0.2595, -1.0000, -0.0744, -0.1125, 0.0165, -0.0007, 0.0058, 0.0719|283400|0.2385, -0.8917, -0.3180, -0.1293, 0.0243, -0.0059, -0.0169, 0.0349|35808.2
24|0.2363, -0.7083, -0.0744, -0.1125, 0.0165, -0.0007, 0.0097, 0.0719|389700|0.2573, -0.8650, -0.1571, -0.1186, 0.0231, -0.0034, -0.0114, 0.0448|48149.6
25|0.3336, -1.0000, -0.0165, -0.1588, 0.0253, -0.0010, 0.0137, 0.1015|218300|0.1232, -0.9598, -0.0946, -0.1132, 0.0227, -0.0020, 0.0060, 0.0687|25901.0
26|0.2363, -1.0000, -0.0744, -0.1126, 0.0165, -0.0007, 0.0097, 0.0719|230260|0.2300, -0.9443, -0.0788, -0.1274, 0.0238, -0.0019, 0.0022, 0.0605|46610.0
27|0.3336, -1.0000, -0.0165, -0.1588, 0.0253, -0.0010, 0.0141, 0.1015|619500|0.2636, -0.9427, -0.0683, -0.1352, 0.0081, -0.0025, 0.0080, 0.0588|68703.8
28|0.3336, -1.0000, -0.0165, -0.1125, 0.0165, -0.0007, 0.0078, 0.1015|455440|0.2931, -0.9504, -0.0614, -0.1273, 0.0137, -0.0020, 0.0079, 0.0498|67784.6
29|0.3336, -1.0000, -0.0165, -0.1125, 0.0165, -0.0007, 0.0078, 0.1015|844640|0.3228, -0.9825, -0.0556, -0.1379, 0.0108, -0.0017, 0.0081, 0.0614|84469.8
30|0.1931, -1.0000, -0.0165, -0.1125, 0.0165, -0.0007, 0.0097, 0.0719|565020|0.3262, -0.9591, -0.0541, -0.1431, 0.0130, -0.0018, 0.0073, 0.0793|86570.4
31|0.3336, -1.0000, -0.0165, -0.1125, 0.0253, -0.0062, -0.0066, 0.0719|732940|0.3269, -0.9854, -0.0460, -0.1389, 0.0138, -0.0018, 0.0078, 0.0809|95748.4
32|0.3336, -1.0000, -0.0165, -0.1125, 0.0253, -0.0062, -0.0066, 0.0719|344120|0.3391, -0.9942, -0.0452, -0.1305, 0.0187, -0.0023, 0.0063, 0.0701|84966.4
