1|0.9362, -0.6726, -0.0611, -0.4391, -1.0000, 0.1440, -0.7747, 0.5669|1980|0.2360, 0.1507, -0.4487, -0.0356, -0.1239, 0.1200, 0.2912, -0.1092|126.8
2|0.5512, -0.9468, -1.0000, -0.6931, 0.7392, -0.8792, -0.8261, -0.2875|1920|0.2054, -0.1561, -0.6127, -0.4628, -0.0901, -0.1870, 0.0001, -0.1448|237.8
3|0.3839, -0.0651, -1.0000, -0.7269, 0.0473, 0.2788, 0.3635, 1.0000|2340|0.1492, -0.1909, -0.2183, -0.6095, -0.1474, -0.2738, -0.1455, 0.0039|311.8
4|-0.3602, -0.2645, -1.0000, -0.9651, 0.0961, -0.0314, -0.1211, 0.4263|2380|0.4412, 0.0037, -0.4939, -0.6652, -0.3951, -0.2632, -0.2039, 0.3246|465.4
5|0.9362, -0.6726, -1.0000, -0.9651, 0.0961, 0.1440, -0.7747, 0.4263|2640|0.4503, -0.0726, -0.5646, -0.7201, -0.4898, -0.1769, -0.2500, 0.4193|526.6
6|0.3839, -0.0651, -1.0000, -0.7269, 0.0473, 0.2788, 0.3635, 1.0000|1740|0.5761, -0.1511, -0.5482, -0.5450, -0.5522, -0.0889, -0.3090, 0.3914|376.6
7|0.9362, -0.6726, -1.0000, -0.9651, 0.0961, 0.1440, -0.7747, 0.4263|3740|0.6407, -0.0244, -0.6671, -0.7987, -0.4286, -0.1360, -0.2093, 0.4320|655.0
8|0.7248, -0.6726, -0.5233, -0.1189, -0.5420, -1.0000, -0.7747, 0.5669|2500|0.6666, -0.1932, -0.5247, -0.7683, -0.3799, -0.1870, -0.2787, 0.4059|632.2
9|0.9362, -0.6726, -0.0611, -0.4391, 0.0961, 0.1440, 0.3121, 0.4263|5100|0.6854, -0.1956, -0.5838, -0.7141, -0.4325, -0.2280, -0.2568, 0.4873|709.4
10|0.9362, -0.6726, -0.0611, -0.4391, 0.0961, 0.1440, 0.3121, 0.4263|5080|0.6808, -0.2929, -0.5895, -0.7146, -0.4007, -0.1958, -0.2173, 0.4812|709.2
11|0.9362, -0.6726, -0.0611, -0.4391, 0.0961, 0.1440, 0.3121, 0.4263|6300|0.6298, -0.3782, -0.6549, -0.7102, -0.3994, -0.2084, -0.1477, 0.4696|803.8
12|0.9323, -0.6726, -0.6152, -1.0000, 0.0473, 0.0345, 0.3635, 1.0000|2960|0.7365, -0.4090, -0.6732, -0.6809, -0.2992, -0.2754, -0.2624, 0.4367|840.4
13|0.9362, -0.6726, -0.0611, -0.4391, 0.0961, 0.1440, 0.3121, 0.4263|4280|0.7573, -0.5294, -0.6225, -0.6193, -0.2960, -0.3725, -0.4674, 0.3308|1023.6
14|0.9362, -0.6726, -0.0611, -0.4391, 0.0961, 0.1440, 0.3121, 0.4263|6760|0.8028, -0.5732, -0.4510, -0.5477, -0.2880, -0.1109, -0.4238, 0.3233|958.2
15|0.9362, -0.6726, -0.0611, -0.4391, 0.0961, 0.1440, 0.3121, 0.4263|6660|0.7847, -0.5250, -0.6094, -0.6182, -0.2738, -0.3259, -0.3991, 0.3081|1162.2
16|0.9362, -0.6726, -0.0611, -0.4391, 0.0961, 0.1440, 0.3121, 0.4263|5160|0.8683, -0.6091, -0.5862, -0.6605, -0.2418, -0.2453, -0.3413, 0.3471|1268.2
17|0.9362, -0.6726, -0.0611, -0.4391, 0.0961, 0.1440, 0.3121, 0.4263|6860|0.8799, -0.6785, -0.5458, -0.6318, -0.2035, -0.0861, -0.2866, 0.2647|1287.6
18|0.9362, -0.6726, -0.0611, -0.4391, 0.0961, 0.1440, 0.3121, 0.4263|9780|0.9392, -0.6988, -0.3735, -0.5898, -0.0939, -0.0387, -0.0762, 0.3339|1409.0
19|0.9362, -0.7361, -0.7012, -0.4391, 0.0961, 0.1546, 0.1300, -0.0012|4740|0.9532, -0.7023, -0.3179, -0.5150, -0.1019, -0.0689, -0.0147, 0.2969|1355.4
20|0.9362, -0.6726, -0.0611, -0.4391, 0.0961, 0.1440, 0.3121, 0.4263|5540|0.9333, -0.7054, -0.2457, -0.4705, -0.0984, -0.0483, 0.0248, 0.2933|1683.0
21|0.9362, -0.7361, -0.6767, -0.4391, 0.0961, 0.0345, 0.1300, -0.0012|9340|0.9531, -0.7077, -0.1802, -0.4507, -0.0635, 0.0369, 0.0757, 0.2827|2096.6
22|1.0000, -0.7862, -0.0652, -0.4391, 0.0961, 0.1538, 0.1389, 0.4263|13680|0.9700, -0.7039, -0.0932, -0.4364, -0.0438, 0.1196, 0.1366, 0.3224|2337.2
23|1.0000, -0.7862, -0.0652, -0.4391, 0.0961, 0.1538, 0.1389, 0.4263|6400|0.9687, -0.6914, -0.0859, -0.4448, -0.0041, 0.1374, 0.1830, 0.3637|2123.4
24|0.9362, -0.6726, -0.0611, -0.4391, 0.0961, 0.1440, 0.3121, 0.4263|7280|0.9737, -0.6960, -0.0942, -0.4540, 0.0164, 0.1291, 0.1917, 0.3930|2326.6
25|0.9362, -0.7184, -0.0611, -0.4691, 0.0961, 0.1546, 0.3121, 0.4263|11160|0.9745, -0.7022, -0.0772, -0.4400, 0.0492, 0.1398, 0.1853, 0.3966|2608.2
26|1.0000, -0.7862, -0.0652, -0.4391, 0.0961, 0.1538, 0.1389, 0.4263|7100|0.9680, -0.7014, -0.0607, -0.4376, 0.0696, 0.1451, 0.1647, 0.4175|2432.4
27|1.0000, -0.7588, -0.0611, -0.4391, 0.0961, 0.0712, 0.3121, 0.4263|10800|0.9686, -0.6925, -0.0608, -0.4451, 0.0833, 0.1443, 0.1900, 0.4306|2730.8
28|0.9362, -0.7862, -0.0611, -0.4391, 0.0961, 0.1538, 0.1389, 0.4263|8760|0.9693, -0.7028, -0.0599, -0.4360, 0.0897, 0.1463, 0.1875, 0.4289|2721.2
29|1.0000, -0.7862, -0.0652, -0.4391, 0.0961, 0.1538, 0.1389, 0.4263|12740|0.9685, -0.7128, -0.0619, -0.4418, 0.0962, 0.1435, 0.2258, 0.4280|3095.4
30|1.0000, -0.7862, -0.0652, -0.4391, 0.0961, 0.1538, 0.1389, 0.4263|8920|0.9712, -0.7259, -0.0621, -0.4412, 0.0961, 0.1424, 0.2100, 0.4280|3059.8
31|0.9362, -0.7862, -0.0652, -0.4391, 0.0961, 0.1538, 0.3121, 0.4263|14520|0.9719, -0.7217, -0.0621, -0.4409, 0.0962, 0.1442, 0.1968, 0.4280|3440.8
32|1.0000, -0.7862, -0.0652, -0.4391, 0.0961, 0.1538, 0.1389, 0.4263|12420|0.9688, -0.7454, -0.0625, -0.4403, 0.0963, 0.1401, 0.1762, 0.4292|3436.4
