1|0.0457, -0.5600, -1.0000, -0.5052, 0.1911, -0.2637, 0.0905, 0.7211|1400|-0.0961, -0.1012, -0.1581, -0.0460, 0.0374, -0.1196, 0.0997, -0.1020|106.8
2|1.0000, -0.1939, -0.5228, -0.7686, 0.5098, -0.4643, 1.0000, -0.7127|1520|0.0388, -0.0817, -0.2836, -0.2720, -0.0102, -0.2057, 0.1379, 0.0221|189.8
3|-0.2635, -1.0000, -0.8164, -0.7686, 0.5098, -0.9954, 0.9287, 0.1895|2320|-0.0049, -0.1488, -0.4462, -0.4696, 0.0172, -0.2732, 0.2358, 0.0438|262.2
4|0.0457, -0.5600, -1.0000, -0.5052, 0.1911, -0.2637, 0.0905, 0.7211|2340|0.1199, -0.2677, -0.5855, -0.6861, 0.1259, -0.3418, 0.3045, 0.0751|369.8
5|-0.0473, -0.2212, -1.0000, -0.5052, -0.1935, -0.5592, 0.0905, 0.7211|2300|0.1881, -0.3540, -0.6501, -0.7122, -0.0275, -0.3890, 0.1598, 0.0542|548.2
6|0.5921, -0.5600, -0.8164, -1.0000, 0.1911, -0.2637, 0.0905, 0.1895|2500|0.2141, -0.1229, -0.6896, -0.6614, -0.2457, -0.4886, 0.2273, 0.0474|479.2
7|0.6482, 0.7004, -0.9576, -0.5688, -0.1935, -0.6787, 0.9329, 0.1903|2160|0.4536, -0.2389, -0.6976, -0.7529, -0.1354, -0.3838, 0.0574, 0.0486|563.0
8|1.0000, -1.0000, -0.9078, -1.0000, 0.2272, 0.4579, 0.0905, 0.0084|4340|0.5531, -0.2968, -0.7876, -0.7828, -0.1454, -0.3208, -0.0129, 0.0425|731.8
9|0.5921, -0.5600, -0.4118, -0.5052, -0.9801, -0.2637, 0.0905, 0.1895|2220|0.5921, -0.3804, -0.7100, -0.7660, -0.1205, -0.3151, 0.0336, 0.0498|715.6
10|1.0000, -0.5600, -1.0000, -0.5052, 0.1911, -0.2637, 0.0905, -0.7127|4180|0.7005, -0.4297, -0.7205, -0.7965, -0.1097, -0.2918, -0.0098, -0.0269|913.2
11|1.0000, -0.5600, -1.0000, -0.5052, 0.1911, -0.2637, 0.0905, -0.7127|3560|0.7368, -0.4908, -0.7139, -0.7761, -0.0510, -0.2961, -0.1398, -0.0570|853.0
12|0.7253, -1.0000, -0.9078, -1.0000, -0.0806, -0.5687, 0.0905, 0.0476|5440|0.7736, -0.5296, -0.7046, -0.7859, -0.0312, -0.2993, -0.1224, -0.0386|844.8
13|0.7253, -0.6859, -1.0000, -0.6188, 0.2341, -0.4599, 0.0736, 0.2966|3260|0.7933, -0.6203, -0.7143, -0.7425, -0.0073, -0.2749, -0.1420, -0.1234|943.0
14|1.0000, -0.6416, -0.4118, -0.5052, 0.1911, -0.3754, 0.0684, 0.1895|4980|0.8431, -0.6532, -0.6776, -0.7317, -0.0463, -0.3201, -0.1425, -0.0928|972.8
15|1.0000, -1.0000, -1.0000, -0.5052, 0.1911, -0.2637, 0.0905, 0.0084|4760|0.9008, -0.6839, -0.7350, -0.7049, -0.0022, -0.3129, -0.0775, -0.2047|1203.8
16|0.7253, -1.0000, -0.4118, -0.5052, 0.1911, -0.3754, 0.0905, 0.1895|8080|0.8818, -0.7109, -0.6356, -0.6901, 0.0385, -0.3057, -0.0195, -0.1417|1271.4
17|0.5921, -0.5600, -0.8164, -0.5052, -0.1935, -0.0640, 0.1317, 0.1895|6240|0.8175, -0.6940, -0.6728, -0.6975, 0.0323, -0.2816, -0.0117, -0.0933|1208.8
18|0.5921, -1.0000, -0.4118, -0.5052, 0.1911, -0.2743, 0.0905, 0.1895|4780|0.8288, -0.6823, -0.6744, -0.6757, 0.0587, -0.2367, 0.0077, -0.0601|991.6
19|1.0000, -0.6416, -0.4118, -0.5052, 0.2341, -0.4599, 0.0736, 0.2966|5020|0.8586, -0.6702, -0.6428, -0.6399, 0.0754, -0.2704, 0.0008, 0.0714|1383.4
20|0.5921, -1.0000, -0.4118, -0.5052, 0.1911, -0.2743, 0.0905, 0.1895|5360|0.8222, -0.6400, -0.6204, -0.6131, 0.0762, -0.2920, 0.0198, 0.0939|1201.8
21|1.0000, -0.6416, -0.4118, -0.5052, 0.1911, -0.3256, 0.0684, 0.2421|6420|0.7332, -0.7253, -0.6221, -0.6448, 0.0445, -0.2947, 0.0439, 0.0774|1578.4
22|0.5921, -1.0000, -0.6419, -0.5052, 0.2097, -0.6241, 0.1411, 0.1669|7860|0.7433, -0.7640, -0.5985, -0.6249, 0.0617, -0.2548, 0.0559, 0.1398|1757.8
23|0.5921, -1.0000, -0.4118, -0.5052, 0.1911, -0.2743, 0.0905, 0.1895|5740|0.7447, -0.7317, -0.5644, -0.5988, 0.1060, -0.2872, 0.0795, 0.1311|1461.8
24|1.0000, -1.0000, -0.4118, -0.6188, 0.1911, -0.3754, 0.0905, 0.2421|5840|0.8110, -0.8121, -0.5646, -0.5955, 0.1192, -0.2601, 0.0761, 0.0528|1740.6
25|1.0000, -1.0000, -0.4118, -0.5052, 0.1911, -0.1637, -0.0530, 0.1895|10160|0.8598, -0.8310, -0.5467, -0.5321, 0.1014, -0.2792, 0.0912, 0.1217|2012.6
26|0.5921, -1.0000, -0.4118, -0.5052, 0.1911, -0.2743, 0.0905, 0.1895|5740|0.7622, -0.8641, -0.5013, -0.5365, 0.0633, -0.2808, 0.0887, 0.1722|1946.4
27|1.0000, -1.0000, -0.4118, -0.5052, 0.1911, -0.1637, -0.0530, 0.1895|11200|0.8326, -0.8964, -0.4840, -0.5530, 0.0824, -0.2667, 0.0859, 0.1618|2366.2
28|0.5921, -0.9457, -1.0000, -0.5052, -0.0015, 0.1740, 0.1411, 0.2612|13180|0.8239, -0.9272, -0.4829, -0.5346, 0.0955, -0.2348, 0.0796, 0.1419|2108.4
29|0.5921, -0.9457, -1.0000, -0.5052, -0.0015, 0.1740, 0.1411, 0.2612|10640|0.9132, -0.9420, -0.4772, -0.5315, 0.0551, -0.2728, 0.0717, 0.1320|2538.6
30|1.0000, -1.0000, -0.4118, -0.5052, 0.1911, -0.3256, 0.0905, 0.2421|10500|0.8793, -0.9799, -0.4522, -0.5197, 0.0677, -0.2315, 0.0823, 0.1303|2567.4
31|0.5921, -0.9457, -0.4118, -0.5052, -0.0015, 0.0806, 0.0905, 0.1895|14080|0.8263, -0.9392, -0.4286, -0.5179, 0.1005, -0.1635, 0.0702, 0.1368|2820.8
32|0.8167, -1.0000, -0.3364, -0.4126, -0.0013, 0.1421, 0.0739, 0.2133|22840|0.7995, -0.9875, -0.3879, -0.4909, 0.0897, -0.1226, 0.0618, 0.1574|3218.8
