1|0.2814, -0.5656, -0.3237, -0.0598, -0.1380, -0.7720, -1.0000, -0.2957|1160|0.2177, -0.0902, -0.1189, 0.0393, 0.0068, -0.0364, -0.1381, -0.0321|66.4
2|1.0000, -0.5656, -0.7903, -0.0598, -0.9802, -0.7720, -0.7826, 0.3161|1340|0.2549, -0.0540, -0.2799, -0.1186, -0.1250, -0.1415, -0.2770, -0.1234|154.8
3|0.3378, -0.5656, -0.7903, -0.0598, -0.1380, -0.1531, -1.0000, -0.2957|1560|0.1141, -0.0820, -0.3308, -0.2894, -0.1458, -0.2191, -0.2129, -0.1905|206.0
4|0.1616, -0.7933, -1.0000, -0.7286, -0.0668, -0.3457, 0.4283, -0.0908|2200|0.1809, -0.1125, -0.4485, -0.5337, -0.1280, -0.2941, -0.1873, -0.1204|394.4
5|0.1616, -0.7933, -1.0000, -0.7286, -0.0668, -0.3457, 0.4283, -0.0908|2880|0.2893, -0.2991, -0.6243, -0.5850, -0.2055, -0.4335, -0.1095, -0.0529|453.0
6|0.9564, -0.6063, -0.0135, -0.3617, -1.0000, 0.0116, 0.2430, -0.1850|2640|0.2896, -0.3661, -0.5142, -0.6445, -0.1044, -0.3655, -0.0299, -0.0408|523.4
7|0.0065, -0.4123, -0.9435, -1.0000, 0.0382, -0.3457, -0.9780, -0.1093|3440|0.3555, -0.4688, -0.4831, -0.6073, -0.2591, -0.3683, 0.0186, 0.0528|496.8
8|1.0000, -0.2676, -1.0000, -1.0000, 0.0119, -0.1181, 0.4714, -0.1200|3880|0.3132, -0.4017, -0.6138, -0.6583, -0.1704, -0.4101, 0.0157, -0.0014|624.4
9|0.1616, -0.6063, -1.0000, -0.7353, -0.3149, -0.1181, 0.2430, -0.0483|2440|0.3825, -0.4162, -0.6472, -0.7043, -0.1372, -0.4150, 0.0077, 0.0234|597.6
10|-0.2068, -0.5656, -0.9146, -1.0000, 0.3077, -0.1033, -0.1025, -0.3694|3440|0.2774, -0.5423, -0.6812, -0.7447, -0.2122, -0.4030, -0.0287, 0.0134|682.6
11|0.4441, -0.6041, -1.0000, -0.0872, -0.5329, -0.1519, -0.1044, 0.3161|2440|0.2428, -0.6172, -0.6870, -0.6785, -0.2500, -0.4309, -0.0809, -0.0421|655.6
12|0.1616, -0.9815, -1.0000, -0.6446, 0.0382, 0.4241, -0.5614, 0.1174|4000|0.2682, -0.5877, -0.8075, -0.6794, -0.3111, -0.2918, -0.1291, -0.0261|810.8
13|0.4441, -0.9815, -1.0000, -0.7353, 0.0382, 0.4241, 0.2430, -0.0174|3760|0.3036, -0.6641, -0.8075, -0.6641, -0.2467, -0.2326, -0.1566, -0.0173|818.2
14|0.1616, -0.1942, -1.0000, -0.6808, 0.3781, 0.0024, 0.4714, -0.0142|2800|0.2859, -0.5483, -0.8016, -0.6684, -0.1728, -0.2209, -0.0924, -0.0317|707.2
15|0.1205, -0.7319, -1.0000, -0.4807, 0.0285, 0.3518, -0.2246, 0.0972|3940|0.2976, -0.6784, -0.7262, -0.6125, -0.0998, -0.3014, -0.0533, -0.0538|836.4
16|0.1646, -0.9815, -1.0000, -1.0000, 0.0389, 0.4321, 0.2114, 0.1174|3500|0.2994, -0.6284, -0.7160, -0.4974, -0.2364, -0.2716, -0.0418, -0.0377|826.6
17|0.2157, -0.9815, -0.7686, -1.0000, 0.3561, 0.6279, 0.1625, 0.0902|3360|0.3180, -0.6999, -0.7886, -0.6394, -0.2331, -0.1445, -0.0080, -0.0486|828.2
18|0.2157, -0.9815, -0.7686, -1.0000, 0.3561, -0.8632, 0.1625, 0.0902|6060|0.3591, -0.6800, -0.7155, -0.6783, -0.1398, -0.2266, -0.0402, -0.0684|944.8
19|1.0000, -0.5076, -1.0000, -1.0000, 0.0285, 0.3518, 0.4714, -0.0806|3620|0.3667, -0.7897, -0.6013, -0.7200, -0.0963, -0.2234, 0.0296, -0.0705|830.6
20|0.1303, -0.7918, -0.8797, -0.8067, 0.2347, -0.1336, 0.4749, -0.1984|5920|0.4511, -0.8396, -0.6414, -0.7416, -0.1281, -0.1949, 0.0840, -0.0654|959.2
21|0.9528, -0.9352, -0.4559, -0.0019, -0.0777, -0.9962, -0.5149, -0.1321|4060|0.5381, -0.8335, -0.6359, -0.7073, -0.1291, -0.2933, 0.0290, -0.0623|805.8
22|0.0149, -0.9815, -1.0000, -0.7353, 0.2347, -0.1519, 0.2114, -0.1984|4860|0.4490, -0.7944, -0.6613, -0.7730, -0.0423, -0.2484, 0.0058, -0.0387|1067.6
23|-0.0182, -0.9001, -1.0000, -0.4929, 0.2668, -0.2217, 0.0947, -0.2255|6460|0.4665, -0.8167, -0.7694, -0.7249, 0.0075, -0.2704, 0.1020, -0.0537|1223.0
24|1.0000, -0.9001, -1.0000, -0.7820, 0.2668, -0.2217, 0.0947, 0.1018|3840|0.4142, -0.8048, -0.8265, -0.7324, 0.0076, -0.2909, 0.0572, -0.0354|1023.4
25|0.7240, -1.0000, -1.0000, -0.4929, -0.0075, 0.0022, -0.1788, -0.0028|6140|0.4633, -0.8529, -0.8550, -0.8152, -0.0032, -0.1992, 0.1069, 0.0000|1150.2
26|1.0000, -1.0000, -1.0000, -0.4929, -0.0075, 0.3518, 0.4714, 0.2969|20280|0.5685, -0.8971, -0.8639, -0.8339, -0.0123, -0.1282, 0.0637, 0.0143|1367.6
27|-0.0205, -0.7435, -1.0000, -0.7255, -0.0075, -0.2492, 0.2430, 0.0468|5980|0.6745, -0.8768, -0.9082, -0.8033, 0.0042, -0.0972, 0.1171, 0.0294|1549.6
28|0.7240, -1.0000, -1.0000, -0.4929, -0.0075, -0.1519, -0.2009, -0.0028|6020|0.6264, -0.9007, -0.9217, -0.7902, 0.0127, -0.0842, 0.1164, 0.0101|1433.0
29|0.0149, -0.9815, -1.0000, -0.4929, 0.2347, 0.0022, 0.2114, -0.0028|12300|0.6331, -0.8184, -0.9263, -0.6921, 0.0223, -0.0104, 0.0988, 0.0263|1718.8
30|0.7240, -1.0000, -1.0000, -0.4929, -0.0075, 0.0022, -0.1788, -0.0028|6040|0.6234, -0.9177, -0.9500, -0.6887, 0.0372, -0.0609, 0.0979, 0.0446|1455.0
31|0.7240, -1.0000, -1.0000, -0.4929, -0.0075, -0.1519, -0.2009, -0.0028|6660|0.6079, -0.8857, -0.9457, -0.6793, 0.0360, -0.0967, 0.0937, 0.0412|1657.8
32|0.7240, -1.0000, -1.0000, -0.4929, -0.0075, -0.1519, -0.2009, -0.0028|5540|0.7021, -0.9117, -0.9618, -0.6738, 0.0278, -0.1106, 0.1091, 0.0361|1746.0
