1|0.4770, -0.6137, -1.0000, -0.2052, -0.1922, 0.2021, -0.4224, 0.0630|1740|0.0541, -0.1488, 0.0390, -0.0295, -0.0933, -0.0760, 0.0972, 0.1221|91.2
2|0.9120, -1.0000, -1.0000, -0.8558, 0.0161, 0.4152, 0.3124, 0.2509|7040|0.1499, -0.1735, -0.1085, -0.1224, -0.1233, -0.0381, 0.1160, -0.0038|263.0
3|0.8601, -1.0000, -1.0000, -0.8558, 0.0161, 0.4152, 0.3124, 0.2509|5840|0.2121, -0.2757, -0.3564, -0.3971, -0.1125, -0.1063, 0.0426, -0.0350|441.0
4|0.9692, -1.0000, -0.9529, -0.8558, 0.0483, 0.3558, -0.7026, 0.3810|4060|0.3614, -0.3490, -0.5735, -0.4426, -0.1137, -0.0027, -0.0152, -0.0123|455.2
5|0.8601, -1.0000, -1.0000, -0.8558, 0.0161, 0.4152, 0.3124, 0.2509|5420|0.4477, -0.4114, -0.7460, -0.6223, -0.1266, -0.1150, 0.0006, -0.0534|785.0
6|0.1700, -1.0000, -0.4359, -0.4491, -0.1478, -0.5974, -0.1820, 0.6704|3260|0.1323, -0.5667, -0.4991, -0.4643, -0.1466, -0.0583, 0.0002, -0.0022|537.8
7|0.7772, -1.0000, -1.0000, -0.8558, -0.1922, 0.3293, 0.3124, 0.2509|4240|0.3619, -0.6669, -0.7496, -0.6517, -0.1318, -0.1656, -0.0084, 0.0191|833.6
8|0.8601, -1.0000, -1.0000, -0.8558, 0.0161, 0.4152, 0.3124, 0.2509|6060|0.4298, -0.7206, -0.7919, -0.7141, -0.0955, -0.1124, 0.0381, -0.0170|1039.4
9|0.7437, -1.0000, -0.7437, -0.8558, -0.3144, 0.4461, 0.5118, -0.0697|5000|0.4523, -0.8645, -0.8385, -0.7222, -0.0830, -0.0944, 0.0796, -0.0107|1142.8
10|0.8601, -1.0000, -1.0000, -0.8558, 0.0161, 0.4152, 0.3124, 0.2509|6660|0.4811, -0.9046, -0.7910, -0.7392, -0.0782, -0.0295, 0.0811, -0.0217|1421.8
11|0.8601, -1.0000, -1.0000, -0.8558, 0.0161, 0.4152, 0.3124, 0.2509|4360|0.6006, -0.9256, -0.8269, -0.7230, -0.1055, 0.0290, 0.1364, 0.0400|1298.6
12|0.8601, -1.0000, -1.0000, -0.8558, 0.0161, 0.4152, 0.3124, 0.2509|4240|0.5914, -0.9209, -0.7912, -0.8017, -0.1181, 0.0534, 0.1586, 0.1963|1173.6
13|0.4974, -1.0000, -0.4359, -0.4044, -0.1922, -0.4389, -0.1472, 0.2509|4820|0.6676, -0.8624, -0.8390, -0.7692, -0.0936, -0.0185, 0.1520, 0.1679|1270.0
14|0.8601, -1.0000, -1.0000, -0.8558, 0.0161, -0.4925, 0.4789, 0.2509|6300|0.6674, -0.9169, -0.8513, -0.7600, -0.1082, 0.0147, 0.1829, 0.1752|1453.6
15|0.8601, -1.0000, -1.0000, -0.3344, -0.1922, 0.4152, 0.3124, 0.2509|6200|0.7368, -0.9339, -0.8383, -0.6995, -0.1121, 0.0158, 0.2323, 0.1982|1528.2
16|0.5306, -1.0000, -0.6827, -0.3694, -0.1312, 0.0855, -0.1792, 0.6635|5360|0.7370, -0.9321, -0.7464, -0.7247, -0.1154, 0.0369, 0.2471, 0.2229|1380.2
17|0.8601, -1.0000, -1.0000, -0.3714, 0.0161, 0.3293, 0.3124, 0.2509|11280|0.7096, -0.9689, -0.8621, -0.7494, -0.1108, 0.0688, 0.2470, 0.1952|1670.8
18|0.8601, -1.0000, -1.0000, -0.3714, 0.0161, 0.3293, 0.3124, 0.2509|7840|0.7706, -0.9719, -0.9002, -0.7504, -0.0825, 0.0474, 0.2446, 0.2249|1686.6
19|0.8601, -1.0000, -0.6827, -0.8558, -0.1922, 0.2248, 0.3038, -0.0750|9000|0.7770, -0.9719, -0.9467, -0.6906, -0.0816, -0.0023, 0.2670, 0.1657|1627.6
20|0.8601, -0.9724, -1.0000, -0.4491, -0.0498, 0.3293, 0.3224, 0.2439|10520|0.6256, -0.9692, -0.9524, -0.6917, -0.0878, -0.0351, 0.2738, 0.2033|1567.8
21|0.8601, -1.0000, -1.0000, -0.4491, -0.0473, 0.4152, 0.3124, 0.1996|6780|0.7241, -0.9873, -0.9739, -0.7388, -0.0796, -0.0635, 0.2762, 0.2004|1358.0
22|0.8601, -1.0000, -1.0000, -0.3714, 0.0161, 0.3293, 0.3124, 0.2509|9240|0.7429, -0.9716, -0.8796, -0.7459, -0.0683, -0.0786, 0.2725, 0.2139|1789.8
23|0.7772, -0.9701, -0.9701, -0.4491, 0.2097, 0.0855, 0.0094, 0.6437|6580|0.7335, -0.9917, -0.9610, -0.7594, -0.0447, -0.0972, 0.2794, 0.1903|1671.8
24|0.5306, -1.0000, -1.0000, -0.3694, -0.1907, 0.1853, 0.2345, 0.2696|6240|0.7865, -0.9850, -0.9326, -0.7684, -0.0283, -0.1086, 0.2621, 0.1310|1327.2
25|0.5306, -1.0000, -1.0000, -0.8558, -0.1489, -0.4389, 0.3038, 0.1996|5320|0.7796, -0.9679, -0.9493, -0.6067, -0.0535, -0.0358, 0.2806, 0.1340|1375.6
26|0.8601, -1.0000, -1.0000, -0.8558, 0.0156, 0.0047, 0.3124, 0.2509|6360|0.7596, -0.9351, -0.9322, -0.7287, -0.0629, -0.0783, 0.2698, 0.0994|1545.2
27|0.8601, -1.0000, -1.0000, -0.3714, 0.0161, 0.1853, 0.3124, 0.2509|10340|0.7691, -0.9479, -0.9217, -0.7277, -0.0790, -0.1023, 0.2653, 0.1771|1708.6
28|0.8601, -1.0000, -1.0000, -0.3714, 0.0161, 0.1853, 0.3124, 0.2509|10660|0.7896, -0.9612, -0.9550, -0.6922, -0.0807, -0.0557, 0.2415, 0.2148|1907.4
29|0.5306, -0.9724, -0.9701, -0.4491, 0.2097, -0.0291, 0.2345, 0.6437|12400|0.7933, -0.9501, -0.9729, -0.6642, -0.0787, 0.0026, 0.2492, 0.2379|2155.4
30|0.8601, -1.0000, -1.0000, -0.3714, 0.0161, 0.0879, 0.3124, 0.2509|15500|0.7909, -0.9625, -0.9808, -0.6719, -0.0734, -0.0110, 0.2294, 0.2653|2026.6
31|0.8601, -0.9724, -1.0000, -0.8558, -0.1312, 0.3293, 0.3124, 0.6635|8080|0.7479, -0.9491, -0.9899, -0.6893, -0.0840, -0.0310, 0.2250, 0.2870|1812.6
32|0.7993, -1.0000, -1.0000, -0.3714, 0.0161, 0.0879, 0.3124, 0.2509|11260|0.7551, -0.9534, -0.9884, -0.6717, -0.0802, -0.0362, 0.2511, 0.3074|2116.0
