1|0.8671, -1.0000, -0.9974, -0.6417, 0.5051, -0.9683, -0.2603, 0.1059|2400|0.2041, 0.0393, -0.0274, -0.1974, 0.1288, 0.1088, 0.0159, 0.0675|115.6
2|0.0969, -0.4746, -1.0000, -0.9551, 1.0000, -0.0460, 0.9181, -0.3382|2900|0.2975, 0.0076, -0.1548, -0.3593, 0.1078, 0.1819, -0.0472, -0.0037|205.2
3|0.0969, -0.4746, -1.0000, -0.9551, 1.0000, -0.0460, 0.9181, -0.3382|4120|0.3961, -0.1772, -0.3395, -0.5632, 0.0993, 0.0109, 0.0035, -0.1405|347.8
4|0.6249, -0.9175, -0.7149, -1.0000, -0.4963, -0.1513, -0.3552, -0.6078|2700|0.4682, -0.2166, -0.5241, -0.7153, 0.1167, -0.0508, 0.0068, -0.1598|451.0
5|0.0969, -0.9175, -1.0000, -0.9551, 0.3318, -0.0460, 0.1955, -0.3382|3120|0.5554, -0.3094, -0.6208, -0.8157, 0.1380, -0.0392, 0.0298, -0.2836|566.0
6|0.6249, -0.9175, -0.7149, -0.9721, 0.3318, 0.1057, 0.1955, -0.1563|3420|0.5320, -0.3663, -0.6909, -0.8178, -0.0116, -0.0760, 0.0770, -0.2661|724.6
7|1.0000, -0.1301, -0.5526, -0.5058, -0.6499, -0.0040, 0.1721, -0.0186|4000|0.6423, -0.3956, -0.6903, -0.8204, -0.0439, -0.0769, 0.1578, -0.2019|685.8
8|0.6249, -0.9175, -0.7149, -1.0000, -0.5138, -0.1371, -0.1438, 1.0000|4280|0.7736, -0.4276, -0.6717, -0.7979, -0.1465, -0.0661, 0.1757, -0.1530|876.6
9|0.6249, -0.9175, -0.7149, -0.9721, 0.3318, -0.3548, 0.9310, 0.3537|2960|0.7646, -0.5367, -0.6725, -0.7267, -0.1611, -0.0676, 0.2046, -0.0778|750.6
10|1.0000, -1.0000, -0.4080, -0.9721, 0.3616, -0.0057, 0.4429, 0.3422|5100|0.7402, -0.5096, -0.6928, -0.7024, -0.2824, -0.0487, 0.2663, -0.0672|839.4
11|0.6249, -1.0000, -0.2400, -0.9721, 0.3318, -0.0045, 0.1955, -0.1563|3700|0.7990, -0.5036, -0.6971, -0.7104, -0.2274, -0.0506, 0.1881, -0.1052|980.6
12|0.6249, -0.9175, -0.7149, -0.5112, 0.3318, 0.1057, 0.1955, -0.1563|4660|0.8361, -0.5468, -0.6617, -0.6943, -0.2491, -0.0144, 0.1998, -0.0786|1057.0
13|1.0000, -0.9175, -0.5526, -0.5112, 0.3318, 0.1057, 0.1721, -0.1563|6780|0.8163, -0.5849, -0.7133, -0.5555, -0.2889, 0.0055, 0.0554, -0.0248|1312.2
14|1.0000, -0.6354, -1.0000, -0.3458, 0.3318, 0.1057, 0.1192, -0.1826|4680|0.7899, -0.6951, -0.6314, -0.5766, -0.2494, 0.0011, -0.0312, -0.0855|1227.4
15|1.0000, -0.5721, -0.3613, -0.3114, -0.3030, -0.0025, 0.0354, 0.0051|9620|0.8308, -0.6865, -0.6153, -0.4916, -0.1783, 0.0014, -0.0007, -0.1016|1162.6
16|1.0000, -0.9175, -1.0000, -0.3114, -0.3030, -0.0025, -0.3552, 0.0051|6900|0.8685, -0.6967, -0.6438, -0.5383, -0.2348, -0.0036, -0.0590, -0.1008|1386.2
17|1.0000, -1.0000, -0.3613, -0.3114, -0.3030, -0.0025, 0.0354, 0.0075|15840|0.8951, -0.7321, -0.6986, -0.4401, -0.2950, -0.0011, 0.0084, -0.0866|1687.6
18|1.0000, -0.5721, -0.3613, -0.3114, 0.2487, -0.0025, 0.0354, 0.0051|10080|0.9278, -0.7238, -0.6397, -0.4550, -0.2775, -0.0003, 0.0112, -0.0385|1819.0
19|1.0000, -0.6354, -0.3827, -0.3458, -0.3365, -0.0038, 0.1192, 0.0043|12360|0.8819, -0.7397, -0.5653, -0.4326, -0.3376, 0.0035, 0.0632, 0.0060|2025.6
20|1.0000, -1.0000, -0.3613, -0.3114, -0.3030, -0.0025, 0.0354, 0.0075|13860|0.9287, -0.7584, -0.4669, -0.4282, -0.3038, 0.0003, 0.0385, 0.0122|2434.6
21|1.0000, -1.0000, -0.4080, -0.3114, 0.1161, -0.0002, 0.0354, 0.0051|12160|0.9377, -0.8127, -0.4756, -0.4356, -0.2789, 0.0016, 0.0474, 0.0433|2447.8
22|1.0000, -1.0000, -0.3613, -0.4993, -0.3030, -0.0002, 0.0354, 0.3230|9180|0.9167, -0.8490, -0.4445, -0.4266, -0.2590, -0.0005, 0.0518, 0.0566|2662.0
23|1.0000, -1.0000, -0.4080, -0.4993, 0.3318, -0.0025, 0.1955, 0.2229|10480|0.9259, -0.8880, -0.4603, -0.4327, -0.2482, 0.0007, 0.0354, 0.1053|2936.2
24|1.0000, -1.0000, -0.3613, -0.3114, -0.3030, -0.0025, 0.0354, 0.0075|11860|0.9002, -0.9162, -0.3978, -0.4142, -0.2608, -0.0004, 0.0633, 0.1273|2971.6
25|0.9573, -1.0000, -0.3613, -0.1121, -0.3030, -0.0025, 0.0354, 0.0075|27280|0.9306, -0.9568, -0.4380, -0.3506, -0.2899, 0.0005, 0.0622, 0.1362|3619.2
26|1.0000, -1.0000, -0.3613, -0.3458, -0.3030, -0.0002, 0.0354, 0.3230|14740|0.9509, -0.9801, -0.4191, -0.3368, -0.2884, 0.0025, 0.0449, 0.1478|3368.2
27|1.0000, -1.0000, -0.3613, -0.1121, -0.3030, -0.0025, 0.0354, 0.0075|20240|0.9729, -0.9649, -0.3938, -0.3317, -0.3224, -0.0007, 0.0482, 0.1548|3931.8
28|1.0000, -1.0000, -0.3613, -0.3114, -0.3030, -0.0002, 0.0016, 0.3230|11820|0.9665, -0.9949, -0.3877, -0.3202, -0.3256, -0.0010, 0.0376, 0.1575|3863.4
29|0.9573, -1.0000, -0.3613, -0.1121, -0.3030, -0.0025, 0.0354, 0.0075|22680|0.9591, -1.0000, -0.3794, -0.2902, -0.3152, -0.0021, 0.0339, 0.1181|4318.6
30|1.0000, -1.0000, -0.3613, -0.3114, -0.3030, -0.0045, 0.0016, 0.2229|18260|0.9738, -1.0000, -0.3697, -0.2913, -0.3043, -0.0022, 0.0358, 0.1350|4287.6
31|1.0000, -1.0000, -0.3613, -0.3114, -0.3365, -0.0045, 0.0354, 0.0075|16040|0.9809, -1.0000, -0.3697, -0.2966, -0.3039, -0.0022, 0.0338, 0.1532|4676.8
32|1.0000, -1.0000, -0.3613, -0.3114, -0.3030, -0.0002, 0.0354, 0.2229|15660|0.9934, -1.0000, -0.3669, -0.3161, -0.3053, -0.0023, 0.0371, 0.1513|4122.2
