1|0.8598, -1.0000, -0.2655, -0.7985, -0.8227, 0.2021, 0.6735, -0.2548|2140|-0.0650, -0.0801, -0.1878, -0.1965, -0.0705, -0.0709, -0.0161, 0.1236|150.4
2|0.3682, -0.5399, -1.0000, -0.4316, -0.7444, -0.4257, -0.6903, 0.5877|7820|-0.1248, -0.1230, -0.3693, -0.2686, -0.2722, -0.1256, 0.0244, 0.1252|342.0
3|0.4503, -1.0000, -0.9442, -0.3547, 0.2827, -0.2116, 0.3945, -0.2176|3320|-0.0983, -0.3121, -0.6241, -0.4059, -0.3682, -0.1994, -0.0661, 0.3155|364.0
4|0.4503, -1.0000, -1.0000, -0.3547, 0.2827, 0.0362, -0.4448, -0.2176|5160|-0.0319, -0.4559, -0.7687, -0.4773, -0.5029, -0.2748, -0.0931, 0.3334|681.0
5|0.4503, -1.0000, -0.9442, -0.3547, 0.2827, -0.2116, 0.3945, -0.2176|3560|0.1201, -0.5242, -0.9075, -0.5376, -0.4989, -0.3289, -0.1724, 0.2660|712.6
6|0.3682, -1.0000, -0.9442, -0.7487, 0.2827, -0.2116, 0.0022, 0.5877|4100|0.1464, -0.6917, -0.7051, -0.5452, -0.4516, -0.2645, -0.2359, 0.2357|703.6
7|0.3682, -1.0000, -1.0000, -0.4316, -0.5802, -0.2116, -0.6903, 0.5877|5360|0.2494, -0.7394, -0.9364, -0.5747, -0.3259, -0.2385, -0.1982, 0.2054|918.4
8|0.4503, -1.0000, -0.9442, -0.3547, 0.2827, -0.2116, 0.3945, -0.2176|4680|0.2310, -0.7755, -0.9587, -0.6156, -0.3788, -0.2497, -0.2656, 0.2427|993.6
9|0.3274, -1.0000, -0.9442, -0.8888, 0.2827, -0.3989, 0.1605, 0.9086|3540|0.3575, -0.8279, -0.9174, -0.6562, -0.3638, -0.2784, -0.2026, 0.2570|960.0
10|0.4503, -0.9457, -1.0000, -0.4316, -0.7444, -0.4257, 0.3945, -0.2176|4960|0.3710, -0.8669, -0.9083, -0.6501, -0.3318, -0.3274, -0.1494, 0.1954|1090.2
11|0.3682, -1.0000, -0.9442, -0.7487, 0.2827, -0.2116, 0.0022, 0.5877|4100|0.3696, -0.8943, -0.9020, -0.6252, -0.3527, -0.3330, -0.1589, 0.2632|1158.6
12|0.4503, -1.0000, -1.0000, -0.4316, -0.5802, 0.1994, -0.6903, 0.5877|3860|0.3525, -0.9150, -0.9304, -0.6022, -0.3722, -0.3009, -0.1930, 0.3465|1133.8
13|0.4503, -1.0000, -0.9442, -0.3547, 0.2827, -0.2116, 0.3945, -0.2176|4940|0.3573, -0.9375, -0.9142, -0.6008, -0.3279, -0.2917, -0.1682, 0.3141|1198.0
14|0.4503, -1.0000, -0.9442, -0.3547, 0.2827, -0.2116, 0.3945, -0.2176|3560|0.3428, -0.9645, -0.8652, -0.5789, -0.3894, -0.2909, -0.1457, 0.3874|903.0
15|0.4503, -1.0000, -0.9442, -0.3547, 0.2827, -0.2116, 0.3945, -0.2176|6500|0.3417, -0.9044, -0.9323, -0.5884, -0.4622, -0.3018, -0.1882, 0.4378|1088.6
16|0.4503, -1.0000, -1.0000, -0.3547, 0.2827, -0.2116, -0.6903, -0.2176|4900|0.3203, -0.9196, -0.9555, -0.5900, -0.4898, -0.3249, -0.2160, 0.4294|1396.4
17|0.3682, -1.0000, -0.9442, -0.4316, 0.0733, -0.4257, 0.3945, -0.2176|5160|0.3165, -0.9359, -0.9324, -0.5491, -0.5020, -0.3272, -0.2034, 0.4136|1216.2
18|0.3682, -1.0000, -1.0000, -0.8888, -0.7444, -0.2116, -0.6903, 0.5877|5060|0.3596, -0.9518, -0.9360, -0.5658, -0.4944, -0.3264, -0.2848, 0.4101|1093.0
19|0.3682, -1.0000, -1.0000, -0.3547, -0.7444, -0.2116, -0.6903, -0.2176|6700|0.3667, -0.9919, -0.9500, -0.6133, -0.5287, -0.2646, -0.2904, 0.4714|1206.4
20|0.2564, -1.0000, -0.6326, -0.5560, -0.4017, -0.1474, -0.4807, 0.4092|4940|0.3659, -0.9869, -0.9396, -0.6423, -0.5505, -0.2477, -0.3523, 0.4746|1101.6
21|0.3682, -1.0000, -0.9086, -0.4316, -0.5768, -0.2116, 0.0022, 0.5877|5340|0.3680, -0.9787, -0.9399, -0.6577, -0.5521, -0.2286, -0.3085, 0.4459|1274.2
22|0.3975, -1.0000, -1.0000, -0.8888, -0.7444, -0.2116, 0.3945, 0.5877|4840|0.3592, -0.9750, -0.8806, -0.6807, -0.5646, -0.2464, -0.3369, 0.4543|1202.0
23|0.4503, -1.0000, -0.8058, -0.4316, -0.5768, 0.1994, 0.0022, 0.5877|4120|0.3708, -0.9725, -0.9175, -0.6825, -0.6182, -0.2288, -0.3328, 0.4083|1073.4
24|0.1144, -1.0000, -0.6326, -0.4316, -0.5768, -0.2116, 0.0022, 0.5877|6660|0.3818, -0.9709, -0.9384, -0.6999, -0.6877, -0.2255, -0.2814, 0.4757|1299.2
25|0.3682, -1.0000, -1.0000, -0.8888, -0.7444, -0.2116, 0.3945, 0.4554|3980|0.3712, -0.9771, -0.9335, -0.7035, -0.6716, -0.2192, -0.2854, 0.4743|1171.2
26|0.4503, -1.0000, -1.0000, -0.8888, -0.7444, -0.5095, 0.0022, 0.5877|3700|0.3803, -0.9854, -0.9261, -0.7242, -0.6668, -0.2500, -0.2599, 0.4849|1245.0
27|0.4503, -1.0000, -0.6326, -0.4316, -0.5768, -0.2116, 0.0022, 0.5877|5540|0.3707, -0.9867, -0.9020, -0.6941, -0.6701, -0.2567, -0.1820, 0.5051|1314.8
28|0.3682, -1.0000, -1.0000, -0.8888, -0.7444, -0.2116, 0.3945, 0.5877|4000|0.3620, -0.9904, -0.9061, -0.6738, -0.6649, -0.2625, -0.1485, 0.5388|1220.6
29|0.4503, -0.8749, -0.8058, -0.4316, -0.7444, -0.2116, 0.0022, 0.5877|5860|0.3642, -0.9942, -0.8914, -0.7285, -0.6481, -0.2478, -0.1334, 0.5618|1330.0
30|0.3682, -1.0000, -0.8058, -0.6237, -0.4017, -0.2116, 0.0022, 0.5877|4500|0.3674, -0.9884, -0.8827, -0.7158, -0.6490, -0.2656, -0.0408, 0.5646|1191.4
31|0.3682, -1.0000, -0.8058, -0.6237, -0.5768, -0.2116, 0.0022, 0.5877|7020|0.3661, -0.9879, -0.8855, -0.7039, -0.6389, -0.2447, -0.0119, 0.5815|1482.6
32|0.3682, -1.0000, -0.8058, -0.4316, -0.4017, -0.2116, 0.0022, 0.5877|5660|0.3735, -0.9925, -0.8599, -0.6689, -0.6134, -0.2465, -0.0186, 0.5829|1376.2
