1|0.1872, -0.7989, -0.4308, -0.6239, 0.2814, -0.9267, 0.2508, 1.0000|860|-0.0452, -0.0634, 0.0408, -0.1730, 0.0002, -0.0579, 0.0164, -0.0739|71.4
2|0.8852, -0.7280, -0.8904, -0.5617, -0.8410, -1.0000, 0.3233, -0.6886|2260|0.0095, -0.1299, -0.0218, -0.2728, -0.0251, -0.2549, 0.0524, -0.1455|141.4
3|0.8852, -0.7280, -0.8904, -0.5173, -0.8410, -1.0000, 0.3233, -0.6886|1560|0.0210, -0.1743, -0.0983, -0.3708, -0.0275, -0.3595, 0.1370, -0.0807|210.0
4|0.1872, -0.7989, -0.4308, -0.6239, 0.2814, -0.9267, 0.2508, 1.0000|2880|0.0449, -0.1835, -0.2362, -0.4453, -0.1797, -0.4709, 0.1577, -0.1289|226.4
5|0.8852, -0.7280, -0.8904, -0.5617, -0.8410, -1.0000, 0.3233, 0.0974|1520|-0.0262, -0.1830, -0.4239, -0.4538, -0.1796, -0.4606, 0.1321, -0.0321|250.8
6|1.0000, -0.5112, -0.1884, -0.3349, 0.1717, 0.1284, -0.1549, -0.3005|3640|-0.0012, -0.2995, -0.4128, -0.5525, -0.2243, -0.5396, 0.2122, 0.0449|341.6
7|-0.0577, -0.5961, -0.3214, -0.2452, 0.0148, -1.0000, 0.1871, 0.7462|2480|0.0472, -0.2973, -0.4225, -0.4790, -0.2879, -0.6364, 0.1837, 0.1238|370.4
8|1.0000, -0.5961, -0.3214, -0.2452, 0.0148, 0.1284, -0.0095, -0.3469|4100|0.1692, -0.4253, -0.4605, -0.4662, -0.1708, -0.5943, 0.1624, 0.1559|452.8
9|1.0000, -0.5961, -0.3214, -0.2452, 0.0212, 0.1284, -0.0095, -0.3601|3020|0.1909, -0.4332, -0.4873, -0.5238, -0.2739, -0.5856, 0.1702, 0.1082|440.2
10|0.1830, -1.0000, -0.8708, -0.5493, -0.8224, -0.0977, 0.2452, 0.1009|3480|0.3468, -0.4825, -0.5076, -0.5254, -0.4033, -0.4275, 0.1669, -0.0014|595.8
11|1.0000, -0.8972, -0.3631, -0.6308, 0.0148, -0.1055, 0.3838, 0.1158|4340|0.3553, -0.4767, -0.5757, -0.4961, -0.4668, -0.3251, 0.2229, 0.0355|718.6
12|0.9200, -0.8972, -1.0000, -0.6308, -0.9445, -0.1055, 0.3838, 0.1158|5300|0.4324, -0.5749, -0.5073, -0.5853, -0.5442, -0.2433, 0.1854, 0.0334|936.8
13|0.8852, -0.7280, -0.2704, -0.4392, -0.0253, 0.1683, -0.1105, 0.1158|6860|0.6121, -0.6133, -0.3473, -0.6022, -0.5468, -0.1484, 0.1901, 0.0149|958.8
14|0.9797, -0.9930, -1.0000, -0.6079, -0.9102, -0.1081, 0.2714, 0.1282|3760|0.5910, -0.6731, -0.5922, -0.5673, -0.4923, -0.1917, 0.1786, 0.0450|1050.8
15|1.0000, -0.8972, -0.3631, -0.4392, -0.0253, -0.1055, 0.3838, 0.1158|6160|0.6000, -0.7285, -0.5411, -0.5937, -0.3925, -0.1024, 0.2104, 0.0196|1248.8
16|1.0000, -0.8224, -0.3055, -0.6308, -0.0286, -0.1055, -0.2295, 0.0930|7720|0.7592, -0.7735, -0.5889, -0.5274, -0.3177, -0.0878, 0.1618, 0.0075|1329.8
17|1.0000, -0.7867, -0.3184, -0.5531, 0.0035, -0.1037, 0.3365, 0.1016|7780|0.7610, -0.8401, -0.5399, -0.5544, -0.3028, -0.0938, 0.1689, 0.0804|1704.0
18|1.0000, -0.5961, -0.3214, -0.2452, -0.0104, 0.0632, -0.3516, 0.1158|11840|0.7958, -0.7685, -0.5006, -0.5553, -0.1852, -0.0862, 0.1810, 0.1322|1704.0
19|1.0000, -0.8224, -0.3008, -0.1947, -0.0286, -0.1037, -0.1249, 0.1016|7020|0.8056, -0.8016, -0.4111, -0.5523, -0.0954, -0.0602, 0.1426, 0.1202|1979.0
20|1.0000, -0.8224, -0.3008, -0.1947, -0.0286, -0.1037, -0.1249, 0.1016|10360|0.8813, -0.7836, -0.4742, -0.4870, -0.1206, -0.0814, 0.1742, 0.0939|2177.0
21|1.0000, -0.9930, -0.3631, -0.4392, 0.0040, -0.1055, 0.3838, 0.1158|16460|0.8296, -0.7180, -0.4504, -0.5086, -0.0908, -0.1000, 0.2026, 0.0885|1960.0
22|1.0000, -0.5961, -0.3365, -0.2452, -0.0104, -0.0431, -0.3516, 0.1158|13220|0.9228, -0.8158, -0.4132, -0.4992, -0.0834, -0.0986, 0.1501, 0.0818|2350.2
23|1.0000, -0.7867, -0.3184, -0.2452, -0.0104, -0.0431, 0.1252, 0.0005|7520|0.9586, -0.8171, -0.3211, -0.4445, -0.0128, -0.1199, 0.1363, 0.0823|2074.4
24|1.0000, -0.8224, -0.3008, -0.1947, 0.0035, -0.1037, -0.0569, 0.1009|10320|0.9545, -0.7370, -0.3779, -0.4142, -0.0102, -0.1198, 0.0777, 0.0696|2739.4
25|1.0000, -0.8224, -0.3008, -0.1947, -0.0286, 0.0632, -0.1249, 0.1282|32780|0.9747, -0.7903, -0.3594, -0.3302, -0.0110, -0.1102, 0.0428, 0.0602|2938.0
26|1.0000, -0.8224, -0.3008, -0.1947, -0.0286, 0.0632, -0.1249, 0.1282|21340|0.9669, -0.7676, -0.3129, -0.3088, -0.0100, -0.0874, 0.0195, 0.0539|4238.2
27|1.0000, -0.7867, -0.3184, -0.2452, -0.0036, -0.0999, 0.1252, 0.0005|21220|0.9785, -0.7713, -0.2766, -0.2627, -0.0118, -0.0669, 0.0153, 0.0719|4136.6
28|1.0000, -0.8224, -0.3008, -0.1947, 0.0035, 0.0632, -0.1249, 0.1282|28000|0.9603, -0.7885, -0.3180, -0.2417, -0.0092, -0.0758, -0.0032, 0.0620|4552.2
29|1.0000, -0.8224, -0.3184, -0.2452, -0.0286, 0.0632, 0.1252, 0.0005|35940|0.9513, -0.7849, -0.3149, -0.2506, -0.0098, -0.0555, -0.0043, 0.0668|5018.2
30|0.9797, -0.9930, -0.3631, -0.1947, -0.0286, 0.0632, -0.1249, 0.1158|31640|0.9422, -0.8263, -0.3130, -0.2384, -0.0115, -0.0286, -0.0228, 0.0793|5396.6
31|1.0000, -0.9930, -0.3008, -0.1947, -0.0286, 0.0632, -0.1249, 0.1282|37580|0.9382, -0.8325, -0.3131, -0.2237, -0.0124, -0.0158, -0.0068, 0.0739|6853.4
32|0.9797, -0.9930, -0.3631, -0.1947, -0.0210, 0.0632, 0.1252, 0.1158|34660|0.9423, -0.8492, -0.3151, -0.2173, -0.0120, -0.0063, 0.0046, 0.0860|7265.4
