1|0.6655, -1.0000, 0.0912, -0.4380, -0.6005, -0.4909, 0.3590, 0.5597|1100|0.0280, -0.0018, -0.1167, -0.1198, -0.0619, 0.0123, 0.0230, -0.1756|98.2
2|0.5778, 0.5000, -1.0000, -0.5718, -0.4504, -0.4684, 0.3590, -0.4572|1020|-0.0623, -0.0899, -0.2875, -0.2604, -0.1004, -0.1852, 0.0967, -0.2140|144.6
3|-0.1197, -0.1603, -1.0000, -0.9218, 0.3211, -0.5802, -0.7703, -0.2438|1620|0.0096, -0.0462, -0.4134, -0.4833, -0.1979, -0.3449, 0.1401, -0.1737|265.2
4|0.5778, -1.0000, -1.0000, -0.5718, -0.6005, -0.4684, 0.3590, -0.3218|2240|0.0204, -0.0197, -0.4797, -0.6758, -0.2268, -0.4303, 0.1961, -0.2283|306.2
5|0.2644, -1.0000, -1.0000, -0.5980, -0.5084, -0.5992, -0.1600, 0.8477|13220|0.1275, -0.1824, -0.6042, -0.7140, -0.2865, -0.4148, 0.0557, -0.0558|569.2
6|1.0000, -0.9716, -0.9716, -0.5811, -0.4940, -0.5822, -0.1554, -0.3123|2680|0.1724, -0.3382, -0.6736, -0.6987, -0.3646, -0.4821, 0.0387, 0.0345|602.6
7|0.9186, -0.9716, -0.9716, -0.5811, 0.2773, -0.5822, 0.3274, 0.5073|3440|0.3459, -0.5102, -0.7503, -0.6913, -0.4290, -0.4581, -0.0101, 0.0270|802.0
8|0.9186, -0.9716, -0.9716, -0.5811, 0.2773, -0.5822, 0.3274, 0.5073|4740|0.5758, -0.6884, -0.8513, -0.6555, -0.3585, -0.4768, 0.0421, 0.1209|931.0
9|0.5778, -1.0000, -1.0000, -1.0000, -0.6005, -0.4684, 0.3590, 0.6431|4140|0.6731, -0.8626, -0.8555, -0.6578, -0.3885, -0.4339, 0.0908, 0.1880|1263.8
10|1.0000, -1.0000, -0.9716, -0.5980, -0.5084, -0.5822, -0.1600, 0.8477|9980|0.7629, -0.8440, -0.8488, -0.7007, -0.3997, -0.4351, 0.0718, 0.3050|1271.8
11|0.6809, -1.0000, -1.0000, -0.5980, -0.5084, -0.5992, -0.1600, 0.7507|4580|0.7833, -0.8869, -0.8756, -0.6778, -0.4370, -0.4658, 0.0911, 0.2371|1178.6
12|0.5778, -0.9716, -1.0000, -0.5811, -0.4940, -0.5822, 0.3590, -0.3123|6340|0.7597, -0.9278, -0.8776, -0.6685, -0.4419, -0.4748, 0.1005, 0.1978|1343.8
13|1.0000, -1.0000, -1.0000, -0.5980, -0.3667, -0.1568, 0.0852, 0.7212|6400|0.7598, -0.9488, -0.8771, -0.6493, -0.4272, -0.4673, 0.0971, 0.2758|1279.0
14|1.0000, -0.9716, -0.9716, -1.0000, 0.3211, -0.5822, -0.7703, 0.6431|4680|0.7695, -0.9544, -0.8925, -0.6776, -0.4446, -0.4455, 0.0196, 0.2964|1215.2
15|1.0000, -1.0000, -0.9716, -0.5811, -0.5084, -0.5822, -0.0669, 0.7507|7380|0.7483, -0.9627, -0.8774, -0.6518, -0.4218, -0.4574, 0.0147, 0.3285|1456.0
16|1.0000, -1.0000, -0.9716, -0.5980, -0.3774, -0.5992, 0.0852, -0.0832|5320|0.7608, -0.9647, -0.8815, -0.6443, -0.4907, -0.4263, 0.0801, 0.3168|1505.2
17|1.0000, -1.0000, -0.7008, -0.4313, 0.0948, -0.1131, 0.0852, 0.7212|7400|0.6605, -0.9659, -0.8791, -0.6283, -0.5108, -0.4384, 0.0375, 0.3389|1475.0
18|0.7689, -1.0000, -0.9716, -0.5811, -0.5084, -0.5822, -0.1600, -0.3123|5740|0.7506, -0.9756, -0.8603, -0.5883, -0.4638, -0.4287, 0.0835, 0.3698|1724.4
19|1.0000, -1.0000, -0.7008, -0.4313, -0.3667, -0.5822, -0.0669, 0.7212|5040|0.7586, -0.9377, -0.8546, -0.5973, -0.4386, -0.4590, 0.0714, 0.3203|1521.8
20|0.7689, -1.0000, -0.9716, -0.5811, -0.5084, -0.4661, -0.1600, -0.3123|4860|0.7411, -0.9817, -0.8110, -0.6077, -0.4461, -0.4552, 0.0697, 0.3465|1635.2
21|0.5778, -0.9716, -0.7008, -0.5853, -0.4940, -0.5822, -0.1600, 0.7507|4340|0.7304, -0.9817, -0.8218, -0.5862, -0.4288, -0.4681, 0.0672, 0.3395|1362.2
22|0.7689, -1.0000, -0.7008, -1.0000, -0.4940, -0.4661, 0.3691, -0.0809|5900|0.7301, -0.9810, -0.7582, -0.5918, -0.4240, -0.4834, 0.0719, 0.3040|1595.8
23|0.5947, -0.9716, -0.0944, -0.4313, -0.3667, -0.1131, 0.1215, 0.7212|3260|0.7262, -0.9743, -0.7735, -0.5905, -0.4590, -0.4696, 0.0546, 0.2680|1278.0
24|0.5778, -1.0000, -1.0000, -0.5811, -0.4940, -0.5822, -0.1600, 0.7212|5140|0.7518, -0.9847, -0.7484, -0.5632, -0.4243, -0.4455, 0.0528, 0.3346|1440.8
25|0.7689, -0.9716, -0.7142, -0.5811, -0.3667, -0.1329, 0.1215, 0.7212|9600|0.7420, -0.9879, -0.7779, -0.5492, -0.4138, -0.4438, 0.0070, 0.2966|1571.4
26|0.7689, -0.9716, -0.7008, -1.0000, -0.4940, -0.1131, -0.0669, -0.0809|7560|0.7593, -0.9861, -0.7981, -0.5734, -0.4098, -0.4402, -0.0245, 0.2227|1486.8
27|0.5947, -0.9716, -0.7008, -0.4313, -0.4940, -0.1131, 0.1215, -0.0809|5420|0.7512, -0.9748, -0.7977, -0.5752, -0.4292, -0.3849, -0.0265, 0.2809|1731.6
28|0.5947, -1.0000, -1.0000, -0.5853, -0.5084, -0.1131, -0.0669, 0.7212|5040|0.7486, -0.9878, -0.8251, -0.5645, -0.4190, -0.3885, -0.0232, 0.3149|1690.2
29|0.7689, -1.0000, -0.9716, -0.5811, -0.3667, -0.1131, -0.0669, 0.7212|6760|0.7642, -0.9853, -0.8664, -0.5621, -0.4053, -0.4004, -0.0149, 0.3418|1849.8
30|0.5947, -0.9716, -0.0944, -0.4313, -0.3667, -0.1131, 0.1215, 0.7212|10560|0.7652, -0.9845, -0.8607, -0.5592, -0.4214, -0.4057, -0.0260, 0.3717|1763.6
31|0.5947, -0.9716, -0.0944, -0.4313, -0.3667, -0.1131, 0.1215, 0.7212|5660|0.7995, -0.9943, -0.8541, -0.5608, -0.4333, -0.4102, -0.0415, 0.3878|1733.4
32|1.0000, -0.9716, -0.9716, -0.5811, -0.3667, -0.1131, -0.0825, 0.7507|4460|0.7864, -0.9940, -0.8172, -0.5580, -0.4366, -0.4047, -0.0392, 0.4913|1599.0
