1|1.0000, 0.3328, -1.0000, -0.8317, -0.4816, -0.4514, 0.4345, -0.1704|760|0.0273, -0.0376, -0.0740, -0.1392, -0.1318, -0.1358, 0.1257, 0.0779|81.0
2|0.2056, -1.0000, -0.7070, -0.9870, -1.0000, -0.3111, 0.6787, 1.0000|1340|0.1740, -0.0634, -0.2177, -0.3618, -0.2253, -0.2139, 0.1593, 0.0074|165.0
3|1.0000, 0.3328, -1.0000, -0.8317, -0.4816, -0.4514, 0.4345, -0.1704|2240|0.1588, -0.0638, -0.3750, -0.5488, -0.3400, -0.2326, 0.2119, 0.0866|312.0
4|0.6011, -0.9999, -1.0000, -0.5001, -0.2087, -0.6376, 0.2915, -0.1459|2140|0.2908, -0.2279, -0.5459, -0.6713, -0.3921, -0.4025, 0.1215, 0.0867|407.6
5|1.0000, -1.0000, -1.0000, -0.8317, -0.4816, -0.4514, -0.1730, -0.1704|5620|0.2967, -0.3432, -0.6719, -0.7340, -0.4706, -0.5238, 0.1620, 0.1068|691.0
6|1.0000, -0.5827, -1.0000, -0.8317, -0.4816, -0.4514, 0.4917, -0.1511|3940|0.5449, -0.4868, -0.8322, -0.7825, -0.5133, -0.4071, 0.1340, 0.0766|774.0
7|1.0000, -1.0000, -1.0000, -0.9870, -0.4816, -0.4514, 0.4345, -0.1704|7900|0.6913, -0.5982, -0.8553, -0.8411, -0.4932, -0.3871, 0.0804, 0.1211|1082.4
8|1.0000, -0.6310, -1.0000, -0.8317, -0.4816, -0.4514, -0.1730, 0.0716|4300|0.6989, -0.5773, -0.9029, -0.8788, -0.5380, -0.3006, 0.0627, 0.0350|1040.2
9|1.0000, -1.0000, -1.0000, -0.9870, -0.4816, -0.4514, 0.4345, -0.1704|4680|0.5833, -0.6495, -0.8955, -0.8757, -0.5555, -0.2900, 0.0673, 0.0242|1015.8
10|1.0000, -0.7999, -1.0000, -0.8317, -0.2087, -0.4514, -0.1730, 0.4877|3860|0.6700, -0.7602, -0.8926, -0.8663, -0.4651, -0.3467, 0.0508, -0.0020|1065.2
11|1.0000, -1.0000, -1.0000, -0.9870, -0.8559, -0.4514, 0.4917, -0.1704|3140|0.7078, -0.7427, -0.9181, -0.8603, -0.4206, -0.3719, -0.0926, 0.0376|1050.8
12|1.0000, -1.0000, -0.9031, -0.8292, -0.4816, -0.4514, 0.4917, 0.5216|8220|0.6797, -0.8001, -0.9358, -0.8679, -0.3835, -0.4723, -0.0869, 0.0858|1220.6
13|1.0000, -1.0000, -1.0000, -0.9870, -0.7730, -0.4514, -0.1730, 0.5216|6860|0.8083, -0.7902, -0.8823, -0.8565, -0.5036, -0.4938, -0.0164, 0.1198|1069.8
14|1.0000, -1.0000, -1.0000, -0.8317, -0.4816, -0.4514, -0.1730, -0.1191|6540|0.8334, -0.8316, -0.9332, -0.8473, -0.4862, -0.4789, -0.0011, 0.1373|1230.6
15|1.0000, -0.6310, -1.0000, -0.8317, -0.4816, -0.6820, 0.4345, 0.4877|5740|0.8870, -0.8247, -0.9615, -0.8328, -0.4825, -0.4835, 0.0885, 0.1885|1291.0
16|0.8451, -0.7999, -0.9031, -0.8317, -0.4816, -0.4514, 0.2915, 0.5909|4000|0.9371, -0.8476, -0.9087, -0.8362, -0.5058, -0.4516, 0.1602, 0.1613|1254.8
17|1.0000, -1.0000, -1.0000, -0.8292, -0.7730, -0.4514, 0.4917, -0.1191|5460|0.9601, -0.8444, -0.9576, -0.8407, -0.5073, -0.4675, 0.1687, 0.2325|1369.6
18|1.0000, -1.0000, -1.0000, -0.8317, -0.4816, 0.4206, 0.2915, 0.5909|3660|0.9210, -0.8636, -0.9664, -0.8561, -0.5423, -0.4148, 0.2000, 0.2591|1311.0
19|1.0000, -1.0000, -0.9031, -0.8292, -0.4816, 0.4206, 0.4917, 0.5909|5940|0.9630, -0.9129, -0.9601, -0.8522, -0.5288, -0.3885, 0.2344, 0.2441|1434.0
20|1.0000, -1.0000, -0.9031, -0.8292, -0.4816, -0.4514, 0.4917, 0.5216|5540|0.9710, -0.9517, -0.9470, -0.8436, -0.5514, -0.3508, 0.3104, 0.2726|1488.6
21|0.9707, -1.0000, -0.7136, -0.8073, -0.4675, -0.4382, -0.1679, -0.1654|4420|0.9862, -0.9487, -0.9357, -0.8324, -0.5276, -0.3596, 0.3228, 0.2390|1366.2
22|1.0000, -1.0000, -0.9031, -0.8292, -0.4816, -0.4514, 0.4917, 0.5216|5460|0.9869, -0.9510, -0.9170, -0.8295, -0.5013, -0.2642, 0.3446, 0.1825|1504.6
23|1.0000, -1.0000, -1.0000, -0.8292, -0.4816, -0.4514, -0.1730, 0.5216|6000|0.9887, -0.9551, -0.9134, -0.8281, -0.5032, -0.2791, 0.3918, 0.1667|1524.8
24|1.0000, -1.0000, -0.9031, -0.8292, -0.4816, -0.4514, 0.4917, 0.4877|4600|0.9786, -0.9738, -0.9144, -0.7405, -0.4632, -0.2954, 0.3905, 0.2014|1496.8
25|1.0000, -1.0000, -0.9031, -0.8292, -0.0253, 0.4206, 0.4917, 0.5909|8700|0.9973, -0.9900, -0.9090, -0.8257, -0.4847, -0.2182, 0.4116, 0.2707|1567.2
26|1.0000, -1.0000, -0.9031, -0.8292, -0.0253, 0.4206, 0.4917, 0.5909|7540|0.9984, -1.0000, -0.9105, -0.8267, -0.4723, -0.3011, 0.4443, 0.2133|1633.6
27|1.0000, -1.0000, -0.9031, -0.8292, -0.0253, -0.4514, 0.4917, -0.1704|5240|0.9969, -1.0000, -0.9128, -0.8275, -0.4419, -0.2252, 0.4503, 0.2818|1501.6
28|1.0000, -1.0000, -0.9031, -0.8292, -0.0253, -0.4514, 0.4917, -0.1704|9680|1.0000, -0.9823, -0.9177, -0.8280, -0.4558, -0.2798, 0.4828, 0.2305|1574.6
29|1.0000, -1.0000, -0.9031, -0.8292, -0.0253, 0.4206, 0.4917, -0.1704|5760|1.0000, -1.0000, -0.9157, -0.8261, -0.4510, -0.2176, 0.4828, 0.2825|1597.2
30|1.0000, -1.0000, -1.0000, -0.8292, -0.7106, -0.4514, 0.4345, 0.4877|5980|1.0000, -1.0000, -0.9109, -0.8278, -0.4645, -0.1839, 0.4823, 0.2875|1427.6
31|1.0000, -1.0000, -0.9031, -0.8292, -0.4816, 0.4206, 0.4917, 0.5909|5720|1.0000, -1.0000, -0.9099, -0.8269, -0.4336, -0.1563, 0.4763, 0.2916|1549.8
32|1.0000, -1.0000, -0.9031, -0.8292, -0.4816, 0.4206, 0.4917, 0.5909|9240|1.0000, -1.0000, -0.9099, -0.8260, -0.4288, -0.1139, 0.4811, 0.2741|1678.2
