1|0.2046, -0.3519, -0.4015, -0.6930, -0.0355, -1.0000, -0.8570, -0.5757|840|-0.0553, -0.1519, -0.0029, -0.2256, 0.0123, -0.0876, -0.1392, -0.1504|75.2
2|0.8417, -0.0275, -0.5348, -0.5594, 0.0364, -1.0000, 0.4693, 0.0096|1820|0.0214, -0.3661, -0.1564, -0.3735, -0.2531, -0.3440, -0.1425, -0.2116|228.8
3|0.0273, -0.9760, -1.0000, -0.5594, 0.0364, -1.0000, 0.3406, -0.2101|1880|0.1120, -0.2589, -0.2664, -0.4906, -0.1211, -0.4728, -0.1831, -0.1243|363.8
4|0.0273, -0.9760, -1.0000, -0.5594, 0.0364, -1.0000, 0.3406, -0.2101|2860|0.2748, -0.2791, -0.4402, -0.4977, -0.1578, -0.6459, -0.0607, -0.1798|498.8
5|0.8417, -0.5773, -0.5348, -0.6965, 0.0364, -0.2994, 0.4693, -0.0832|3940|0.4739, -0.3484, -0.5091, -0.5322, -0.0855, -0.7800, 0.1082, -0.1496|657.4
6|0.8417, -0.0275, -0.5348, -0.5594, 0.0364, -1.0000, 0.4693, 0.0096|2640|0.5433, -0.4237, -0.5723, -0.5522, -0.0496, -0.8729, 0.2777, -0.0432|836.4
7|0.0273, -0.9760, -1.0000, -0.5594, 0.0364, -1.0000, 0.3406, -0.2101|3560|0.5889, -0.5186, -0.6112, -0.5638, -0.0106, -0.9141, 0.3664, -0.0679|973.6
8|0.8417, -0.5773, -0.5348, -0.6965, 0.0364, -0.2994, 0.4693, -0.0832|5260|0.6024, -0.6814, -0.6120, -0.5611, -0.0452, -0.8650, 0.3831, -0.0615|1111.4
9|1.0000, -0.9760, -1.0000, -0.5594, 0.0433, -0.3557, 0.4693, -0.2101|3580|0.6961, -0.6997, -0.5881, -0.5950, -0.0587, -0.8046, 0.3780, -0.0525|929.0
10|1.0000, -0.6859, -0.6354, -0.5594, -0.0524, -0.3557, 0.4693, 0.0096|9760|0.6984, -0.8150, -0.6465, -0.5860, -0.0363, -0.8046, 0.3563, -0.0592|1300.4
11|0.8417, -0.9760, -0.5348, -0.5594, 0.0364, -1.0000, 0.4693, 0.0096|4400|0.7260, -0.8691, -0.6482, -0.5827, -0.0544, -0.7154, 0.4182, -0.0533|1201.0
12|0.8417, -0.9760, -0.5174, -0.5594, 0.0364, -0.6328, 0.4693, 0.0096|6180|0.7934, -0.8951, -0.6514, -0.5934, -0.0188, -0.6553, 0.4691, -0.0305|1237.0
13|0.8417, -0.9760, -0.6354, -0.6646, 0.0433, -0.3557, 0.4693, 0.0096|8480|0.7894, -0.8853, -0.6867, -0.5774, 0.0042, -0.5292, 0.4499, -0.0315|1459.6
14|0.8417, -1.0000, -0.6354, -0.5594, 0.0433, -0.6328, -0.4115, 0.0096|5980|0.8687, -0.9022, -0.6642, -0.5774, 0.0135, -0.4979, 0.4468, -0.0161|1660.4
15|1.0000, -0.9760, -0.6354, -0.5594, 0.0433, -0.3557, 0.4693, 0.0096|13180|0.9048, -0.8659, -0.6518, -0.5782, 0.0206, -0.4491, 0.4537, -0.0175|1718.8
16|1.0000, -0.9760, -0.6354, -0.6646, 0.0433, -0.3557, 0.4693, -0.0049|5860|0.9295, -0.8903, -0.6466, -0.5705, 0.0231, -0.4136, 0.4466, -0.0168|1787.8
17|1.0000, -0.9760, -0.6354, -0.5594, 0.0364, -0.3557, 0.4693, 0.0096|6740|0.9323, -0.8924, -0.6280, -0.5537, 0.0233, -0.4047, 0.4579, -0.0236|1718.4
18|1.0000, -0.9760, -0.6354, -0.5594, 0.0433, -0.3557, 0.4693, 0.0096|11720|0.9505, -0.9104, -0.6276, -0.5583, 0.0257, -0.3684, 0.4330, -0.0154|2170.6
19|1.0000, -0.9760, -0.6354, -0.5594, 0.0364, -0.3557, 0.4693, 0.0096|5740|0.9561, -0.9153, -0.6059, -0.5693, 0.0235, -0.3679, 0.4445, -0.0145|2018.2
20|1.0000, -0.9760, -0.5480, -0.5594, 0.0364, -0.3644, 0.3393, 0.0096|7040|0.9637, -0.9356, -0.6211, -0.5615, 0.0183, -0.3640, 0.4532, -0.0168|2126.8
21|1.0000, -0.9760, -0.6354, -0.5594, 0.0433, -0.3557, 0.4693, 0.0096|6860|0.9763, -0.9489, -0.6211, -0.5690, 0.0135, -0.3569, 0.4438, -0.0154|2021.2
22|1.0000, -0.9760, -0.6354, -0.5594, 0.0433, -0.3557, 0.4693, 0.0096|8900|0.9826, -0.9483, -0.6084, -0.5646, 0.0173, -0.3593, 0.4495, -0.0152|2205.2
23|1.0000, -0.9760, -0.6354, -0.5594, 0.0364, -0.3644, 0.4693, 0.0096|9060|0.9705, -0.9613, -0.5874, -0.5605, 0.0158, -0.3541, 0.4418, -0.0131|2297.0
24|1.0000, -0.9760, -0.5480, -0.5594, 0.0134, -0.3644, 0.3393, 0.0096|11400|0.9521, -0.9664, -0.5402, -0.5616, 0.0129, -0.3503, 0.4337, -0.0127|2303.6
25|1.0000, -0.9760, -0.5897, -0.5594, 0.0364, -0.3644, 0.4693, 0.0096|5420|0.9984, -0.9586, -0.5794, -0.5608, 0.0082, -0.3398, 0.4342, -0.0017|1898.6
26|1.0000, -0.9760, -0.6354, -0.5594, 0.0433, -0.3557, 0.4693, 0.0096|7540|1.0000, -0.9586, -0.5931, -0.5594, 0.0101, -0.3466, 0.4355, 0.0011|2187.8
27|1.0000, -0.9760, -0.6354, -0.5594, -0.0524, -0.3557, 0.3393, 0.0096|6920|1.0000, -0.9731, -0.5951, -0.5594, 0.0132, -0.3543, 0.4259, 0.0070|2048.8
28|1.0000, -0.9760, -0.5480, -0.5594, 0.0134, -0.3644, 0.3393, 0.0096|11720|1.0000, -0.9731, -0.5968, -0.5594, 0.0167, -0.3537, 0.4241, 0.0063|1986.2
29|1.0000, -0.9760, -0.5480, -0.5594, 0.0134, -0.3644, 0.3393, 0.0096|7940|1.0000, -0.9760, -0.5967, -0.5594, 0.0167, -0.3557, 0.4006, 0.0076|2085.4
30|1.0000, -0.9760, -0.6354, -0.5594, -0.0524, -0.3557, 0.4693, 0.0096|11240|1.0000, -0.9760, -0.5845, -0.5594, 0.0095, -0.3565, 0.3953, 0.0078|2277.2
31|1.0000, -0.9760, -0.5480, -0.5594, -0.0524, -0.3557, 0.3393, 0.0096|7880|1.0000, -0.9760, -0.5957, -0.5594, 0.0121, -0.3571, 0.3899, 0.0089|2187.0
32|1.0000, -0.9760, -0.6354, -0.5594, 0.0364, -0.3644, 0.4693, 0.0096|8520|1.0000, -0.9760, -0.5919, -0.5594, 0.0090, -0.3506, 0.3887, 0.0089|2535.0
