1|1.0000, -0.7983, -0.0631, -0.0899, 0.0680, -0.3777, -0.2099, 0.0256|6320|0.1018, 0.0157, -0.2591, 0.0245, 0.0139, -0.0299, 0.0557, 0.0212|153.2
2|1.0000, -0.7983, -0.0631, -0.0899, 0.0680, -0.3777, -0.2099, 0.0256|3840|0.2215, -0.0166, -0.4074, -0.2586, 0.0203, 0.0128, 0.0527, 0.1340|236.0
3|1.0000, -0.7983, -0.0631, -0.0899, 0.0680, -0.3777, -0.2099, 0.0256|3780|0.5128, -0.0548, -0.5358, -0.4548, -0.0370, -0.0571, -0.1525, 0.3300|344.8
4|1.0000, -0.7983, -0.0631, -0.0899, 0.0680, -0.3777, -0.2099, 0.0256|3540|0.5723, -0.2374, -0.5082, -0.5944, -0.0986, 0.1014, -0.2774, 0.3556|566.0
5|1.0000, -0.7983, -0.0631, -0.0899, 0.0680, 0.0991, -0.2099, 0.0256|3780|0.5965, -0.4222, -0.4973, -0.5988, -0.0929, 0.1137, -0.3235, 0.3933|825.4
6|0.5550, -0.8565, -0.8068, -0.4961, -0.4294, -0.0723, -0.4663, 0.6545|7540|0.5520, -0.5801, -0.5696, -0.5657, -0.1594, 0.0925, -0.2555, 0.4107|1095.8
7|0.5550, -0.8565, -0.3562, -0.6910, 0.1884, 0.1171, 0.4201, -0.0980|6200|0.6846, -0.7108, -0.5787, -0.5166, -0.1620, 0.0852, -0.1644, 0.3844|997.4
8|0.5550, -0.8565, -0.3562, -0.4650, 0.2752, 0.1171, 0.4201, -0.0980|7300|0.6407, -0.8095, -0.6197, -0.6120, -0.0850, 0.0641, -0.0411, 0.3242|1421.6
9|0.5550, -0.8565, -0.3562, -0.4650, 0.2752, 0.1171, 0.4201, -0.0980|6960|0.6458, -0.8327, -0.5635, -0.6378, -0.0583, 0.0733, 0.0411, 0.2381|1667.4
10|0.5550, -0.8565, -0.3562, -0.4650, 0.2752, 0.1171, 0.4201, -0.0980|6040|0.6364, -0.8585, -0.5719, -0.6387, -0.0747, 0.0679, -0.0044, 0.2844|1605.4
11|0.5550, -0.8565, -0.3562, -0.4650, 0.2752, 0.1171, 0.4201, -0.0980|10740|0.7376, -0.8124, -0.5543, -0.6551, -0.1020, 0.0994, 0.0160, 0.2841|1451.4
12|0.6480, -1.0000, -0.9420, -0.5793, -0.2944, 0.1264, -0.5444, 0.7642|7680|0.7397, -0.8667, -0.6015, -0.6504, -0.1282, 0.1098, 0.0002, 0.2865|1656.0
13|1.0000, -0.7983, -1.0000, -0.6910, 0.0680, -0.3777, -0.1948, 0.0256|5880|0.7861, -0.7500, -0.6477, -0.6727, -0.0946, 0.1034, 0.0491, 0.3059|1556.2
14|0.6480, -1.0000, -0.9420, -0.8155, -0.5014, 0.1891, 0.1131, 0.7642|4820|0.7964, -0.8280, -0.6394, -0.6501, -0.1684, 0.1020, 0.0067, 0.3961|1652.2
15|0.5550, -0.8565, -0.3562, -0.6910, 0.1884, 0.1171, 0.0968, 0.6545|5860|0.8110, -0.7959, -0.5708, -0.6372, -0.1630, 0.1198, 0.0790, 0.3623|1856.4
16|1.0000, -0.8565, -0.3562, -0.6984, 0.1884, 0.1264, 0.4201, 0.6545|6120|0.7949, -0.8348, -0.5329, -0.6549, -0.0736, 0.1064, 0.1714, 0.3274|2021.2
17|1.0000, -0.8565, -0.3562, -0.6984, 0.1884, 0.1264, 0.4201, 0.6545|8820|0.8187, -0.8538, -0.5020, -0.6748, 0.0162, 0.1102, 0.2258, 0.4196|2522.4
18|1.0000, -0.8565, -0.3562, -0.5793, 0.1884, 0.1264, 0.4201, 0.6545|8000|0.8265, -0.8469, -0.4460, -0.6864, 0.0425, 0.1244, 0.2607, 0.5018|1989.0
19|1.0000, -0.8565, -0.3562, -0.6984, 0.1884, 0.1264, 0.4201, 0.6545|10020|0.8423, -0.8720, -0.4065, -0.6419, 0.0446, 0.1142, 0.3134, 0.4835|2095.4
20|1.0000, -0.8565, -0.3562, -0.6984, 0.1884, 0.1264, 0.4201, 0.6545|8560|0.8650, -0.8694, -0.4146, -0.6870, 0.0670, 0.1203, 0.3033, 0.5517|2545.2
21|1.0000, -0.8565, -0.3562, -0.6984, 0.1884, 0.1171, 0.0968, 0.6545|8680|0.8934, -0.8636, -0.3729, -0.6910, 0.1593, 0.1129, 0.3132, 0.6009|2552.4
22|1.0000, -0.8565, -0.3562, -0.6984, 0.1884, 0.1264, 0.4201, 0.6545|9340|0.8810, -0.8579, -0.3637, -0.6914, 0.1719, 0.1050, 0.3370, 0.6403|2578.0
23|1.0000, -0.8565, -0.3562, -0.6984, 0.1884, 0.1264, 0.4201, 0.6545|7680|0.9058, -0.8579, -0.3625, -0.6862, 0.1638, 0.1204, 0.3292, 0.6479|2353.2
24|0.5550, -0.8565, -0.3562, -0.6910, 0.1884, 0.1171, 0.0968, 0.6545|6820|0.9040, -0.8593, -0.3625, -0.6853, 0.1822, 0.1276, 0.3292, 0.6392|2590.2
25|1.0000, -0.8565, -0.3562, -0.6910, 0.1884, 0.1171, 0.0968, 0.6545|9480|0.8986, -0.8579, -0.3574, -0.6830, 0.1884, 0.1396, 0.3084, 0.6545|2345.0
26|1.0000, -0.8565, -0.3562, -0.6984, 0.1884, 0.1264, 0.4201, 0.6545|9800|0.9288, -0.8622, -0.3586, -0.6829, 0.1884, 0.1469, 0.3195, 0.6545|2409.8
27|1.0000, -0.8565, -0.3562, -0.5793, 0.1884, 0.1264, 0.4201, 0.6545|8240|0.9333, -0.8648, -0.3597, -0.6616, 0.1880, 0.1426, 0.3337, 0.6533|2557.2
28|1.0000, -1.0000, -0.4159, -0.5793, 0.1884, 0.1264, 0.4905, 0.6545|13120|0.9422, -0.8629, -0.3577, -0.6698, 0.1873, 0.1389, 0.3328, 0.6507|2812.6
29|1.0000, -0.8565, -0.3562, -0.6984, 0.1884, 0.1264, 0.4201, 0.6545|10620|0.9511, -0.8670, -0.3558, -0.6659, 0.1869, 0.1426, 0.3470, 0.6494|2778.4
30|1.0000, -0.8565, -0.3562, -0.6984, 0.1884, 0.1264, 0.4201, 0.6545|8320|0.9511, -0.8732, -0.3566, -0.6685, 0.1877, 0.1624, 0.3533, 0.6520|2530.6
31|1.0000, -0.8565, -0.3562, -0.5623, 0.1517, 0.1018, 0.3382, 0.6545|13080|0.9288, -0.8689, -0.3560, -0.6753, 0.1877, 0.1528, 0.3551, 0.6520|2903.2
32|1.0000, -0.8565, -0.3562, -0.6984, 0.1884, 0.1264, 0.0968, 0.6545|11620|0.9333, -0.8646, -0.3572, -0.6716, 0.1873, 0.1385, 0.3374, 0.6520|2768.6
