1|1.0000, 0.3767, -0.9989, -0.8662, 0.3282, -0.5253, 0.6474, 0.3821|3320|0.0983, -0.0292, -0.2377, -0.2460, -0.1539, -0.1483, 0.0460, 0.0191|205.0
2|0.3342, 0.3771, -1.0000, -0.8672, 0.3286, -0.1335, 0.6481, 0.3825|2820|0.2425, -0.0396, -0.2682, -0.4681, -0.1459, -0.2117, -0.0335, 0.0197|299.0
3|0.5512, -1.0000, -0.5324, -0.5670, -0.5856, 0.1966, -0.1956, -0.1618|4220|0.2563, -0.1886, -0.3340, -0.4915, -0.1081, -0.2112, 0.0307, -0.1328|534.6
4|0.4401, -1.0000, -0.3963, -0.5670, 0.0264, -0.2647, 0.2773, 0.1361|8200|0.3305, -0.4195, -0.3871, -0.5736, -0.1041, -0.2458, 0.0920, -0.0907|831.8
5|0.4401, -0.7397, -0.3963, -0.5670, 0.1599, -0.8478, -0.1339, 0.1361|3440|0.2367, -0.7515, -0.4743, -0.5067, -0.0168, -0.2271, 0.1272, -0.0394|683.8
6|0.1981, -0.8981, -0.7949, -0.6081, 0.5771, -0.3232, 1.0000, -0.6494|4880|0.1822, -0.8493, -0.5917, -0.4649, -0.0383, -0.1327, 0.1123, -0.0134|774.2
7|0.4401, -1.0000, -0.3963, -0.5670, -0.0054, -0.2647, 0.2773, 0.1361|4540|0.3299, -0.5855, -0.5215, -0.6301, -0.0307, -0.1006, 0.1262, -0.0219|868.2
8|0.4401, -1.0000, -0.3963, -0.5670, 0.0393, 0.3213, 0.2773, 0.1127|9040|0.4078, -0.7014, -0.5836, -0.6323, -0.0475, -0.0746, 0.1226, -0.0199|1535.2
9|1.0000, -1.0000, -0.3963, -0.5670, 0.0264, 0.0140, 0.2773, 0.1361|10400|0.3497, -0.6017, -0.5555, -0.6062, -0.0362, -0.0720, 0.1308, 0.0511|1203.2
10|1.0000, -0.4397, -0.1965, -0.3864, 0.2541, 0.0108, -0.0407, 0.1053|7400|0.5287, -0.5444, -0.5026, -0.6298, -0.0229, -0.1334, 0.0917, 0.0326|1180.4
11|1.0000, -1.0000, -0.3963, -0.5670, -0.0268, 0.0140, 0.2773, 0.1361|10260|0.7044, -0.6283, -0.4787, -0.6128, -0.0443, -0.1515, 0.1204, 0.0456|1637.6
12|1.0000, -1.0000, -0.3963, -0.3864, 0.2541, 0.2345, 0.2226, 0.1053|20300|0.5241, -0.7002, -0.4009, -0.5969, 0.0397, -0.1184, 0.1141, 0.0291|1670.2
13|1.0000, -1.0000, -0.3963, -0.5670, -0.0268, 0.0140, 0.2773, 0.1361|10660|0.7023, -0.8413, -0.3279, -0.5539, 0.0676, -0.0602, 0.0742, 0.0433|2106.6
14|1.0000, -1.0000, -0.3963, -0.3864, 0.2541, 0.2345, 0.2226, 0.1053|14080|0.7700, -0.8968, -0.3371, -0.5259, 0.0359, -0.0226, 0.1038, 0.0407|2494.0
15|1.0000, -1.0000, -0.3963, -0.5190, -0.0268, -0.0213, 0.2773, 0.1361|9160|0.7423, -0.9514, -0.3353, -0.3643, 0.0293, -0.0353, 0.1070, 0.0651|1878.8
16|1.0000, -1.0000, -0.3963, -0.3864, 0.2541, 0.0140, 0.2226, 0.1053|14340|0.7465, -0.8615, -0.3809, -0.4475, 0.0132, -0.0497, 0.1879, 0.0684|2451.0
17|1.0000, -1.0000, -0.3963, -0.6668, 0.2541, 0.2345, 0.2773, 0.1053|13620|0.8011, -0.8444, -0.2204, -0.4329, 0.0310, -0.0369, 0.1635, 0.0781|2027.6
18|0.7596, -1.0000, -0.3010, -0.2999, 0.1930, 0.1781, 0.3846, 0.0800|10660|0.7898, -0.9201, -0.1926, -0.4204, 0.0378, -0.0783, 0.1811, 0.0863|1898.0
19|1.0000, -1.0000, -0.4826, -0.3864, -0.0054, -0.2250, 0.2226, 0.1361|10720|0.8878, -0.9381, -0.2214, -0.4532, 0.0060, -0.0504, 0.1679, 0.0950|2343.8
20|1.0000, -1.0000, -0.1965, -0.3864, -0.0193, 0.0140, 0.2773, 0.1361|14420|0.8306, -0.8893, -0.2280, -0.4880, -0.0018, -0.0324, 0.1385, 0.0954|2968.6
21|0.7596, -1.0000, -0.1965, -0.2999, -0.0268, 0.1781, 0.2226, 0.1277|42160|0.8296, -0.9274, -0.2277, -0.4618, -0.0027, -0.0225, 0.1573, 0.1093|3287.4
22|0.7596, -1.0000, -0.1965, -0.2999, -0.0268, 0.1781, 0.2226, 0.1277|18140|0.8632, -0.9441, -0.2245, -0.4395, -0.0098, -0.0071, 0.1467, 0.1099|3874.2
23|0.3845, -1.0000, -0.1965, -0.2969, -0.0268, 0.0274, 0.0105, 0.1277|26580|0.8499, -0.8968, -0.2038, -0.4068, -0.0145, 0.0281, 0.1490, 0.1269|4622.4
24|0.3845, -1.0000, -0.1965, -0.2969, -0.0268, 0.0274, 0.0105, 0.1277|34100|0.8277, -0.9367, -0.2424, -0.4067, -0.0154, 0.0238, 0.1517, 0.1264|4578.0
25|0.7374, -1.0000, -0.1113, -0.2189, -0.0031, 0.0103, 0.1642, 0.0771|102820|0.8408, -0.9653, -0.2457, -0.3740, -0.0156, 0.0371, 0.1504, 0.1227|7510.4
26|0.7374, -1.0000, -0.1113, -0.2189, -0.0031, 0.0103, 0.1642, 0.0771|60840|0.6895, -0.9705, -0.2201, -0.3526, -0.0161, 0.0262, 0.1368, 0.1266|8070.0
27|0.7374, -1.0000, -0.1113, -0.2189, -0.0031, 0.0103, 0.1642, 0.0771|123900|0.6426, -0.9783, -0.1900, -0.3414, -0.0140, 0.0288, 0.1282, 0.1339|8955.6
28|0.7374, -1.0000, -0.1113, -0.2189, -0.0031, 0.0274, 0.0105, 0.0771|147600|0.6323, -0.9865, -0.1665, -0.3059, -0.0141, 0.0385, 0.1324, 0.1188|9504.8
29|0.7374, -1.0000, -0.1113, -0.2189, -0.0031, 0.0274, 0.0105, 0.0771|155560|0.6170, -0.6930, -0.1409, -0.2790, -0.0125, 0.0407, 0.1334, 0.1235|11555.4
30|0.7374, -1.0000, -0.1113, -0.2189, -0.0031, 0.0274, 0.0105, 0.0771|115340|0.5690, -0.9200, -0.1338, -0.2948, -0.0103, 0.0347, 0.1363, 0.1167|14343.6
31|0.7300, -1.0000, -0.1113, -0.2189, -0.0268, 0.0274, 0.0105, 0.0771|122420|0.5012, -1.0000, -0.1193, -0.2512, -0.0101, 0.0297, 0.1195, 0.1201|17845.6
32|0.7374, -1.0000, -0.1113, -0.2969, -0.0054, 0.0443, 0.0105, 0.1836|109160|0.5381, -1.0000, -0.1231, -0.2477, -0.0073, 0.0273, 0.1267, 0.1158|19385.2
