1|0.6543, -0.9997, -0.6494, -1.0000, -0.7253, -0.5162, -0.9990, 0.6662|900|-0.0296, -0.0798, 0.0478, -0.2660, -0.2877, -0.0699, 0.0497, 0.0992|126.2
2|0.6543, -0.9997, -0.6494, -1.0000, -0.7253, -0.5162, -0.9990, 0.6662|1860|-0.1448, -0.0124, -0.3662, -0.7080, -0.2018, -0.2037, 0.0259, -0.1424|242.6
3|0.0253, 0.4410, -0.9414, -0.7293, -0.6759, -0.9505, -1.0000, -0.7442|1880|-0.0830, -0.1342, -0.5803, -0.7566, -0.2521, -0.2785, -0.1127, -0.0741|334.8
4|0.6543, -0.9997, -0.6494, -1.0000, -0.7253, -0.5162, -0.9990, 0.6662|2180|0.0711, -0.1668, -0.6029, -0.7226, -0.3193, -0.4230, -0.0588, 0.2814|428.2
5|0.4599, -0.6176, -0.6525, -0.3872, -0.2182, -0.2422, 1.0000, 0.6734|1800|0.0766, -0.2368, -0.5251, -0.7417, -0.3800, -0.4477, -0.2261, 0.2382|468.6
6|0.6543, -0.9997, -0.6494, -1.0000, -0.7253, -0.5162, -0.9990, 0.6662|2580|0.2878, -0.4203, -0.7245, -0.6979, -0.4832, -0.5003, -0.1947, 0.2810|618.0
7|0.4599, -0.6176, -0.6525, -0.3872, -0.2448, -0.2422, 1.0000, 0.6734|2340|0.3343, -0.5535, -0.7683, -0.7025, -0.4493, -0.4924, -0.1653, 0.3257|640.8
8|0.6543, -0.9997, -0.6494, -1.0000, -0.7253, -0.5162, -0.9990, 0.6662|5180|0.4039, -0.7206, -0.7298, -0.7550, -0.5074, -0.4670, -0.1784, 0.5059|850.0
9|-0.0278, -0.8552, -0.6496, -1.0000, -0.6159, -0.5162, -0.7678, 0.6662|2560|0.4495, -0.8657, -0.7053, -0.7775, -0.5539, -0.4313, -0.2723, 0.5848|923.2
10|0.0253, -0.9997, -0.9414, -0.7293, -0.6759, -0.5162, 0.4507, 0.6662|3360|0.3770, -0.8997, -0.7268, -0.8048, -0.5957, -0.4468, -0.4620, 0.5665|1084.0
11|0.0253, -0.9997, -0.6525, -0.7293, -0.2448, -0.5162, -0.9990, 0.6662|5120|0.3282, -0.9414, -0.7457, -0.7976, -0.5941, -0.4436, -0.5623, 0.5547|989.6
12|-0.0278, -1.0000, -0.6494, -0.3872, -0.6759, 0.0137, -0.7678, 0.6663|3700|0.3616, -0.9810, -0.7316, -0.8513, -0.6096, -0.4548, -0.5767, 0.6086|1123.6
13|0.6543, -0.9997, -0.6496, -1.0000, -0.6159, 0.0137, -0.7678, 0.6663|4220|0.4605, -0.9840, -0.7374, -0.8664, -0.6317, -0.4980, -0.5248, 0.6201|1007.6
14|0.6543, -0.9997, -0.6496, -1.0000, -0.6159, -0.5162, -0.2922, 0.6662|4140|0.5061, -0.9836, -0.7520, -0.8590, -0.6272, -0.5313, -0.4850, 0.6703|1049.2
15|0.6543, -0.9997, -0.9414, -0.7293, -0.6759, -0.5162, -1.0000, 0.6662|5180|0.5242, -0.9902, -0.6973, -0.8445, -0.6006, -0.5110, -0.5112, 0.6528|1285.2
16|0.6543, -0.9997, -0.6494, -0.3872, -0.7253, -1.0000, -0.7678, 0.6734|4880|0.5574, -0.9897, -0.5564, -0.6808, -0.6229, -0.3565, -0.6275, 0.6488|1060.8
17|0.4470, -1.0000, -0.4438, -0.6831, -0.4207, -0.3526, -0.1996, 0.4550|4300|0.5322, -0.9969, -0.6740, -0.7933, -0.5905, -0.3532, -0.5328, 0.6292|1118.2
18|0.6543, -0.9997, -0.9414, -1.0000, -0.7253, 0.0137, -0.7678, 0.6663|3780|0.5289, -0.9998, -0.6802, -0.8157, -0.5742, -0.3648, -0.4910, 0.6397|1194.4
19|0.4470, -1.0000, -0.4438, -0.6831, -0.4207, -0.3526, -0.1996, 0.4550|5140|0.5529, -0.9998, -0.6853, -0.8378, -0.6129, -0.4139, -0.4180, 0.6359|1321.2
20|0.6543, -0.9997, -0.6496, -1.0000, -0.5784, 0.0137, -0.7678, 0.6663|5100|0.5605, -0.9998, -0.7282, -0.8694, -0.6068, -0.3265, -0.4885, 0.6376|1364.4
21|0.6543, -0.9997, -0.9416, -0.7295, -0.7253, -0.5162, -1.0000, 0.6662|5880|0.6023, -0.9998, -0.6904, -0.8861, -0.6029, -0.2873, -0.5700, 0.6375|1383.2
22|0.6543, -1.0000, -0.4438, -0.3872, -0.4207, -1.0000, -0.1996, 0.6663|3700|0.6024, -0.9998, -0.6680, -0.8376, -0.5935, -0.3034, -0.5808, 0.6116|1262.8
23|0.6543, -0.9997, -0.9414, -1.0000, -0.5784, 0.0137, -0.7678, 0.6663|5000|0.5984, -0.9999, -0.5800, -0.8249, -0.5908, -0.3268, -0.5445, 0.6066|1129.6
24|0.4470, -1.0000, -0.4438, -0.6831, -0.4207, -0.3526, -0.1996, 0.4550|4700|0.5818, -0.9998, -0.6136, -0.8535, -0.5625, -0.2526, -0.5492, 0.5952|1448.4
25|0.6543, -0.9997, -0.6496, -0.6831, -0.4207, -0.3526, -0.7678, 0.6663|5460|0.5604, -0.9990, -0.5813, -0.8319, -0.3982, -0.2553, -0.4595, 0.5862|1513.4
26|0.4470, -1.0000, -0.6494, -0.3872, -0.4207, -0.5162, -0.1996, 0.5338|5520|0.5265, -0.9980, -0.5636, -0.7877, -0.5041, -0.2824, -0.4396, 0.5631|1465.4
27|0.4470, -1.0000, -0.4438, -0.6831, -0.4207, -0.3526, -0.1996, 0.4550|4160|0.5225, -0.9981, -0.5392, -0.7815, -0.5066, -0.2415, -0.4262, 0.5610|1381.6
28|0.4470, -1.0000, -0.4438, -0.6831, -0.4207, -0.3526, -0.1996, 0.4550|5900|0.5335, -0.9990, -0.5065, -0.7816, -0.5102, -0.2471, -0.3939, 0.5574|1490.6
29|0.4470, -1.0000, -0.4438, -0.6831, -0.4207, -0.3526, -0.1996, 0.4550|4800|0.5329, -0.9981, -0.5052, -0.7532, -0.4896, -0.2559, -0.3634, 0.5639|1705.2
30|0.6543, -1.0000, -0.4438, -0.6831, -0.5784, 0.0137, -0.1996, 0.6662|7420|0.5154, -0.9999, -0.4919, -0.7135, -0.4639, -0.2622, -0.2949, 0.5635|1577.2
31|0.4470, -1.0000, -0.4438, -0.6831, -0.4207, -0.3526, -0.1996, 0.4550|4760|0.5320, -0.9999, -0.4911, -0.6997, -0.4705, -0.2392, -0.2992, 0.5761|1755.4
32|0.6543, -0.9997, -0.4438, -0.6831, -0.4207, 0.0137, -0.1996, 0.6662|5940|0.5652, -0.9999, -0.4931, -0.6884, -0.4749, -0.2045, -0.3247, 0.5798|1861.8
