1|0.2097, 0.1694, -0.2661, -0.5059, 0.3943, -1.0000, 0.7345, 0.1173|580|0.0322, -0.0775, -0.0791, 0.0048, 0.0012, 0.0413, 0.0903, -0.0232|61.0
2|1.0000, -0.6307, -0.6144, -0.8732, -0.0369, -0.0338, -0.6978, -0.6185|1340|0.2022, -0.2554, -0.2933, -0.2659, -0.2093, -0.0996, 0.0182, -0.0329|161.2
3|0.5423, -0.4906, -0.8886, -1.0000, 0.8749, 0.2096, 0.5145, 0.4221|2140|0.2489, -0.3212, -0.4228, -0.4431, -0.2807, -0.1250, -0.0394, -0.0563|326.2
4|0.5946, -0.5379, -1.0000, -0.6773, -0.2971, 0.5207, -0.0189, -0.8077|2580|0.4522, -0.3571, -0.5211, -0.6013, -0.1805, -0.1181, -0.0163, -0.2390|461.4
5|0.5467, -1.0000, -0.6144, -0.1952, -0.3354, -0.1045, -0.6247, -0.3644|4400|0.6012, -0.5363, -0.5697, -0.7072, -0.1378, -0.1283, -0.0936, -0.3375|675.4
6|0.5467, -1.0000, -0.6144, -0.1952, -0.3354, -0.1045, -0.6247, -0.3644|6140|0.6940, -0.6703, -0.5684, -0.6801, -0.2052, -0.0906, -0.0062, -0.3796|985.4
7|0.2855, -0.7323, -0.6004, -0.9222, 0.5369, -0.1422, 1.0000, 0.7974|3920|0.6733, -0.7259, -0.6321, -0.6571, -0.2262, -0.0738, 0.0654, -0.3356|926.8
8|0.9719, -1.0000, -0.5971, -0.5683, -0.0359, -0.0329, -0.4582, -0.3542|6040|0.6939, -0.7719, -0.6270, -0.6771, -0.1599, -0.0052, 0.1169, -0.3041|1072.6
9|1.0000, -0.9669, -1.0000, -0.8732, -0.0369, 0.5207, -0.0189, 0.0130|3360|0.7159, -0.8036, -0.5701, -0.6136, -0.1488, -0.0248, 0.0835, -0.3098|1153.0
10|1.0000, -0.9669, -1.0000, -0.6773, -0.2971, -0.0451, -0.0189, 0.0130|9580|0.7262, -0.8225, -0.5668, -0.5889, -0.1576, 0.0309, -0.0012, -0.3493|1496.8
11|0.9719, -1.0000, -0.5971, -0.5847, -0.0369, -0.0338, 0.4358, -0.3542|4800|0.7365, -0.8766, -0.5953, -0.6446, -0.1433, 0.0336, 0.0746, -0.1328|1237.0
12|0.5467, -1.0000, -0.5480, -0.1952, -0.0446, -0.1045, -0.6247, -0.3644|6100|0.8232, -0.8819, -0.6477, -0.6423, -0.1443, 0.0954, 0.0713, -0.1552|1455.8
13|1.0000, -0.9669, -1.0000, -0.6773, -0.0446, -0.1045, -0.0189, 0.0130|5560|0.9205, -0.8864, -0.6403, -0.6096, -0.1287, 0.0845, 0.1483, -0.1726|1520.6
14|1.0000, -1.0000, -0.5971, -0.5847, -0.0369, -0.0338, 0.4358, -0.3542|6640|0.9078, -0.8946, -0.6018, -0.5969, -0.1067, 0.0997, 0.1744, -0.1041|1724.2
15|1.0000, -1.0000, -0.6144, -0.5847, -0.0756, -0.1045, 0.4358, 0.0130|9680|0.9727, -0.9152, -0.6254, -0.6017, -0.1155, 0.0750, 0.2091, -0.1457|1573.0
16|1.0000, -1.0000, -0.6144, -0.5683, -0.0201, -0.0338, -0.0386, -0.3542|5960|0.9156, -0.9260, -0.6395, -0.5864, -0.1118, 0.0179, 0.1731, -0.1109|1747.2
17|1.0000, -1.0000, -0.5971, -0.5847, -0.0368, -0.0338, 0.4358, -0.3542|7580|0.9322, -0.9169, -0.6445, -0.6007, -0.1068, 0.0102, 0.1636, -0.1608|1881.8
18|1.0000, -1.0000, -0.6144, -0.5847, -0.0756, -0.1045, 0.4358, -0.1808|19300|0.8856, -0.6761, -0.6498, -0.5949, -0.1059, 0.0124, 0.1293, -0.1101|1831.6
19|1.0000, -1.0000, -0.6144, -0.5847, -0.0756, -0.0451, 0.4358, 0.0130|7320|0.8863, -0.8889, -0.6427, -0.5896, -0.0963, -0.0047, 0.1236, -0.1339|1971.2
20|1.0000, -1.0000, -1.0000, -0.1467, -0.2523, -0.0338, -0.0273, 0.0004|7160|0.9180, -0.8699, -0.5934, -0.5729, -0.0928, -0.0199, 0.1290, -0.1398|2126.0
21|1.0000, -1.0000, -0.4117, -0.1467, -0.0359, 0.0663, -0.0364, 0.0147|23720|0.9335, -0.9521, -0.5930, -0.5688, -0.0968, -0.0132, 0.2163, -0.1266|2191.0
22|1.0000, -1.0000, -0.4117, -0.1467, -0.0359, 0.0663, -0.0364, 0.0147|14020|0.9668, -0.9321, -0.5845, -0.5638, -0.0927, -0.0269, 0.2249, -0.1354|2365.6
23|1.0000, -1.0000, -0.4117, -0.1467, -0.0359, 0.0663, -0.0364, 0.0147|23900|0.9788, -0.9577, -0.5747, -0.5170, -0.0642, -0.0324, 0.2171, -0.1150|2435.8
24|1.0000, -1.0000, -0.0181, -0.1467, -0.0359, 0.0663, -0.0364, 0.0147|82500|0.8788, -0.9545, -0.5718, -0.4555, -0.0681, -0.0192, 0.2459, -0.1011|3809.0
25|1.0000, -1.0000, -0.0181, -0.1467, -0.0359, 0.0663, -0.0364, 0.0147|40660|0.8835, -0.9695, -0.5822, -0.3929, -0.0801, -0.0160, 0.1765, -0.1190|3740.4
26|1.0000, -1.0000, -0.4117, -0.1467, -0.0359, 0.0663, 0.0310, 0.0147|23220|0.9882, -0.9703, -0.5639, -0.3831, -0.0666, -0.0129, 0.1803, -0.0462|4417.4
27|1.0000, -1.0000, -0.0181, -0.1467, -0.0359, 0.0663, -0.0364, 0.0147|374040|0.9912, -0.9884, -0.5177, -0.3034, -0.0620, 0.0042, 0.1244, -0.0237|11758.4
28|1.0000, -1.0000, -0.0181, -0.1467, -0.0359, 0.0663, -0.0364, 0.0147|156700|0.9939, -0.9072, -0.4365, -0.2243, -0.0535, 0.0112, 0.0611, -0.0078|14805.2
29|1.0000, -1.0000, -0.0181, -0.1027, -0.0359, 0.0663, -0.0364, 0.0147|180640|0.9678, -0.9387, -0.3285, -0.1977, -0.0520, 0.0266, 0.0321, 0.0112|21049.8
30|1.0000, -1.0000, -0.0181, -0.1467, -0.0359, 0.0663, -0.0364, 0.0147|286220|0.9655, -0.9323, -0.2306, -0.1609, -0.0439, 0.0400, -0.0196, -0.0008|26850.0
31|1.0000, -1.0000, -0.0181, -0.1467, -0.0359, 0.0663, -0.0364, 0.0130|416540|0.9672, -0.9974, -0.1592, -0.1499, -0.0403, 0.0454, -0.0333, 0.0124|35829.2
32|1.0000, -1.0000, -0.0181, -0.1467, -0.0359, 0.0663, -0.0364, 0.0147|182340|0.9567, -0.9262, -0.1024, -0.1505, -0.0359, 0.0491, -0.0356, 0.0122|33963.4
