1|0.4328, -1.0000, -0.2733, -0.0841, -0.8586, -0.9054, -0.6883, 0.2187|3940|0.0306, -0.0248, -0.1124, 0.0307, -0.1006, -0.0224, 0.0747, -0.0479|130.0
2|-0.0401, -0.8734, -1.0000, -0.7347, -0.5068, -0.3188, 0.1704, -0.9515|2080|-0.0541, -0.1816, -0.2289, -0.0965, -0.1871, -0.1487, 0.0301, -0.0292|246.6
3|0.4328, -1.0000, -0.2733, -0.0977, -0.8586, -0.9054, -0.6883, 0.2187|2900|0.0217, -0.4657, -0.3083, -0.1709, -0.3255, -0.3653, -0.0330, 0.0149|435.4
4|0.4474, -1.0000, -0.4793, -0.5697, 0.4675, -0.2568, -0.9523, 0.4162|8360|0.1000, -0.5871, -0.3921, -0.3475, -0.4516, -0.5075, -0.1008, 0.1395|760.8
5|0.4328, -1.0000, -0.2733, -0.0977, -0.8586, -0.9054, -0.6883, 0.2187|3120|0.1719, -0.6904, -0.4836, -0.3262, -0.5106, -0.5621, -0.1715, 0.1354|700.8
6|0.5871, -1.0000, -0.2733, -0.0977, -0.8586, -0.9054, -0.6883, 0.2187|2940|0.2638, -0.7543, -0.4384, -0.3197, -0.6080, -0.6736, -0.2335, 0.1626|976.6
7|0.5871, -1.0000, -0.2733, -0.0977, -0.8586, -0.9054, -0.6883, 0.2187|3200|0.3594, -0.8575, -0.4077, -0.3301, -0.6182, -0.7118, -0.3920, 0.1330|1048.8
8|0.5871, -1.0000, -0.2733, -0.0977, -0.8586, -0.9054, -0.6883, 0.2187|4280|0.4814, -0.9529, -0.3817, -0.3048, -0.7017, -0.7589, -0.5074, 0.2183|1126.8
9|0.5871, -1.0000, -0.2733, -0.1270, -0.8586, -0.9054, -0.6883, 0.2187|3600|0.4841, -0.9332, -0.3131, -0.2301, -0.7649, -0.8254, -0.3957, 0.1721|997.8
10|0.5871, -1.0000, -0.2733, -0.0847, -0.7445, -0.9054, -0.6883, 0.2187|4280|0.4761, -0.9628, -0.2477, -0.1773, -0.7990, -0.7370, -0.4267, 0.2275|1004.2
11|0.5871, -1.0000, -0.2733, -0.0847, -0.8586, -0.9054, -0.6883, 0.2187|5460|0.4365, -0.9509, -0.2858, -0.1823, -0.8378, -0.8079, -0.5066, 0.2408|1118.4
12|0.3753, -1.0000, -0.2733, -0.0847, -0.8586, -1.0000, -0.6883, 0.2187|3160|0.4872, -0.9428, -0.2880, -0.1430, -0.8390, -0.8547, -0.4523, 0.2069|1113.2
13|0.3753, -1.0000, -0.2733, -0.0847, -0.7445, -0.9054, -0.6883, 0.1896|3320|0.4553, -0.9420, -0.2629, -0.0911, -0.8428, -0.8746, -0.5597, 0.2277|1226.4
14|0.5871, -1.0000, -0.2733, -0.0977, -0.5068, -0.9054, -0.6883, 0.2187|6340|0.4500, -0.8837, -0.2665, -0.0917, -0.8121, -0.8885, -0.5714, 0.2071|1357.0
15|0.5871, -1.0000, -0.2733, -0.0977, -0.5068, -0.9054, -0.6883, 0.2187|5240|0.4718, -0.9555, -0.2711, -0.0926, -0.8167, -0.8894, -0.5359, 0.1983|1356.6
16|0.5871, -1.0000, -0.2733, -0.0977, -0.5068, -0.9054, -0.6883, 0.2187|4440|0.4903, -0.9586, -0.2783, -0.0916, -0.8237, -0.8714, -0.5226, 0.2005|1297.0
17|0.5871, -1.0000, -0.2733, -0.0977, -0.8586, -0.9054, -0.6883, 0.2187|4900|0.5560, -0.9128, -0.2917, -0.0949, -0.8076, -0.8714, -0.5889, 0.1814|1401.2
18|0.5871, -1.0000, -0.2733, -0.0977, -0.8586, -0.9054, -0.6883, 0.2187|3560|0.5030, -0.9801, -0.2876, -0.0898, -0.8080, -0.8945, -0.6174, 0.1834|1381.8
19|0.3753, -1.0000, -0.2370, -0.0847, -0.8586, -0.9054, -0.6883, 0.2187|5000|0.4910, -0.9827, -0.2883, -0.0952, -0.8129, -0.9092, -0.6347, 0.1838|1447.0
20|0.5871, -0.8671, -0.2733, -0.0847, -0.7445, -0.9054, -0.6883, 0.1896|5440|0.5034, -0.9880, -0.2786, -0.0902, -0.8123, -0.9027, -0.6043, 0.1867|1549.8
21|0.5871, -1.0000, -0.2733, -0.0977, -0.7445, -0.9054, -0.6883, 0.1896|5500|0.5268, -0.9920, -0.2602, -0.0879, -0.8156, -0.8975, -0.6456, 0.1980|1558.2
22|0.5871, -1.0000, -0.2733, -0.0977, -0.8586, -0.9054, -0.6883, 0.2187|4960|0.5251, -0.8960, -0.2573, -0.0884, -0.8033, -0.9069, -0.6495, 0.2002|1585.2
23|0.3753, -1.0000, -0.2733, -0.0847, -0.7797, -0.8222, -0.6251, 0.1986|4920|0.5194, -0.8699, -0.2601, -0.0817, -0.7875, -0.8596, -0.6713, 0.1971|1392.8
24|0.5871, -1.0000, -0.2733, -0.0847, -0.8586, -0.9054, -0.6883, 0.2187|4620|0.5298, -0.9934, -0.2614, -0.0887, -0.7901, -0.9067, -0.6832, 0.1921|1424.2
25|0.5871, -1.0000, -0.2733, -0.0977, -0.7445, -0.9054, -0.6866, 0.2187|4560|0.5409, -0.9925, -0.2680, -0.0918, -0.7771, -0.8914, -0.6853, 0.2037|1789.0
26|0.5871, -1.0000, -0.2733, -0.0977, -0.7445, -0.9054, -0.6883, 0.2187|5080|0.5314, -0.9942, -0.2688, -0.0907, -0.7896, -0.9131, -0.6849, 0.2060|1626.2
27|0.6485, -1.0000, -0.2733, -0.1079, -0.7445, -0.9054, -0.7602, 0.2094|5160|0.5441, -0.9907, -0.2646, -0.0909, -0.7810, -0.9093, -0.6685, 0.2032|1467.2
28|0.5871, -1.0000, -0.2733, -0.1079, -0.7445, -0.9054, -0.6883, 0.2187|4740|0.5544, -0.9947, -0.2712, -0.0907, -0.7753, -0.9082, -0.6564, 0.2048|1607.2
29|0.5871, -1.0000, -0.2733, -0.0977, -0.7445, -0.9054, -0.6883, 0.2187|4520|0.5711, -0.9947, -0.2718, -0.0910, -0.7696, -0.9082, -0.6707, 0.2057|1442.4
30|0.5871, -0.8671, -0.2733, -0.0977, -0.7445, -0.9054, -0.6866, 0.2187|4700|0.5726, -0.9934, -0.2723, -0.0799, -0.7639, -0.9082, -0.6707, 0.2106|1586.2
31|0.5871, -1.0000, -0.2733, -0.0847, -0.7445, -0.9054, -0.6883, 0.2094|4780|0.5796, -0.9854, -0.2685, -0.0729, -0.7559, -0.9082, -0.6759, 0.2091|1460.6
32|0.5871, -1.0000, -0.2733, -0.0642, -0.7445, -0.9054, -0.6883, 0.2187|4700|0.5895, -0.9867, -0.2681, -0.0806, -0.7547, -0.9063, -0.6834, 0.2053|1597.0
