1|0.9904, -0.5110, -0.8475, -0.9578, -0.7609, -0.2447, -1.0000, 0.0091|3380|0.0265, 0.0365, -0.1933, -0.2357, -0.0870, -0.0127, -0.0727, 0.0218|163.2
2|0.7835, -0.4551, -0.6337, -1.0000, 0.0697, -0.7703, 0.0730, 0.4500|2520|0.0745, 0.0478, -0.3619, -0.1942, -0.1641, -0.0929, -0.1171, 0.0169|231.2
3|0.7835, -0.9894, -1.0000, -0.4451, 0.0697, -0.7703, 0.2065, -0.1354|4600|0.0891, 0.0007, -0.3485, -0.3899, -0.2447, -0.1846, -0.0222, 0.0773|284.4
4|0.7835, -0.9894, -1.0000, -0.4451, 0.0697, -0.7703, 0.2065, -0.1354|1840|0.2182, -0.0479, -0.4261, -0.5759, -0.2551, -0.1964, -0.0510, 0.0797|334.8
5|1.0000, -0.6147, -0.8389, -0.3959, -0.6469, -0.2081, 1.0000, 0.0893|1960|0.3629, -0.1392, -0.6113, -0.6348, -0.2641, -0.2423, -0.0327, 0.0725|456.8
6|0.7492, -0.5568, -0.9562, -1.0000, 0.0667, -0.7365, 0.1975, -0.0760|2860|0.4740, -0.3058, -0.5454, -0.5782, -0.2707, -0.2467, -0.0194, 0.0529|516.2
7|0.7835, -0.9894, -1.0000, -0.4451, 0.0697, -0.7703, -1.0000, 0.1821|3240|0.5172, -0.3222, -0.6421, -0.6409, -0.2809, -0.3177, -0.0987, 0.1460|702.8
8|0.7835, -0.9894, -1.0000, -0.4451, 0.0697, -0.7703, -1.0000, 0.1821|3360|0.5607, -0.3324, -0.6774, -0.6182, -0.2935, -0.3813, -0.0723, 0.0643|672.8
9|1.0000, -0.5809, -0.6642, -0.4776, 0.0209, -0.3124, 0.0931, 0.7517|3280|0.6002, -0.3999, -0.6781, -0.6176, -0.3231, -0.4487, -0.1709, 0.0464|738.4
10|0.7835, -0.9894, -1.0000, -0.4451, 0.0369, -0.7703, 0.1333, 0.1821|6500|0.7654, -0.4941, -0.7218, -0.5753, -0.4103, -0.3648, -0.1948, 0.0950|1053.4
11|0.7919, -1.0000, -0.7433, -0.4499, -0.0447, 0.5041, 0.1775, 0.2129|9040|0.7979, -0.5191, -0.7264, -0.5421, -0.4032, -0.4231, -0.1636, 0.1152|1088.8
12|0.7919, -1.0000, -0.7433, -0.4499, -0.0447, 0.5041, 0.1775, 0.2129|6300|0.7876, -0.6149, -0.7333, -0.4768, -0.3435, -0.5250, -0.1413, 0.1913|1126.6
13|1.0000, -0.9705, -0.7889, -0.3634, 0.1093, 0.2030, 0.2636, -0.4900|5000|0.7585, -0.7307, -0.6639, -0.4932, -0.3359, -0.5001, -0.2690, 0.1667|1026.8
14|1.0000, -0.9705, -0.7889, -0.3634, 0.1093, 0.2030, 0.2636, -0.4900|4860|0.8397, -0.8048, -0.7422, -0.4782, -0.2678, -0.4567, -0.2752, 0.1370|1232.2
15|0.7256, -0.9705, -0.7889, -0.4451, -0.2048, 0.2030, 0.2636, 0.2129|4240|0.8115, -0.8133, -0.7446, -0.4253, -0.2876, -0.5609, -0.0174, 0.0699|1149.2
16|1.0000, -1.0000, -0.7889, -0.4499, -0.0447, 0.2030, 0.2636, 0.2129|5880|0.7511, -0.8797, -0.7406, -0.4140, -0.3004, -0.5278, -0.0407, 0.1321|1405.2
17|1.0000, -1.0000, -0.6337, -0.4451, -0.0447, 0.2030, 0.0931, 0.2129|11100|0.7983, -0.9469, -0.7093, -0.4091, -0.2613, -0.3783, 0.0983, 0.1088|1505.2
18|1.0000, -1.0000, -0.6337, -0.4451, -0.0447, 0.2030, -0.1233, 0.2129|14540|0.8190, -0.9106, -0.7118, -0.4147, -0.2579, -0.3843, -0.0128, 0.1171|1623.0
19|1.0000, -1.0000, -0.6337, -0.2264, -0.0447, 0.2030, -0.1233, 0.2129|13760|0.8492, -0.9537, -0.6958, -0.3836, -0.1768, -0.2258, -0.0003, 0.1918|2260.2
20|1.0000, -1.0000, -0.6337, -0.4499, -0.0447, 0.2030, 0.2636, 0.2129|14980|0.8671, -0.9672, -0.7139, -0.4044, -0.1343, -0.1541, -0.0383, 0.2166|2654.6
21|1.0000, -1.0000, -0.6337, -0.2264, -0.0447, 0.2030, -0.0961, 0.2129|9980|0.8806, -0.9207, -0.7006, -0.3800, -0.1067, -0.1148, -0.0120, 0.1742|2393.0
22|0.7835, -1.0000, -0.7328, -0.2264, -0.1702, 0.2030, 0.2065, 0.2129|12460|0.8716, -0.9323, -0.6523, -0.4192, -0.1261, -0.0813, 0.0261, 0.1690|2629.2
23|1.0000, -0.9894, -0.7172, -0.4451, 0.0551, 0.2030, -0.0961, 0.2129|8580|0.8394, -0.9538, -0.6935, -0.4233, -0.1044, -0.0634, 0.0058, 0.1942|2576.0
24|0.7326, -1.0000, -0.4642, -0.3295, -0.0327, 0.1487, -0.0903, 0.1560|10940|0.8190, -0.9858, -0.6316, -0.3587, -0.0876, -0.0373, -0.0246, 0.2038|2401.8
25|0.7326, -1.0000, -0.4642, -0.3295, -0.0327, 0.1487, -0.0903, 0.1560|25080|0.8659, -0.9970, -0.5877, -0.3921, -0.0844, 0.0066, 0.0281, 0.1849|3596.4
26|1.0000, -1.0000, -0.7889, -0.2264, -0.0447, 0.2030, 0.1333, 0.2129|13700|0.8834, -0.9453, -0.5517, -0.3577, -0.0935, -0.0053, 0.0291, 0.1883|2774.2
27|0.7835, -1.0000, -0.3515, -0.4451, 0.0369, -0.2100, 0.1595, 0.2129|13120|0.8921, -0.9860, -0.5900, -0.3622, -0.1100, 0.0099, 0.0573, 0.1804|2664.2
28|1.0000, -1.0000, -0.7889, -0.2264, -0.0447, 0.2030, 0.1333, 0.2129|17320|0.8939, -0.9842, -0.5683, -0.3795, -0.1026, 0.0247, 0.0898, 0.1630|3707.2
29|0.7835, -0.9015, -0.6337, -0.4451, 0.0369, -0.3115, 0.0931, 0.2129|13140|0.9014, -0.9869, -0.5539, -0.3603, -0.1023, 0.0717, 0.0894, 0.1480|3610.8
30|0.7919, -1.0000, -0.3515, -0.4451, 0.0141, 0.0772, 0.2248, 0.0108|27160|0.8712, -0.9846, -0.5300, -0.3829, -0.0868, 0.0286, 0.0953, 0.1315|3293.2
31|0.7919, -1.0000, -0.3515, -0.4499, 0.0141, 0.1487, 0.2248, 0.0108|27500|0.8874, -0.9927, -0.4875, -0.3790, -0.0776, 0.0575, 0.0916, 0.1309|3479.2
32|0.7919, -1.0000, -0.3515, -0.4451, 0.0141, 0.1487, 0.2248, 0.0108|30740|0.8652, -0.9970, -0.4810, -0.3755, -0.0602, 0.0907, 0.1132, 0.1251|4747.8
