1|1.0000, -0.5508, -0.4945, -0.8185, -0.8151, 0.2910, 0.0231, 0.4912|1480|0.0955, -0.0871, -0.0971, -0.0944, -0.1402, 0.0876, 0.0824, -0.1696|140.2
2|0.7524, -0.6045, -1.0000, -0.5656, 0.0874, -0.0011, 0.3607, 0.1902|3400|0.2954, -0.1088, -0.2934, -0.1829, -0.2473, -0.0941, 0.0293, -0.0972|339.6
3|0.7524, -0.6045, -1.0000, -0.5656, 0.0874, -0.0011, 0.3607, 0.1902|6180|0.4932, -0.3190, -0.4802, -0.4244, -0.3149, -0.1084, 0.0319, -0.0361|652.2
4|1.0000, -0.8034, -0.7259, -0.7517, 0.0605, -0.0020, 0.4793, 0.2527|9720|0.6556, -0.4033, -0.6340, -0.5006, -0.4024, -0.1248, 0.0461, 0.0173|848.4
5|0.3432, -1.0000, -0.7259, -0.3827, 0.0605, -0.0020, 0.1432, 0.6120|4700|0.7241, -0.4389, -0.6636, -0.6205, -0.3005, -0.2287, 0.1581, 0.0383|957.2
6|0.3432, -1.0000, -0.7259, -0.3827, 0.0605, -0.0020, 0.1432, 0.6120|6320|0.6992, -0.5493, -0.6810, -0.5973, -0.2593, -0.2247, 0.2269, 0.1607|1082.6
7|0.9365, -1.0000, -0.6155, -0.8156, 0.0753, -0.0003, 0.5966, 0.3146|7640|0.6972, -0.5544, -0.7070, -0.5818, -0.1994, -0.2801, 0.2085, 0.2099|1051.0
8|0.5237, -0.9225, -0.8118, -0.6553, 0.0874, -0.0015, 0.3607, -0.0360|5520|0.6381, -0.6713, -0.7264, -0.5432, -0.1510, -0.2721, 0.2087, 0.2549|1179.8
9|0.9365, -1.0000, -0.6155, -0.1923, 0.0753, -0.0003, -0.1281, 0.3146|5860|0.5691, -0.7513, -0.7008, -0.5555, -0.1425, -0.2278, 0.1457, 0.3056|1394.2
10|0.7524, -1.0000, -1.0000, -0.2885, -0.6814, -0.0011, -0.1919, 0.1902|5980|0.6039, -0.7802, -0.7660, -0.5715, -0.1317, -0.3255, 0.1048, 0.2917|1277.2
11|0.9365, -1.0000, -0.6155, -0.1923, -0.0896, -0.0003, -0.1281, 0.3146|8780|0.6301, -0.8046, -0.8041, -0.6050, -0.0641, -0.2064, 0.0550, 0.1816|1481.4
12|0.9365, -1.0000, -1.0000, -0.1923, -0.0896, 0.0017, -0.1281, 0.2527|23140|0.6758, -0.8248, -0.7955, -0.5745, -0.1228, -0.2165, 0.0378, 0.2541|1754.6
13|0.9365, -1.0000, -0.6155, -0.1923, -0.0896, -0.0003, -0.1281, 0.3146|29720|0.7536, -0.7589, -0.7368, -0.5866, -0.1304, -0.2207, 0.0329, 0.2767|2282.6
14|0.9365, -1.0000, -0.6155, -0.1923, -0.0896, -0.0020, -0.1281, 0.3146|16600|0.8124, -0.8437, -0.7278, -0.4829, -0.1460, -0.1736, 0.0491, 0.2556|2278.0
15|0.9365, -1.0000, -0.6155, -0.1923, -0.0896, -0.0003, -0.1281, 0.3146|25340|0.8434, -0.8821, -0.7401, -0.4784, -0.1295, -0.1466, 0.0216, 0.2614|2750.4
16|0.9365, -1.0000, -0.6155, -0.1923, -0.0896, -0.0020, -0.1281, 0.3146|20380|0.8623, -0.9415, -0.6727, -0.4182, -0.0779, -0.0938, -0.0040, 0.2611|2905.6
17|0.9365, -1.0000, -0.7259, -0.2885, 0.0753, -0.0003, -0.1281, 0.2624|25040|0.8739, -0.9602, -0.6812, -0.3841, -0.0856, -0.0353, -0.0427, 0.1490|3537.6
18|0.9365, -1.0000, -1.0000, -0.1923, -0.0896, 0.0017, -0.1281, 0.2527|21720|0.9170, -0.9545, -0.6613, -0.3217, -0.0874, -0.0072, -0.0420, 0.1500|3174.0
19|0.9365, -0.9751, -0.6155, -0.1923, -0.0482, -0.0003, -0.1281, 0.2338|24940|0.9384, -0.8885, -0.6160, -0.3251, -0.0742, -0.0071, -0.0706, 0.1677|4023.8
20|0.9365, -0.9751, -0.6155, -0.1923, -0.0482, -0.0003, -0.1281, 0.2338|36720|0.8824, -0.8989, -0.6041, -0.2475, -0.0878, -0.0070, -0.0832, 0.1912|5128.0
21|0.9365, -0.9751, -0.6155, -0.1923, -0.0482, -0.0003, -0.1281, 0.2338|23320|0.8480, -0.9452, -0.6527, -0.2780, -0.0964, -0.0005, -0.0794, 0.1952|4651.0
22|0.9365, -1.0000, -0.6155, -0.1930, -0.0299, -0.0003, -0.1281, -0.0030|23200|0.9027, -0.9648, -0.6643, -0.2628, -0.0956, -0.0003, -0.1018, 0.1924|5008.4
23|0.9365, -1.0000, -0.6155, -0.1923, -0.0896, 0.0017, -0.1281, 0.3146|65640|0.8868, -0.9933, -0.6535, -0.2577, -0.1004, -0.0003, -0.0930, 0.2225|6497.2
24|0.9365, -1.0000, -0.6155, -0.1923, -0.0896, -0.0003, -0.1281, 0.3146|31780|0.8592, -0.9986, -0.6466, -0.2556, -0.0944, 0.0002, -0.0992, 0.2121|5877.4
25|0.7617, -1.0000, -0.6155, -0.1923, -0.0896, -0.0011, -0.1281, 0.3184|33340|0.9031, -0.9871, -0.6044, -0.2208, -0.0698, 0.0002, -0.1058, 0.2028|5691.6
26|0.9365, -1.0000, -0.0365, -0.2061, -0.0957, 0.0017, -0.1281, 0.2527|85200|0.8100, -0.9663, -0.5291, -0.2361, -0.0756, 0.0004, -0.1158, 0.2205|6602.0
27|0.9365, -1.0000, -0.1897, -0.2903, -0.0482, -0.0015, -0.1359, 0.2527|38400|0.8925, -0.9618, -0.4557, -0.2227, -0.0739, 0.0001, -0.1151, 0.2662|5434.8
28|0.9365, -1.0000, -0.0365, -0.2061, -0.0896, -0.0006, -0.1281, 0.2527|38360|0.8863, -0.9874, -0.4477, -0.2771, -0.0598, 0.0001, -0.1230, 0.2818|7377.8
29|0.9365, -1.0000, -0.1897, -0.1923, -0.0907, -0.0011, -0.1281, 0.3146|63460|0.8936, -0.9623, -0.3886, -0.2738, -0.0756, 0.0000, -0.1226, 0.2777|9974.2
30|0.9365, -1.0000, -0.0365, -0.2061, -0.0896, -0.0006, -0.1281, 0.2527|51760|0.9069, -0.9995, -0.2747, -0.2790, -0.0781, -0.0002, -0.1285, 0.2830|10086.2
31|0.9365, -1.0000, -0.1897, -0.2061, -0.0896, -0.0011, -0.1281, 0.2527|51660|0.9031, -0.9993, -0.2488, -0.2808, -0.0772, -0.0004, -0.1285, 0.2803|9883.2
32|0.9365, -1.0000, -0.1897, -0.1923, -0.0896, 0.0017, -0.1281, 0.2527|67260|0.9255, -0.9998, -0.2033, -0.2531, -0.0806, -0.0007, -0.1189, 0.2753|11749.4
