1|0.4841, -0.7731, -0.9356, -0.9431, 0.3212, -0.0131, 1.0000, 0.5022|3680|0.0992, 0.0472, -0.1174, -0.0821, -0.1424, -0.0303, 0.1011, -0.0078|152.2
2|0.4760, -0.7731, -0.9356, -0.9431, 0.1475, -0.0176, 1.0000, -0.1840|2800|-0.0479, -0.1186, -0.2180, -0.3020, -0.1696, -0.0157, 0.1558, -0.0844|266.6
3|-0.2031, -1.0000, -0.7630, -0.7802, -0.3388, -0.1118, -0.2288, -0.3110|3360|0.0800, -0.1541, -0.3822, -0.5040, -0.1129, -0.1309, 0.2998, -0.1714|338.4
4|-0.0713, -1.0000, -0.7630, -0.7802, 0.0010, -0.1118, -0.2288, -0.3110|3600|0.0137, -0.2979, -0.5262, -0.6565, -0.1581, -0.0857, 0.2107, -0.1660|383.8
5|-0.0713, -1.0000, -0.7630, -0.9431, 0.0282, 0.0017, 1.0000, -0.2147|3260|0.1001, -0.5049, -0.5349, -0.6538, -0.2072, -0.0653, 0.0230, -0.0719|562.8
6|0.4760, -1.0000, -0.7630, -0.7802, 0.0010, 0.0017, 0.1705, 0.2507|6620|0.2352, -0.5340, -0.6042, -0.6185, -0.2008, -0.1233, 0.0363, -0.0642|808.2
7|0.4760, -1.0000, -0.7630, -0.7802, 0.0010, 0.0017, 0.1705, 0.2507|4780|0.2058, -0.3425, -0.5961, -0.6241, -0.1208, 0.0125, 0.0737, -0.0686|698.0
8|0.7126, -1.0000, -0.7630, -0.4292, 0.0423, 0.0017, -0.0978, 0.2507|6100|0.1611, -0.5408, -0.6732, -0.6397, -0.1346, 0.0128, -0.0463, -0.0218|976.0
9|0.4760, -1.0000, -0.3918, -0.3040, 0.0282, 0.1080, -0.2288, 0.2507|7020|0.2916, -0.6359, -0.6601, -0.7162, -0.0855, 0.0544, -0.0351, -0.0167|1022.0
10|0.7126, -1.0000, -0.7630, -0.3040, 0.0423, 0.1080, -0.2288, 0.2507|8140|0.3732, -0.7476, -0.6505, -0.7265, -0.0867, 0.0318, -0.0694, 0.0370|1148.8
11|0.4287, -1.0000, -0.6872, -0.7028, 0.0004, 0.0015, -0.0258, 0.2258|10620|0.3148, -0.8182, -0.5839, -0.6679, -0.0453, 0.0486, -0.0908, 0.1163|1349.4
12|0.6260, -1.0000, -0.3918, -0.3040, 0.0282, 0.0017, -0.0978, -0.0011|23840|0.3989, -0.7746, -0.6329, -0.6016, -0.0389, 0.0325, -0.1083, 0.1203|2091.2
13|0.6260, -1.0000, -0.3918, -0.3040, 0.0282, 0.0017, -0.0978, -0.0011|24400|0.4637, -0.6926, -0.6181, -0.5146, -0.0341, 0.0315, -0.1274, 0.1257|2102.0
14|0.9844, -1.0000, -0.3857, -0.4225, 0.0000, 0.0015, -0.0963, -0.2113|17480|0.4623, -0.8597, -0.6128, -0.5478, -0.0439, 0.0162, -0.0749, 0.1061|2202.4
15|0.7126, -1.0000, -0.3918, -0.3040, 0.0282, 0.1080, -0.0978, 0.2507|31200|0.5668, -0.9269, -0.5833, -0.4924, -0.0423, -0.0015, -0.0998, 0.1077|3476.6
16|0.6260, -1.0000, -0.7630, -0.3040, 0.0004, 0.0015, -0.0978, 0.3575|25600|0.5606, -1.0000, -0.5314, -0.3758, -0.0458, 0.0073, -0.1254, 0.0410|3970.4
17|0.6260, -1.0000, -0.3343, -0.3040, 0.0154, 0.0015, -0.0978, -0.0011|30620|0.6263, -0.8358, -0.5007, -0.3731, -0.0067, 0.0094, -0.1056, 0.0843|4701.0
18|0.4353, -1.0000, -0.3857, -0.4225, 0.0000, 0.0015, -0.0963, -0.0521|20360|0.5404, -0.8181, -0.5478, -0.3539, -0.0163, 0.0121, -0.0804, 0.1226|3232.0
19|0.6260, -1.0000, -0.3343, -0.3040, 0.0154, 0.0015, -0.0978, -0.0004|18600|0.6725, -0.9195, -0.5854, -0.4057, -0.0305, -0.0004, -0.0648, 0.0864|3470.0
20|0.6260, -1.0000, -0.5397, -0.3040, 0.0670, 0.0015, 0.1247, 0.3575|18620|0.5608, -0.7511, -0.5585, -0.3764, -0.0160, -0.0046, -0.0427, 0.0714|3028.8
21|1.0000, -1.0000, -0.3918, -0.3040, -0.0000, 0.0017, 0.2218, -0.0000|20340|0.5916, -0.8330, -0.5687, -0.3662, -0.0148, -0.0018, -0.0366, 0.0936|3722.4
22|0.6260, -1.0000, -0.2988, -0.3040, 0.0154, 0.1080, 0.0654, -0.0000|16240|0.5514, -0.8962, -0.4904, -0.3092, -0.0164, 0.0013, -0.0463, 0.1226|3348.8
23|0.6260, -1.0000, -0.3343, -0.2549, -0.0022, -0.0940, -0.0978, -0.0000|28800|0.5481, -1.0000, -0.4582, -0.2806, 0.0057, 0.0012, -0.0080, 0.1293|4106.4
24|0.6260, -1.0000, -0.2988, -0.3040, 0.0154, 0.1080, 0.0654, -0.0000|31240|0.6270, -0.9513, -0.5038, -0.3062, 0.0106, 0.0084, 0.0107, 0.1884|4930.8
25|0.6260, -1.0000, -0.5588, -0.3040, 0.0727, -0.0030, -0.0978, 0.0000|31980|0.5298, -0.9851, -0.4810, -0.2991, 0.0212, 0.0251, 0.0129, 0.1328|4701.0
26|1.0000, -1.0000, -0.2988, -0.3040, 0.0154, 0.1080, -0.1252, -0.0000|26040|0.5917, -0.9970, -0.4283, -0.2362, 0.0268, 0.0370, 0.0219, 0.1107|4783.4
27|0.5023, -1.0000, -0.3918, -0.3040, -0.0022, 0.0017, 0.1291, 0.3575|28480|0.5987, -0.9911, -0.3914, -0.2604, 0.0235, 0.0455, 0.0117, 0.1137|5052.2
28|0.7126, -1.0000, -0.2988, -0.3040, 0.0154, 0.0707, 0.0712, 0.2258|60160|0.6425, -0.9508, -0.3720, -0.2980, 0.0185, 0.0379, 0.0147, 0.1141|5779.6
29|0.7126, -1.0000, -0.2988, -0.2549, 0.0004, 0.1080, 0.0712, 0.2258|49500|0.6523, -0.9941, -0.3591, -0.2905, 0.0137, 0.0496, -0.0094, 0.1159|7606.4
30|0.6316, -1.0000, -0.0428, -0.2549, 0.0004, 0.0015, -0.0260, 0.3575|39620|0.7014, -0.9970, -0.3455, -0.2863, 0.0119, 0.0589, 0.0164, 0.1228|8046.8
31|0.6260, -1.0000, -0.0428, -0.2549, 0.0154, -0.0006, 0.0654, 0.2258|57880|0.6890, -1.0000, -0.3142, -0.2924, 0.0079, 0.0668, 0.0356, 0.1675|10859.6
32|0.6260, -1.0000, -0.0428, -0.2549, 0.0154, -0.0006, 0.0654, 0.2258|97980|0.6937, -1.0000, -0.2711, -0.2884, 0.0074, 0.0649, 0.0537, 0.1914|11045.4
