1|1.0000, -0.4993, -0.4060, -0.3835, -0.1151, -0.2000, -0.1129, 0.3611|1440|0.0386, -0.0342, -0.1798, -0.1116, -0.2179, -0.0483, -0.0453, -0.0690|153.8
2|1.0000, -0.4993, -0.4060, -0.3835, -0.1151, -0.2000, -0.1129, 0.3611|2200|0.1014, -0.1593, -0.2474, -0.2505, -0.2576, -0.0526, 0.0215, -0.0589|244.0
3|1.0000, -0.7102, -0.4060, -0.3835, -0.1571, 0.0478, -0.1129, 0.4862|9420|0.4023, -0.3724, -0.2902, -0.4239, -0.4173, -0.0085, -0.0461, 0.0407|433.2
4|1.0000, -0.4993, -0.2406, -0.3835, -0.1716, -0.2000, -0.1129, 0.3611|4220|0.4239, -0.3879, -0.3514, -0.5390, -0.4408, -0.0897, -0.0019, 0.0111|719.4
5|0.7084, -0.4993, -0.4060, -0.3835, -0.9000, -0.0644, -0.1129, 0.3611|4700|0.4842, -0.4602, -0.4557, -0.5452, -0.4727, -0.1313, 0.0160, 0.1782|767.0
6|0.9057, -0.2224, -0.9625, -0.9308, -1.0000, -0.4211, -0.0774, 0.9423|3900|0.5604, -0.6245, -0.5113, -0.6750, -0.4780, -0.1309, -0.0644, 0.2930|1057.0
7|1.0000, -0.7102, -0.4060, -0.3835, -0.1151, -0.2000, -0.0774, 0.3611|4860|0.5815, -0.6611, -0.5153, -0.6683, -0.5533, -0.1882, -0.1138, 0.3740|1154.4
8|1.0000, -0.4976, -1.0000, -0.3835, -0.3868, 0.0478, -0.1129, 0.3611|4560|0.6684, -0.7090, -0.5799, -0.6221, -0.4666, -0.1517, -0.1432, 0.4351|1326.2
9|0.1916, -1.0000, -0.2125, -0.5256, -0.3256, -0.1170, -0.1640, 0.6846|4120|0.6895, -0.7318, -0.5160, -0.5770, -0.4918, -0.1607, -0.1657, 0.3925|1230.0
10|1.0000, -0.3922, -0.4060, -0.3835, -0.1716, 0.0478, -0.0774, 0.3611|5260|0.7260, -0.7597, -0.4666, -0.5653, -0.4369, -0.1492, -0.1736, 0.4521|1608.2
11|1.0000, -0.9249, -0.2868, -0.6124, -0.2511, -0.4213, -0.3392, 0.7219|6140|0.6969, -0.7664, -0.4432, -0.5539, -0.3709, -0.1271, -0.1698, 0.4735|1409.6
12|1.0000, -0.3922, -0.4060, -0.3835, -0.1716, 0.0478, -0.0774, 0.3611|4780|0.6873, -0.7037, -0.5002, -0.5506, -0.4053, -0.1710, -0.1671, 0.5138|1389.0
13|1.0000, -0.9249, -0.4060, -0.6124, -0.2511, 0.0478, -0.3392, -0.3282|7580|0.8011, -0.7704, -0.3954, -0.5421, -0.4189, -0.1463, -0.1695, 0.4478|1585.0
14|1.0000, -1.0000, -0.1509, -0.2116, -0.1716, 0.0478, -0.3325, -0.3282|8880|0.9131, -0.7682, -0.3637, -0.5061, -0.3546, -0.1297, -0.1486, 0.3320|1746.2
15|1.0000, -0.9249, -0.1509, -0.3835, -0.1151, 0.0478, -0.0022, 0.3611|8880|0.9484, -0.7461, -0.3089, -0.4813, -0.2579, -0.0897, -0.1391, 0.2629|2255.2
16|1.0000, -1.0000, -0.2126, -0.5256, -0.1151, -0.0323, -0.0022, 0.3611|11800|0.9361, -0.8022, -0.3054, -0.4608, -0.2171, -0.0832, -0.1843, 0.1899|2254.2
17|1.0000, -1.0000, -0.1509, -0.2116, -0.1151, 0.0478, -0.0022, 0.3611|22340|0.9274, -0.8208, -0.2947, -0.4154, -0.2406, -0.1235, -0.1805, 0.2213|2807.6
18|1.0000, -1.0000, -0.1509, -0.2116, -0.1716, 0.0478, -0.3325, -0.2433|20100|0.9715, -0.8889, -0.2734, -0.4073, -0.2170, -0.0911, -0.1641, 0.2019|3150.0
19|1.0000, -1.0000, -0.1509, -0.2116, -0.1151, 0.0478, -0.0022, 0.3611|43560|0.9769, -0.9035, -0.2431, -0.3850, -0.1932, -0.0490, -0.1521, 0.1688|3663.4
20|1.0000, -0.9249, -0.1509, -0.2116, -0.1151, 0.0478, -0.2516, 0.3611|30900|0.9471, -0.9452, -0.2299, -0.3619, -0.1882, -0.0253, -0.1397, 0.1978|4466.4
21|1.0000, -1.0000, -0.1509, -0.2116, -0.1151, -0.0323, -0.0022, 0.3611|51540|0.9542, -0.9676, -0.2028, -0.3035, -0.1508, -0.0171, -0.1371, 0.1669|5296.8
22|1.0000, -1.0000, -0.1509, -0.2116, -0.1151, 0.0478, -0.0022, 0.3611|53280|0.9679, -0.9657, -0.2165, -0.2728, -0.1519, -0.0156, -0.1105, 0.1812|6339.2
23|1.0000, -1.0000, -0.1509, -0.2116, -0.1716, -0.0323, -0.0022, -0.2433|47080|0.9308, -0.9878, -0.1965, -0.2302, -0.1467, -0.0050, -0.0681, 0.2299|8633.6
24|1.0000, -1.0000, -0.1509, -0.2116, -0.1151, 0.0478, -0.0022, 0.3611|59400|1.0000, -0.9967, -0.1817, -0.2176, -0.1565, -0.0076, -0.0566, 0.2281|8504.6
25|1.0000, -1.0000, -0.1385, -0.2116, -0.1151, -0.0491, -0.0022, 0.3313|47020|0.9810, -0.9967, -0.1696, -0.2105, -0.1352, 0.0071, -0.0260, 0.1731|7928.0
26|1.0000, -1.0000, -0.1509, -0.2116, -0.1716, -0.0323, -0.0022, 0.3313|39060|0.9765, -0.9387, -0.1951, -0.1939, -0.1492, -0.0009, -0.0155, 0.2052|6749.8
27|1.0000, -1.0000, -0.1509, -0.2116, -0.1716, 0.0478, -0.0022, 0.1816|44240|0.9961, -0.9984, -0.1975, -0.2080, -0.1502, -0.0006, -0.0152, 0.2248|9544.8
28|0.9347, -1.0000, -0.1026, -0.2116, -0.1076, 0.0410, -0.0022, 0.3097|64880|0.9928, -0.9992, -0.1938, -0.2094, -0.1449, 0.0019, -0.0139, 0.2358|9766.6
29|1.0000, -1.0000, -0.1509, -0.2116, -0.1716, -0.0323, 0.0014, 0.3313|64360|0.9902, -1.0000, -0.1624, -0.2098, -0.1480, 0.0049, -0.0171, 0.2409|10720.4
30|0.9347, -1.0000, -0.1026, -0.2116, -0.1076, -0.0323, -0.0022, 0.3097|45380|0.9863, -1.0000, -0.1463, -0.2098, -0.1506, 0.0131, -0.0205, 0.2441|10662.4
31|1.0000, -1.0000, -0.1385, -0.1978, -0.1076, 0.0410, -0.0022, 0.3097|60720|0.9817, -1.0000, -0.1330, -0.2093, -0.1388, 0.0187, -0.0204, 0.2469|12270.2
32|1.0000, -1.0000, -0.1385, -0.2116, -0.1151, -0.0491, -0.0022, 0.2154|59920|0.9791, -1.0000, -0.1309, -0.2096, -0.1443, 0.0202, -0.0194, 0.2777|12671.4
