1|-1.0000, 0.5477, -0.6361, -0.5181, -0.6729, -0.7380, 0.2432, 0.5061|1620|-0.1053, 0.1072, -0.0247, -0.0527, -0.1418, 0.0558, 0.0134, -0.2321|138.2
2|0.4837, -1.0000, -0.0828, 0.0208, -0.8632, -0.4913, 0.0500, -0.2943|3640|-0.1409, -0.0700, -0.1610, -0.1726, -0.1881, -0.1789, -0.0069, -0.1789|226.8
3|0.4837, -1.0000, -0.0828, 0.0208, -0.8632, -0.4913, -0.0709, -0.2943|3600|0.0088, -0.1817, -0.3166, -0.3394, -0.2280, -0.4075, -0.1330, -0.1949|434.6
4|0.4837, -1.0000, -0.0828, 0.0208, -0.8632, -0.4913, -0.0709, -0.2943|5040|0.2206, -0.3290, -0.3568, -0.3649, -0.2724, -0.4845, -0.1339, -0.1735|725.2
5|0.4837, -1.0000, -0.0828, 0.0208, -0.8632, -0.4913, -0.0709, -0.2943|11260|0.2775, -0.5230, -0.3888, -0.4237, -0.4289, -0.4431, -0.1198, -0.2265|1193.2
6|0.4837, -1.0000, -0.0828, 0.0245, -0.8632, -0.4913, 0.0500, -0.2943|3520|0.2974, -0.7181, -0.3208, -0.3069, -0.6835, -0.4796, -0.0429, -0.2640|1144.0
7|0.4837, -1.0000, -0.0828, 0.0245, -0.8632, -0.4913, 0.0470, -0.2943|5060|0.3599, -0.8398, -0.2535, -0.2038, -0.8028, -0.4756, -0.0641, -0.2732|1289.2
8|0.4837, -1.0000, -0.0828, 0.0208, -0.8632, -0.4913, 0.0470, -0.2943|5240|0.3351, -0.9231, -0.1831, -0.1033, -0.8244, -0.3311, -0.0048, -0.2911|1207.2
9|0.4837, -1.0000, -0.0828, 0.0208, -0.8632, -0.4913, 0.0470, -0.2943|4380|0.4113, -0.9902, -0.1342, -0.0331, -0.8578, -0.4756, 0.0050, -0.3117|1488.8
10|0.4837, -1.0000, -0.0828, 0.0245, -0.8632, -0.4913, -0.0709, -0.2943|4160|0.4841, -1.0000, -0.1157, 0.0039, -0.8430, -0.4838, 0.0032, -0.3030|1631.2
11|0.4837, -1.0000, -0.0828, 0.0208, -0.8632, -0.4913, -0.0125, -0.2943|7860|0.4961, -0.9763, -0.0869, 0.0121, -0.8633, -0.4608, -0.0147, -0.2897|1783.6
12|0.4837, -1.0000, -0.0828, 0.0208, -0.7302, -0.2007, -0.0125, -0.2943|6340|0.5060, -0.9533, -0.0820, 0.0211, -0.8656, -0.4461, -0.0157, -0.2869|1783.8
13|0.4837, -1.0000, -0.0828, 0.0208, -0.8632, -0.3700, 0.0470, -0.1832|4340|0.4902, -0.9891, -0.0818, 0.0216, -0.8071, -0.4171, -0.0162, -0.2812|1740.0
14|0.6444, -1.0000, -0.0828, 0.0208, -0.8632, -0.3700, 0.0470, -0.1832|6720|0.4871, -0.9891, -0.0815, 0.0194, -0.8546, -0.4502, -0.0169, -0.2754|1885.2
15|0.4837, -1.0000, -0.0828, 0.0208, -0.8632, -0.2007, -0.0709, -0.2943|5560|0.4775, -0.9660, -0.0814, 0.0178, -0.8613, -0.4360, -0.0245, -0.2795|1961.0
16|0.4837, -1.0000, -0.0828, 0.0208, -0.8632, -0.2007, -0.0274, -0.2943|10160|0.4959, -0.9922, -0.0822, 0.0177, -0.8745, -0.4399, -0.0315, -0.2788|2127.2
17|0.4837, -1.0000, -0.0828, -0.0306, -0.8632, -0.4146, -0.0125, -0.2943|5740|0.5062, -0.9953, -0.0804, 0.0142, -0.8738, -0.4343, -0.0418, -0.2840|2003.6
18|0.4082, -1.0000, -0.0828, -0.0116, -1.0000, -0.4913, -0.0294, -0.2484|6340|0.5158, -0.9953, -0.0741, 0.0102, -0.8754, -0.4437, -0.0445, -0.2811|1939.4
19|0.4837, -1.0000, -0.0828, 0.0245, -0.8632, -0.4913, -0.0274, -0.2943|7540|0.5044, -0.9922, -0.0722, 0.0123, -0.8740, -0.4445, -0.0471, -0.2865|2077.4
20|0.4082, -1.0000, -0.0828, 0.0245, -0.8632, -0.4913, -0.0274, -0.2943|5500|0.4908, -0.9969, -0.0735, 0.0132, -0.8727, -0.4307, -0.0427, -0.2852|2001.8
21|0.4082, -1.0000, -0.0828, -0.0116, -0.8632, -0.2007, -0.0709, -0.2943|6440|0.4341, -1.0000, -0.0779, 0.0156, -0.8700, -0.4386, -0.0387, -0.2827|1891.2
22|0.4082, -1.0000, -0.0828, -0.0300, -0.8632, -0.3700, -0.0709, -0.2943|6720|0.4674, -0.8800, -0.0785, 0.0140, -0.8557, -0.4314, -0.0394, -0.2783|1839.0
23|0.4837, -1.0000, -0.0828, 0.0245, -0.8632, -0.2007, -0.0709, -0.2943|6120|0.4690, -1.0000, -0.0810, 0.0117, -0.8769, -0.4386, -0.0410, -0.2814|2233.2
24|0.4837, -1.0000, -0.0828, 0.0245, -0.8632, -0.2281, -0.0274, -0.2484|7480|0.4254, -1.0000, -0.0811, 0.0116, -0.8824, -0.4242, -0.0404, -0.2837|2092.6
25|0.4837, -1.0000, -0.0828, 0.0245, -0.8632, -0.4146, -0.0125, -0.2943|6620|0.3774, -1.0000, -0.0750, 0.0100, -0.8892, -0.4046, -0.0444, -0.2787|1979.2
26|0.4082, -1.0000, -0.0828, -0.0116, -0.8632, -0.2007, -0.0274, -0.2943|6780|0.4129, -1.0000, -0.0791, 0.0042, -0.8875, -0.3982, -0.0455, -0.2810|2129.0
27|0.4837, -1.0000, -0.0828, -0.0116, -0.8632, -0.2281, -0.0709, -0.2484|9000|0.4557, -0.9974, -0.0789, 0.0032, -0.8771, -0.3852, -0.0459, -0.2807|2262.4
28|0.4837, -1.0000, -0.0828, -0.0116, -0.8632, -0.2281, -0.0709, -0.2484|7500|0.4648, -1.0000, -0.0786, 0.0029, -0.8948, -0.3576, -0.0490, -0.2801|2154.8
29|0.4082, -1.0000, -0.0828, -0.0116, -0.8632, -0.2007, -0.0709, -0.2943|11440|0.4919, -1.0000, -0.0802, 0.0011, -0.8744, -0.3228, -0.0474, -0.2810|2394.6
30|0.4082, -1.0000, -0.0828, 0.0245, -1.0000, -0.3700, -0.0274, -0.2943|8200|0.4998, -1.0000, -0.0808, -0.0003, -0.8866, -0.3141, -0.0491, -0.2792|2507.2
31|0.6444, -1.0000, -0.0828, -0.0352, -1.0000, -0.2007, -0.0598, -0.2943|9280|0.5019, -1.0000, -0.0777, -0.0030, -0.8964, -0.3286, -0.0474, -0.2796|2413.4
32|0.4837, -1.0000, -0.0828, -0.0116, -0.8632, -0.2007, -0.0274, -0.2943|6020|0.5132, -1.0000, -0.0787, -0.0048, -0.8768, -0.3142, -0.0448, -0.2833|2247.6
