1|-0.1469, -0.6198, -0.8140, -0.9736, -0.4508, -0.6704, -1.0000, 0.7616|740|0.0298, -0.0819, -0.1947, -0.2913, 0.0479, -0.0508, -0.0890, 0.0646|111.4
2|0.6753, -0.0281, -0.7973, -1.0000, 0.4264, -0.6771, -0.2030, 0.5504|1740|0.1503, -0.1902, -0.3896, -0.5646, -0.1394, 0.0361, -0.3651, 0.1192|287.4
3|0.6753, -0.6198, -0.7973, -0.9736, -0.0207, -0.6704, -0.7120, -0.7669|1980|0.2582, -0.2606, -0.6365, -0.7761, -0.1628, -0.0246, -0.4811, 0.1303|464.0
4|1.0000, -0.6198, -0.8140, -0.3773, -0.4508, -0.6704, 0.9349, 0.7616|3560|0.2720, -0.3318, -0.7542, -0.8560, -0.2037, -0.1577, -0.5963, 0.1446|569.2
5|-0.0377, 0.1410, -0.7973, -0.9736, -0.0207, -0.1478, -0.7120, 0.7616|2580|0.3622, -0.3391, -0.7410, -0.8099, -0.2931, -0.2795, -0.7081, 0.2932|609.4
6|0.9411, -0.6198, -0.8140, -0.9736, -0.4508, -0.6704, -1.0000, 0.5504|2940|0.3422, -0.3910, -0.7934, -0.8045, -0.3619, -0.3846, -0.7475, 0.4026|595.2
7|-0.0377, -0.6198, -0.8140, -0.9736, -0.4508, -0.6704, -1.0000, 0.7616|3040|0.4229, -0.5044, -0.7599, -0.8133, -0.3728, -0.4126, -0.8045, 0.4561|734.8
8|0.6753, -0.6198, -0.7973, -1.0000, -0.4508, 0.2050, -0.2030, 0.7616|3980|0.3519, -0.5518, -0.8191, -0.8306, -0.3647, -0.4881, -0.8433, 0.6367|841.2
9|0.6753, -0.4181, -1.0000, -0.9549, -0.6095, -0.1478, 0.5491, 0.7616|3600|0.3921, -0.5916, -0.8183, -0.8201, -0.3992, -0.4051, -0.8387, 0.6921|764.2
10|0.9411, -0.6198, -0.8140, -0.9736, -0.4508, 0.2050, -0.9847, 1.0000|3720|0.4507, -0.6452, -0.8215, -0.7683, -0.4614, -0.3746, -0.8210, 0.6764|879.0
11|1.0000, -0.6198, -0.8140, -0.9736, -0.4508, -0.6704, -0.2961, 0.7616|2380|0.4988, -0.6446, -0.8327, -0.7983, -0.4746, -0.3354, -0.6813, 0.7107|897.4
12|-0.1701, -0.6198, -0.9225, -1.0000, -0.4508, -0.6704, -0.2030, 0.7616|3620|0.4717, -0.6479, -0.8227, -0.8511, -0.4739, -0.3655, -0.6027, 0.7247|875.0
13|1.0000, -0.6198, -0.8140, -0.9736, -0.1746, -0.6704, -0.2961, 0.7616|7060|0.5346, -0.6384, -0.8279, -0.7950, -0.4814, -0.3985, -0.5286, 0.7666|887.0
14|0.6753, -0.6198, -0.8140, -0.9549, -0.6095, -0.1478, 0.5491, 0.7616|2960|0.6648, -0.6205, -0.8354, -0.8618, -0.4458, -0.4260, -0.3803, 0.7835|967.8
15|1.0000, -0.8926, -0.8140, -0.5260, -0.4508, -0.6704, -0.2961, 0.7616|3320|0.7456, -0.6514, -0.3372, -0.7604, -0.4295, -0.4509, -0.4333, 0.7814|748.8
16|0.6753, -0.6198, -0.8140, -0.7343, -0.1746, -0.0959, -0.2961, 0.7616|7640|0.7001, -0.6787, -0.7428, -0.8273, -0.4903, -0.4714, -0.4552, 0.7801|1077.8
17|1.0000, -0.8926, -0.8140, -0.5260, -0.4152, -0.6704, -0.2961, 0.7616|3980|0.7441, -0.7462, -0.8291, -0.6823, -0.5089, -0.4630, -0.3188, 0.7817|1152.4
18|1.0000, -0.8926, -0.8140, -0.5260, -0.4152, -0.6704, -0.2961, 0.7616|4460|0.7442, -0.7528, -0.8256, -0.7156, -0.4814, -0.5177, -0.4531, 0.7736|1197.8
19|1.0000, -0.8926, -0.8140, -0.5260, -0.4152, -0.1478, -0.2961, 0.7616|3640|0.7873, -0.7788, -0.8235, -0.6930, -0.4526, -0.5295, -0.4027, 0.7737|1257.2
20|1.0000, -0.8926, -0.8140, -0.5260, -0.4152, -0.6704, -0.2961, 0.7616|5720|0.8306, -0.8292, -0.8092, -0.6869, -0.4441, -0.5259, -0.1299, 0.7738|1403.0
21|1.0000, -0.8926, -0.8140, -0.9736, -0.4152, -0.6704, 0.3898, 0.7616|5620|0.8259, -0.8669, -0.8147, -0.6496, -0.4340, -0.5193, -0.1412, 0.7778|1564.8
22|1.0000, -0.8926, -0.8140, -0.5260, -0.4152, -0.6704, -0.2529, 0.7616|4020|0.9035, -0.8846, -0.8225, -0.5880, -0.4340, -0.5684, -0.1011, 0.7429|1389.8
23|1.0000, -0.8926, -0.8140, -0.5260, -0.4152, -0.6704, -0.2529, 0.7616|4920|0.9388, -0.8774, -0.8172, -0.5644, -0.4254, -0.6031, -0.0961, 0.7572|1370.6
24|1.0000, -0.8926, -0.8140, -0.5260, -0.4152, -0.1478, -0.2961, 0.7616|9720|0.9805, -0.8622, -0.8173, -0.5441, -0.4091, -0.6075, -0.1117, 0.7649|1705.8
25|1.0000, -0.8926, -0.8140, -0.5260, -0.4152, -0.6704, -0.2961, 0.7616|7000|0.9838, -0.8592, -0.8167, -0.5414, -0.4049, -0.5909, -0.1625, 0.7650|1539.8
26|1.0000, -0.8926, -0.8140, -0.5260, -0.4152, -0.6704, -0.2961, 0.7616|7360|0.9935, -0.8503, -0.8156, -0.5523, -0.4000, -0.5849, -0.1761, 0.6310|1764.6
27|1.0000, -0.8926, -0.8140, -0.5260, -0.4152, -0.0959, -0.2961, 0.7616|6720|1.0000, -0.8368, -0.8160, -0.5468, -0.4106, -0.5753, -0.1620, 0.6615|1740.6
28|1.0000, -0.8926, -0.8140, -0.7343, -0.4152, -0.6995, -0.2961, 0.7616|4460|0.9755, -0.8602, -0.8203, -0.5510, -0.4103, -0.5542, -0.1707, 0.7142|1557.4
29|1.0000, -0.8926, -0.8140, -0.5260, -0.4152, -0.1478, -0.2961, 0.7616|7020|0.9673, -0.8660, -0.8230, -0.5641, -0.4135, -0.5490, -0.2039, 0.7304|1528.2
30|1.0000, -0.8926, -0.8140, -0.5487, -0.4332, -0.6704, 0.4067, 0.7616|7320|0.9632, -0.8671, -0.8230, -0.5650, -0.4148, -0.5033, -0.2486, 0.7431|1753.2
31|1.0000, -0.8926, -0.8140, -0.5260, -0.4152, -0.1478, -0.2961, 0.7616|4940|0.9591, -0.8595, -0.8261, -0.5459, -0.4134, -0.4795, -0.2225, 0.7571|1773.2
32|1.0000, -0.8926, -0.8140, -0.5260, -0.4152, -0.1478, -0.2529, 0.7616|7300|0.9714, -0.8764, -0.8218, -0.5394, -0.4077, -0.4798, -0.2283, 0.7334|1670.4
