1|-0.8959, -0.6590, -0.5072, -1.0000, -0.6881, 0.3538, 0.3242, -0.8232|1200|-0.0408, -0.0351, -0.2643, -0.2252, -0.1483, -0.1694, -0.1087, -0.0262|205.4
2|0.8155, -0.4911, -0.7291, -0.4643, -1.0000, 0.1668, -0.6635, -0.1209|2380|0.1621, -0.2533, -0.4578, -0.5449, -0.3839, -0.1417, -0.1971, -0.0185|422.0
3|0.9971, -0.7864, -0.6483, -1.0000, 0.0842, -0.4149, 0.9321, 1.0000|2980|0.4082, -0.3742, -0.6092, -0.6379, -0.4253, 0.0210, -0.1319, -0.0699|517.4
4|0.9881, -0.9571, -0.7745, -0.1481, -0.8691, -1.0000, 0.0111, -0.8002|2560|0.5271, -0.5063, -0.5913, -0.7077, -0.4327, -0.0280, -0.2566, 0.0080|605.6
5|0.8155, -0.4911, -0.7291, -0.4643, -1.0000, 0.1668, -0.6635, -0.1209|2700|0.6537, -0.4911, -0.5961, -0.6928, -0.4437, -0.0697, -0.3389, -0.0506|761.4
6|0.8155, -0.9571, -0.7745, -0.4643, -0.8691, 0.1668, 0.0111, -0.1209|4220|0.8359, -0.6274, -0.6289, -0.5562, -0.5983, -0.2251, -0.2491, -0.1207|944.0
7|0.9881, -0.9571, -0.7745, -0.4643, -0.8691, -1.0000, 0.0111, -0.1209|3720|0.8880, -0.7367, -0.6310, -0.4631, -0.6390, -0.3788, -0.2055, -0.1350|972.0
8|0.9440, -0.9571, -0.7745, -0.1481, -0.4411, -1.0000, 0.0111, -0.8002|3600|0.9286, -0.8344, -0.5849, -0.4070, -0.5952, -0.6415, 0.0239, -0.1772|1106.2
9|0.9440, -0.9571, -0.4130, -0.1689, -0.3104, -1.0000, 0.0111, -0.8002|2980|0.9247, -0.8942, -0.5651, -0.3366, -0.3835, -0.5917, 0.0892, -0.0993|972.2
10|0.9881, -0.9571, -0.4130, -0.1689, -0.2333, 0.1668, 0.0023, -0.1209|4920|0.9510, -0.8899, -0.5654, -0.3834, -0.3903, -0.7319, 0.1253, -0.1578|1184.2
11|0.9971, -0.7864, -0.6483, -1.0000, 0.0842, -0.4149, 0.9321, 1.0000|6580|0.9414, -0.9158, -0.5378, -0.3213, -0.3879, -0.7307, 0.0877, -0.2731|1285.6
12|0.9881, -0.9571, -0.4130, -0.1689, -0.2333, 0.1668, 0.0023, -0.1209|9560|0.9415, -0.9328, -0.5336, -0.3126, -0.4416, -0.6893, 0.0184, -0.3070|1328.8
13|0.8234, -1.0000, -0.4315, -0.4851, -0.2438, 0.1743, 0.0116, 0.1476|5500|0.9387, -0.9132, -0.5322, -0.2925, -0.4411, -0.7541, -0.0160, -0.3341|1325.4
14|0.8234, -1.0000, -0.4315, -0.4851, -0.2438, 0.1743, 0.0116, 0.1476|10220|0.9357, -0.9184, -0.5283, -0.3200, -0.4313, -0.7079, -0.0810, -0.2305|1595.0
15|0.9881, -0.9571, -0.4130, -0.1689, -0.2333, 0.1668, 0.0023, -0.1209|10960|0.8248, -0.9362, -0.5292, -0.3173, -0.4479, -0.7017, -0.0857, -0.1463|1484.0
16|0.9881, -0.9571, -0.4130, -0.1689, -0.2333, 0.1668, 0.0023, -0.1209|13280|0.9144, -0.9446, -0.5115, -0.2501, -0.3273, -0.6995, -0.0915, -0.1469|1782.4
17|0.9881, -0.9571, -0.4130, -0.1689, -0.2333, 0.1668, 0.0023, -0.1209|14380|0.9301, -0.9332, -0.5210, -0.2393, -0.3410, -0.6082, -0.1347, -0.1112|2040.8
18|0.9881, -0.9571, -0.4130, -0.1689, -0.2333, 0.1668, 0.0023, -0.1209|15160|0.9498, -0.9545, -0.4697, -0.2211, -0.3030, -0.3719, -0.0825, -0.0546|2445.0
19|0.9881, -0.9571, -0.4130, -0.1689, -0.2333, 0.1668, 0.0023, -0.1209|11620|0.9552, -0.9592, -0.4417, -0.2174, -0.2732, -0.2096, -0.0564, -0.0450|2863.8
20|0.9881, -0.9571, -0.4130, -0.1689, -0.2333, 0.1668, 0.0023, -0.1209|12480|0.9492, -0.9611, -0.4176, -0.2041, -0.2554, -0.0657, -0.0235, -0.0748|3066.0
21|0.9881, -0.9571, -0.4130, -0.1689, -0.2333, 0.1668, 0.0023, -0.1209|25120|0.9660, -0.9628, -0.4167, -0.2023, -0.2413, 0.0421, -0.0173, -0.0807|3227.0
22|0.9881, -1.0000, -0.4130, -0.1689, -0.2333, 0.1668, 0.0023, -0.1134|19360|0.9619, -0.9617, -0.4144, -0.2032, -0.2380, 0.0768, -0.0039, -0.0818|3527.6
23|1.0000, -0.9686, -0.4130, -0.1709, -0.2361, 0.1668, 0.0004, -0.1223|14820|0.9672, -0.9640, -0.4150, -0.2006, -0.2354, 0.1333, 0.0028, -0.0949|3487.8
24|1.0000, -0.9571, -0.4130, -0.1709, -0.2361, 0.1668, 0.0004, 0.1476|18480|0.9692, -0.9631, -0.4160, -0.2009, -0.2391, 0.1677, 0.0032, -0.0673|4296.2
25|0.9881, -0.9571, -0.4130, -0.1689, -0.2333, 0.1668, 0.0023, -0.1209|9820|0.9605, -0.9654, -0.4154, -0.1949, -0.2382, 0.1673, 0.0025, -0.0734|2533.8
26|0.9881, -1.0000, -0.4130, -0.1689, -0.2333, 0.1668, 0.0023, -0.1134|19820|0.9641, -0.9641, -0.4148, -0.1855, -0.2383, 0.1673, 0.0021, -0.0880|4119.6
27|1.0000, -0.9686, -0.4130, -0.1709, -0.2361, 0.1668, 0.0004, -0.0144|23380|0.9799, -0.9664, -0.4153, -0.1728, -0.2366, 0.1673, 0.0019, -0.0829|4157.6
28|1.0000, -0.9686, -0.4180, -0.1709, -0.2361, 0.1688, 0.0023, 0.0914|23220|0.9885, -0.9660, -0.4144, -0.1652, -0.2299, 0.1672, 0.0015, -0.0875|3801.4
29|0.9881, -0.9571, -0.4130, -0.1689, -0.2333, 0.1668, 0.0023, -0.1134|17660|0.9917, -0.9656, -0.4146, -0.1677, -0.2348, 0.1673, 0.0014, -0.0826|3426.6
30|1.0000, -0.9686, -0.4180, -0.1689, -0.2361, 0.1668, 0.0023, -0.0144|20960|0.9904, -0.9647, -0.4144, -0.1651, -0.2348, 0.1672, 0.0013, -0.0764|4391.8
31|0.9881, -0.9571, -0.4180, -0.1689, -0.2333, 0.1668, 0.0004, -0.1134|18980|0.9921, -0.9640, -0.4145, -0.1669, -0.2349, 0.1672, 0.0013, -0.0720|3976.4
32|0.9881, -0.9571, -0.4130, -0.1689, -0.2361, 0.1668, 0.0023, -0.1134|12660|0.9913, -0.9650, -0.4146, -0.1669, -0.2350, 0.1672, 0.0012, -0.0682|3618.8
