1|0.6379, 0.4245, -0.6238, -0.2344, 0.1614, -1.0000, -0.9427, -0.4235|1740|0.0834, 0.1286, -0.1247, 0.1062, 0.0207, -0.1460, 0.0777, -0.0883|107.4
2|0.8928, -1.0000, -0.9524, -0.4797, -0.7319, -0.1765, 0.3436, -0.3691|1700|0.2440, 0.1765, -0.4793, -0.2226, -0.1472, -0.3388, 0.1571, -0.1470|240.2
3|-0.0660, -1.0000, -0.3774, -0.4526, -0.0097, 0.0769, 0.0372, 0.1000|6060|0.4346, 0.0736, -0.6738, -0.4589, -0.2201, -0.3997, 0.2744, -0.2111|468.8
4|0.8928, -1.0000, -0.9524, -0.4797, -0.7319, -0.1765, 0.3436, -0.3691|4920|0.4748, -0.1383, -0.7623, -0.6086, -0.3354, -0.2938, 0.2768, -0.1834|684.8
5|0.8928, -1.0000, -0.9524, -0.4797, -0.7319, -0.1765, 0.3436, -0.3691|4660|0.5635, -0.4090, -0.8800, -0.6864, -0.3817, -0.3083, 0.1624, -0.1662|923.8
6|-0.0660, -1.0000, -0.3774, -0.4526, -0.0097, 0.0769, 0.0372, 0.1000|6160|0.5838, -0.4421, -0.6201, -0.7189, -0.3982, -0.2957, 0.2646, -0.0437|704.4
7|-0.0660, -1.0000, -0.3774, -0.4526, -0.0097, 0.0769, 0.0372, 0.1000|3620|0.5240, -0.5410, -0.8021, -0.7897, -0.3377, -0.1807, 0.2223, -0.0634|879.4
8|0.8791, -1.0000, -0.9524, -0.4797, -0.0097, -0.1765, 0.3436, -0.9445|4600|0.5359, -0.7067, -0.7760, -0.7594, -0.3439, -0.1477, 0.1944, -0.1210|1194.0
9|-0.0660, -1.0000, -0.3774, -0.4526, -0.0097, 0.0769, 0.0372, 0.7857|6000|0.5985, -0.7721, -0.8006, -0.7008, -0.3524, -0.2013, 0.1666, -0.1416|1231.4
10|-0.0660, -1.0000, -0.3774, -0.4526, -0.0097, 0.0769, 0.0372, 0.1000|5920|0.5694, -0.8242, -0.7771, -0.6457, -0.3624, -0.2447, 0.1252, -0.1162|1292.2
11|0.8928, -1.0000, -0.3774, -0.4526, -0.0097, 0.0769, 0.0372, 0.1000|13600|0.5393, -0.9076, -0.7077, -0.5982, -0.2982, -0.2670, 0.1292, -0.0820|1684.4
12|0.8928, -1.0000, -0.3774, -0.4526, -0.0097, 0.0769, 0.0372, 0.1000|10980|0.5884, -0.9123, -0.6946, -0.5635, -0.2561, -0.2075, 0.1268, -0.0935|1912.2
13|0.8928, -1.0000, -0.3774, -0.4526, -0.0097, -0.0307, 0.0372, 0.1000|13080|0.5622, -0.9598, -0.6087, -0.5470, -0.2165, -0.1050, 0.0439, -0.0270|2212.8
14|0.8928, -1.0000, -0.3774, -0.4526, -0.0126, -0.0307, 0.0372, 0.1000|21120|0.5841, -0.9820, -0.5954, -0.5156, -0.1597, -0.1307, 0.0393, 0.0065|2536.8
15|0.8928, -1.0000, -0.3774, -0.4526, -0.0126, 0.0404, 0.0372, 0.1000|15940|0.6795, -0.9313, -0.5561, -0.4678, -0.0873, -0.0006, 0.0250, 0.0364|3094.2
16|0.8928, -1.0000, -0.3774, -0.4526, -0.0097, 0.0404, 0.0372, -0.0451|17920|0.4278, -0.8675, -0.5918, -0.5655, -0.0528, 0.0169, 0.0426, 0.1096|2694.4
17|0.8928, -1.0000, -0.4227, -0.4526, -0.0142, 0.0453, 0.0372, 0.1000|17660|0.6355, -0.9470, -0.5283, -0.4718, -0.0356, 0.0202, 0.0825, 0.0643|3562.8
18|0.8928, -1.0000, -0.3774, -0.4526, -0.0030, 0.0453, 0.0372, 0.1000|27380|0.7077, -0.9266, -0.4014, -0.4564, -0.0321, 0.0145, 0.0825, 0.0834|3763.8
19|1.0000, -1.0000, -0.3774, -0.4526, -0.0126, 0.0404, 0.0494, -0.0451|17200|0.7771, -0.9684, -0.4245, -0.4596, -0.0107, 0.0302, 0.0778, 0.0850|4484.4
20|0.8928, -1.0000, -0.3774, -0.4526, -0.0126, 0.0769, 0.0372, -0.0451|16860|0.8583, -0.9857, -0.4044, -0.4420, -0.0050, 0.0373, 0.0716, 0.0950|5355.6
21|0.8928, -1.0000, -0.3774, -0.4526, -0.0126, 0.0769, 0.0372, 0.1000|20940|0.7957, -0.9781, -0.3942, -0.4391, -0.0051, 0.0378, 0.0678, 0.1002|4881.2
22|0.8928, -1.0000, -0.3774, -0.2287, -0.0097, 0.0769, 0.0372, 0.1000|25140|0.8927, -1.0000, -0.3882, -0.4347, -0.0055, 0.0489, 0.0555, 0.0898|5799.2
23|0.8928, -1.0000, -0.3774, -0.2287, -0.0097, 0.0769, 0.0372, 0.1000|30740|0.8936, -0.9978, -0.3632, -0.4352, -0.0047, 0.0473, 0.0464, 0.0990|5712.0
24|0.8928, -1.0000, -0.3774, -0.2287, -0.0097, 0.0769, 0.0372, 0.1000|39240|0.8902, -1.0000, -0.3805, -0.4078, -0.0020, 0.0544, 0.0390, 0.0988|6694.0
25|0.8928, -1.0000, -0.3774, -0.2287, -0.0126, 0.0572, 0.0372, 0.1000|32340|0.9020, -1.0000, -0.3792, -0.3742, -0.0057, 0.0575, 0.0380, 0.0740|6195.6
26|0.8928, -1.0000, -0.1901, -0.2287, -0.0097, 0.0769, 0.0372, 0.1000|97200|0.9100, -1.0000, -0.3740, -0.3451, -0.0070, 0.0615, 0.0393, 0.1201|9882.8
27|0.8928, -1.0000, -0.3774, -0.2287, -0.0097, 0.0769, 0.0372, 0.1000|51780|0.8796, -0.9960, -0.3646, -0.3151, -0.0060, 0.0613, 0.0370, 0.0849|8320.6
28|0.8928, -1.0000, -0.1901, -0.2287, -0.0097, 0.0769, 0.0372, 0.1000|55140|0.8936, -0.9980, -0.3603, -0.3085, -0.0047, 0.0605, 0.0373, 0.0813|9284.4
29|0.8928, -1.0000, -0.1901, -0.2287, -0.0097, 0.0769, 0.0372, 0.1000|55080|0.9012, -1.0000, -0.3512, -0.2776, -0.0054, 0.0628, 0.0372, 0.0807|10753.0
30|0.8928, -1.0000, -0.1901, -0.2287, -0.0097, 0.0404, 0.0372, 0.1000|58960|0.8875, -1.0000, -0.3438, -0.2507, -0.0044, 0.0611, 0.0372, 0.0841|10842.2
31|0.8928, -1.0000, -0.1901, -0.2287, -0.0097, 0.0769, 0.0372, 0.1000|77900|0.9098, -1.0000, -0.3464, -0.2466, -0.0019, 0.0658, 0.0372, 0.0856|12018.0
32|0.8928, -1.0000, -0.1901, -0.2287, -0.0097, 0.0404, 0.0372, 0.1000|99180|0.9132, -1.0000, -0.3155, -0.2399, -0.0019, 0.0695, 0.0372, 0.0923|15813.4
