1|1.0000, -0.3556, -0.7271, -0.9518, -0.0572, -0.5511, 0.3185, -0.0123|1380|0.0165, -0.0804, -0.1179, -0.2988, -0.1641, -0.1122, -0.0209, -0.0911|174.6
2|-0.2339, -0.7707, -0.8460, -0.9709, -0.0382, -1.0000, -0.9543, -0.0820|2860|0.2386, -0.0393, -0.3115, -0.5427, -0.1318, -0.2492, 0.0118, -0.1078|330.4
3|-0.0540, -0.9466, -0.9443, -0.6549, -0.3775, -0.1707, 0.0998, 0.9882|2720|0.2660, -0.2011, -0.4604, -0.7467, -0.1448, -0.3557, -0.0324, -0.0533|445.6
4|-0.0540, -0.9466, -0.9443, -0.6549, -0.3775, -0.1707, 0.0998, 0.9882|4100|0.3069, -0.1227, -0.5800, -0.7440, -0.0449, -0.3773, 0.1066, -0.0036|503.8
5|-0.0540, -0.9466, -0.9443, -0.6549, -0.3775, -0.1707, 0.1052, 1.0000|4200|0.4361, -0.2590, -0.5558, -0.7832, -0.0247, -0.3193, 0.1199, 0.1165|603.4
6|-0.0540, -0.9466, -0.9443, -0.6549, -0.3775, -0.1707, 0.1052, 1.0000|2620|0.4036, -0.2100, -0.5475, -0.7272, -0.1303, -0.2864, 0.0421, 0.0018|571.2
7|1.0000, -0.8698, -0.2287, -0.4015, -0.2583, -0.8361, 0.3224, 0.1728|4440|0.3011, -0.4499, -0.6048, -0.7006, -0.1486, -0.3213, 0.0928, 0.0373|722.0
8|1.0000, -0.7876, -0.7857, -0.5449, -0.3194, -0.1421, 0.3572, -0.0103|3240|0.4064, -0.4579, -0.5647, -0.6671, -0.1675, -0.3061, 0.1402, 0.0648|754.6
9|1.0000, -0.7876, -0.7857, -0.5449, -0.3194, -0.1421, 0.3572, -0.0103|3600|0.5057, -0.4505, -0.6519, -0.6822, -0.1258, -0.2867, 0.1136, 0.0942|751.8
10|1.0000, -1.0000, -0.8269, -0.6918, -0.2970, -0.1804, 0.4452, 0.3652|3560|0.5309, -0.4535, -0.6692, -0.7251, -0.1598, -0.2446, 0.1769, 0.0933|829.0
11|-0.0449, -1.0000, -0.7857, -1.0000, -0.3141, -0.1421, -0.1096, 0.1987|7820|0.5099, -0.5954, -0.6130, -0.7452, -0.1634, -0.2545, 0.1849, 0.1218|1056.4
12|0.2619, -1.0000, -0.2684, -0.2388, -0.3549, 0.1161, -0.0405, -0.0080|5480|0.5560, -0.6842, -0.6269, -0.6873, -0.1963, -0.1270, 0.2399, 0.0901|1040.6
13|0.2619, -1.0000, -0.2684, -0.2388, -0.3549, 0.1161, -0.0405, -0.0080|12460|0.5900, -0.6461, -0.6195, -0.6606, -0.1956, -0.2034, 0.2316, 0.0709|1359.2
14|0.2375, -1.0000, -0.2433, -0.2166, -0.3218, 0.1053, -0.0367, -0.0072|13900|0.5233, -0.7598, -0.5435, -0.6676, -0.1795, -0.1436, 0.1827, 0.0050|1682.8
15|0.2375, -1.0000, -0.2433, -0.2166, -0.3218, 0.1053, -0.0367, -0.0072|17580|0.5080, -0.8028, -0.5901, -0.5762, -0.1653, -0.1485, 0.1264, 0.0101|2119.2
16|0.2375, -1.0000, -0.2359, -0.2166, -0.3218, -0.0250, -0.0367, -0.0101|13620|0.5313, -0.8025, -0.4901, -0.4830, -0.1762, -0.1066, 0.0852, -0.0002|2110.4
17|1.0000, -0.9102, -1.0000, -0.2388, -0.0438, -0.1525, -0.0405, 0.0125|15680|0.3106, -0.8796, -0.4194, -0.1078, 0.0987, -0.0314, 0.0493, -0.0023|1099.8
18|0.2375, -1.0000, -0.2359, -0.2166, -0.0569, 0.0068, 0.0169, -0.0101|30280|0.3528, -0.8740, -0.5648, -0.3471, -0.0507, -0.0135, 0.0834, 0.0084|2154.6
19|0.2609, -1.0000, -0.0630, -0.2379, 0.0718, 0.0129, -0.0376, -0.0079|58680|0.4870, -0.9152, -0.5757, -0.4219, -0.0933, -0.0099, 0.0695, 0.0404|4117.4
20|0.2609, -1.0000, -0.0290, -0.2379, 0.0470, 0.0129, -0.0376, -0.0079|52080|0.4626, -0.8985, -0.5486, -0.3344, -0.0963, -0.0196, 0.0270, 0.0312|4892.4
21|1.0000, -1.0000, -0.0660, -0.2166, -0.0803, 0.1564, -0.0405, 0.0919|39160|0.5459, -0.9207, -0.3936, -0.3366, -0.1121, 0.0046, 0.0361, 0.0210|6005.0
22|0.2375, -1.0000, -0.0290, -0.2166, -0.0791, 0.0129, -0.0376, 0.0001|41180|0.5414, -0.9632, -0.3274, -0.2471, -0.1208, 0.0091, 0.0122, 0.0314|7263.4
23|0.2375, -0.9805, -0.0238, -0.1954, -0.0649, -0.0076, -0.0405, 0.1179|44280|0.5131, -0.9648, -0.2781, -0.2747, -0.1235, 0.0343, 0.0053, 0.0429|7237.4
24|0.2422, -1.0000, 0.0012, -0.1992, -0.0803, -0.0077, 0.0662, 0.1202|147780|0.5315, -0.9973, -0.1698, -0.2749, -0.1158, 0.0296, 0.0115, 0.0435|13007.8
25|1.0000, -1.0000, -0.0520, -0.2166, -0.0569, 0.0068, -0.0413, 0.0919|85960|0.5077, -0.8782, -0.1136, -0.2359, -0.0857, 0.0322, 0.0081, 0.0566|11170.4
26|0.2422, -1.0000, 0.0012, -0.1992, -0.0662, -0.0077, -0.0413, 0.1202|107080|0.5782, -0.9780, -0.0861, -0.2487, -0.0894, 0.0453, 0.0001, 0.0604|12632.8
27|0.2422, -1.0000, 0.0012, -0.1651, -0.0612, -0.0077, -0.0413, 0.0700|274220|0.5000, -1.0000, -0.0540, -0.2173, -0.0755, 0.0368, 0.0081, 0.0503|22009.4
28|0.2422, -1.0000, -0.0503, -0.1651, -0.0612, -0.0077, -0.0413, 0.0700|153120|0.4866, -0.9875, -0.0409, -0.2115, -0.0725, 0.0213, 0.0019, 0.0589|23367.8
29|0.2422, -1.0000, -0.0503, -0.1651, -0.0612, -0.0077, -0.0413, 0.0700|185400|0.5206, -1.0000, -0.0378, -0.1991, -0.0663, 0.0188, -0.0050, 0.0636|23806.0
30|0.2422, -1.0000, -0.0503, -0.1651, -0.0612, -0.0077, -0.0413, 0.0700|231000|0.5050, -1.0000, -0.0387, -0.1915, -0.0639, 0.0218, -0.0065, 0.0705|30527.2
31|0.2422, -1.0000, -0.0503, -0.1651, 0.0473, 0.0129, 0.0662, 0.0700|211400|0.5130, -1.0000, -0.0348, -0.1849, -0.0624, 0.0199, -0.0036, 0.0645|29428.0
32|0.2422, -1.0000, -0.0213, -0.1651, -0.0137, -0.0077, -0.0413, 0.0700|388060|0.4525, -1.0000, -0.0307, -0.1797, -0.0608, 0.0036, -0.0118, 0.0685|44679.6
