1|0.2177, -1.0000, -0.6668, -0.6871, -0.9142, 0.3707, -0.2336, 0.7403|1900|-0.0498, -0.2254, -0.4705, 0.0642, 0.0463, -0.3903, 0.0292, -0.2208|132.8
2|0.0723, -0.5523, -1.0000, -0.6095, -0.2362, 0.3943, -0.3283, -0.1859|3720|-0.0738, -0.2216, -0.6313, -0.3502, 0.0342, -0.3426, 0.0464, -0.0487|320.4
3|0.6105, -0.8705, -1.0000, -0.1497, -0.0969, 0.5377, 0.1856, -0.3476|2260|0.1936, -0.4434, -0.7209, -0.4431, -0.0634, -0.2258, -0.0172, -0.1201|396.4
4|0.6105, -1.0000, -1.0000, -0.6268, 0.3132, -0.6646, 0.1856, -0.2852|3660|0.3195, -0.6050, -0.7132, -0.5284, -0.1842, -0.1696, -0.0480, -0.2046|603.8
5|0.0723, -0.5523, -0.7688, -0.7023, -0.2362, 0.3943, -0.3283, -0.2502|2860|0.4551, -0.6060, -0.6997, -0.6609, -0.2819, -0.0231, -0.0775, -0.1543|580.6
6|0.7013, -1.0000, -0.4573, -0.1719, -0.1113, -0.3075, 0.2132, -0.9352|4080|0.4672, -0.6749, -0.6762, -0.6232, -0.3430, -0.1351, -0.0007, -0.0852|763.8
7|0.6105, -1.0000, -0.4573, -0.6871, -0.2362, 0.3943, 0.1856, -0.2502|4100|0.5060, -0.7343, -0.6581, -0.4823, -0.3890, -0.0723, -0.0429, -0.0774|682.2
8|0.6105, -0.8705, -0.6668, -0.7023, -0.0969, 0.3707, -0.2536, -0.3476|6740|0.4958, -0.8174, -0.6508, -0.7006, -0.4301, -0.1455, 0.0548, 0.0541|1003.2
9|0.2177, -1.0000, -0.6668, -0.8595, -0.8165, 0.3707, 0.1719, 1.0000|3840|0.4610, -0.8203, -0.6036, -0.6492, -0.4119, -0.1838, 0.0658, 0.0565|1099.6
10|0.2177, -1.0000, -0.6668, -0.8595, -0.8165, 0.3707, 0.1719, 1.0000|3640|0.4882, -0.8879, -0.5838, -0.5620, -0.3741, -0.0898, 0.0460, 0.0207|1026.0
11|0.6105, -1.0000, -0.6668, -0.6268, -0.1113, -0.6646, 0.1719, 1.0000|7520|0.4858, -0.8980, -0.5956, -0.5760, -0.3987, -0.1318, 0.0672, 0.0900|1190.6
12|0.6105, -1.0000, -0.4573, -0.6871, -0.2362, 0.3943, 0.1856, -0.2502|6880|0.4191, -0.9112, -0.6014, -0.4740, -0.4034, -0.1232, 0.0825, 0.0900|1092.6
13|0.7013, -1.0000, -0.4573, -0.1079, -0.1113, -0.3075, 0.2132, -0.9352|6700|0.5421, -0.9493, -0.5588, -0.4888, -0.3159, -0.2529, 0.1122, -0.1231|1243.4
14|0.7013, -1.0000, -0.4573, -0.1079, -0.1113, -0.3075, 0.2132, -0.9352|5420|0.5671, -0.9561, -0.5546, -0.5208, -0.3363, -0.2519, 0.0745, -0.0702|1224.4
15|0.6105, -1.0000, -0.6668, -0.8595, -0.1113, 0.3707, 0.1719, 1.0000|9000|0.5653, -0.9440, -0.5576, -0.5502, -0.3307, -0.2480, 0.0837, -0.0078|1332.2
16|0.6105, -1.0000, -0.3370, -0.6268, -0.1113, -0.6646, 0.2132, 1.0000|6460|0.5746, -0.9663, -0.5707, -0.5198, -0.2916, -0.2454, 0.1393, -0.0368|1243.0
17|0.7013, -1.0000, -0.4573, -0.1079, -0.1113, -0.3075, -0.0428, -0.1812|7860|0.5898, -0.9828, -0.5789, -0.5357, -0.2355, -0.1814, 0.0961, 0.0260|1413.6
18|0.2177, -1.0000, -0.6668, -0.6871, -0.1596, -1.0000, -0.2336, 0.7403|4760|0.5868, -0.9898, -0.5470, -0.5197, -0.2122, -0.1889, 0.0849, 0.0028|1326.2
19|0.6105, -1.0000, -0.6668, -0.8595, -0.1113, 0.3707, 0.1719, 1.0000|5540|0.5633, -0.9869, -0.5467, -0.5271, -0.2188, -0.1943, 0.0910, 0.1784|1527.4
20|0.6105, -1.0000, -0.4573, -0.6871, -0.1113, 0.4313, 0.1719, -0.1812|8040|0.5364, -0.9878, -0.5185, -0.5526, -0.1677, -0.2338, 0.0747, 0.2043|1755.4
21|0.7013, -1.0000, -0.4573, -0.1079, -0.1113, -0.3075, -0.0428, -0.1812|8120|0.5045, -0.9896, -0.5059, -0.5219, -0.1326, -0.1870, 0.0423, 0.2048|1850.0
22|0.7013, -1.0000, -0.4573, -0.1079, -0.1113, -0.3075, -0.0428, -0.1812|10280|0.5147, -0.9870, -0.5100, -0.5090, -0.1356, -0.1139, 0.0350, 0.1775|2095.8
23|0.7013, -1.0000, -0.4573, -0.1394, -0.1596, -0.3075, -0.0428, -0.1812|13800|0.5193, -0.9935, -0.4774, -0.4553, -0.1376, -0.1225, 0.0511, 0.0659|2316.2
24|0.2901, -1.0000, -0.4573, -0.1079, -0.1596, -0.3075, -0.0428, -0.1812|11320|0.4958, -0.9922, -0.4714, -0.3740, -0.1313, -0.1597, 0.0215, 0.0551|2417.8
25|0.7013, -1.0000, -0.4573, -0.1079, -0.1596, -0.3075, -0.0428, -0.1812|13660|0.4858, -0.9974, -0.4645, -0.2687, -0.1374, -0.2163, 0.0059, -0.0533|2730.4
26|0.7013, -1.0000, -0.4573, -0.1079, -0.1113, -0.3075, -0.0428, -0.1812|12800|0.4786, -1.0000, -0.4532, -0.2140, -0.1351, -0.2246, 0.0116, -0.0755|2845.2
27|0.7013, -1.0000, -0.4573, -0.1394, -0.1596, -0.3075, 0.0437, -0.1812|10700|0.5090, -1.0000, -0.4594, -0.1921, -0.1379, -0.2548, 0.0030, -0.0845|2849.8
28|0.7013, -1.0000, -0.4573, -0.1394, -0.1596, -0.3075, 0.0437, -0.1812|15480|0.5655, -1.0000, -0.4636, -0.1977, -0.1404, -0.2266, 0.0060, -0.1096|2821.8
29|0.2901, -1.0000, -0.4573, -0.1079, -0.1113, -0.3075, -0.0428, -0.1812|9660|0.5435, -1.0000, -0.4636, -0.1608, -0.1430, -0.2792, 0.0116, -0.1588|2486.8
30|0.7013, -1.0000, -0.4573, -0.1079, -0.1596, -0.3075, 0.0437, -0.1812|12900|0.5423, -1.0000, -0.4573, -0.1587, -0.1457, -0.2656, 0.0014, -0.1584|3262.0
31|0.6105, -1.0000, -0.4573, -0.6871, -0.1113, 0.4313, 0.1719, 0.5773|12340|0.5812, -1.0000, -0.4573, -0.1584, -0.1438, -0.2656, 0.0152, -0.1488|2979.6
32|0.7013, -1.0000, -0.4573, -0.1394, -0.1596, -0.3075, 0.0437, -0.2502|10620|0.5921, -1.0000, -0.4573, -0.1592, -0.1472, -0.2662, 0.0129, -0.1626|2378.6
