1|-0.3271, -0.2865, -0.8952, -0.6667, 0.2724, -1.0000, -0.8276, -0.0811|1620|0.0111, 0.1898, -0.0222, -0.1517, -0.0362, -0.0535, 0.1182, 0.0301|115.8
2|0.5038, -0.6332, -1.0000, -0.7252, 0.0447, 0.4000, 0.6578, 0.5322|3880|0.0588, 0.0764, -0.1360, -0.2644, -0.0892, -0.1113, 0.1485, 0.1240|209.0
3|0.5038, -0.6332, -1.0000, -0.7252, 0.0447, 0.4000, 0.6578, 0.5322|3580|0.0522, -0.0450, -0.4475, -0.5062, -0.0812, -0.1321, -0.0632, 0.2395|381.6
4|0.5038, -0.6332, -1.0000, -0.7252, -0.0238, 0.4000, 0.6578, 0.5322|1940|0.0832, -0.1467, -0.5757, -0.6330, -0.1109, -0.2125, -0.0702, 0.1808|412.4
5|0.5038, -0.6126, -1.0000, -0.7252, -0.0238, 0.4000, 0.6578, 0.5322|3180|0.2134, -0.2715, -0.6796, -0.6792, -0.0500, -0.2517, -0.0061, 0.2496|567.2
6|0.5038, -0.6126, -1.0000, -0.7252, -0.0238, 0.4000, 0.3871, 0.5322|2960|-0.0014, -0.4097, -0.8042, -0.7024, -0.0425, -0.0256, 0.2194, 0.2421|492.6
7|0.5038, -0.6126, -1.0000, -0.7252, -0.0238, 0.4000, 0.3871, 0.5322|2820|0.1667, -0.4357, -0.7805, -0.7318, -0.0753, -0.0362, 0.1936, 0.3265|580.6
8|0.5038, -0.6332, -1.0000, -0.7252, -0.0238, 0.4000, 0.6578, 0.5322|5700|0.2307, -0.4590, -0.7921, -0.7453, -0.0897, -0.1253, 0.2795, 0.3304|810.0
9|0.5038, -0.6332, -1.0000, -0.7252, -0.0238, 0.4000, 0.6578, 0.5322|3540|0.2888, -0.4855, -0.6971, -0.7388, -0.1406, -0.2870, 0.2735, 0.3208|818.8
10|0.5038, -0.6332, -0.2944, -0.7252, -0.0238, 0.4000, 0.6578, 0.5322|4740|0.3993, -0.5278, -0.7550, -0.7039, -0.1350, -0.1415, 0.2983, 0.3445|866.2
11|0.5038, -0.6126, -1.0000, -0.7252, -0.0238, 0.4000, 0.6578, 0.5322|3740|0.4649, -0.5639, -0.7967, -0.7056, -0.1154, -0.1676, 0.0624, 0.3129|938.8
12|0.5038, -0.6332, -1.0000, -0.5185, -0.0238, 0.4000, -0.3761, 0.5322|9280|0.4826, -0.5804, -0.8618, -0.6486, -0.1548, -0.2197, 0.1271, 0.3297|959.0
13|0.5038, -0.6126, -0.2944, -0.7252, -0.0238, 0.4000, 0.6578, 0.5322|4120|0.5114, -0.5903, -0.8668, -0.6553, -0.1399, -0.2477, 0.1446, 0.3002|1124.0
14|0.5038, -0.6126, -1.0000, -0.7252, -0.0238, 0.0464, 0.3871, 0.5322|4100|0.5239, -0.6228, -0.8392, -0.6284, -0.1354, -0.2292, 0.2421, 0.3296|1008.8
15|0.5038, -0.6332, -0.3690, -0.5067, -0.0238, 0.4000, 0.2933, -0.1129|3660|0.5428, -0.6502, -0.7695, -0.6617, -0.1379, -0.1601, 0.3361, 0.2909|1146.4
16|0.5038, -0.6332, -1.0000, -0.5185, -0.0238, 0.3080, 0.2933, 0.2863|6040|0.5848, -0.6875, -0.7500, -0.6915, -0.1454, -0.1664, 0.3417, 0.2132|1137.6
17|0.5038, -0.9313, -0.5609, -0.7252, -0.4655, 0.4000, 0.2933, 0.5322|6380|0.6009, -0.7202, -0.7442, -0.6923, -0.1450, -0.0710, 0.3253, 0.1831|1315.0
18|0.3959, -1.0000, -0.4408, -0.4074, -0.0187, 0.2420, 0.2305, 0.4182|6380|0.6144, -0.7530, -0.7248, -0.6848, -0.1259, -0.0457, 0.3555, 0.1647|1286.0
19|0.7956, -1.0000, -0.5827, -0.5185, -0.0040, 0.0464, 0.2933, 0.0011|6100|0.6554, -0.8199, -0.7335, -0.5946, -0.0898, -0.1390, 0.4035, 0.0795|1218.6
20|0.3959, -1.0000, -0.4408, -0.4074, -0.0187, 0.2420, 0.2305, 0.4182|6320|0.6261, -0.8908, -0.7023, -0.6352, -0.0668, -0.2204, 0.3808, 0.1065|1530.4
21|0.3959, -1.0000, -0.4408, -0.4074, -0.0388, 0.2420, 0.2305, -0.1213|12700|0.6245, -0.9429, -0.6068, -0.5818, -0.0371, -0.0996, 0.3822, 0.1301|1874.0
22|0.3959, -1.0000, -0.4408, -0.4074, -0.0187, 0.2420, 0.2305, 0.4182|11300|0.6421, -0.9713, -0.5477, -0.5645, -0.0373, -0.0453, 0.3276, 0.1510|1973.6
23|0.3959, -1.0000, -0.4408, -0.4074, -0.0187, 0.2420, 0.2305, 0.4182|9780|0.5593, -0.9830, -0.5985, -0.5476, -0.0318, 0.0528, 0.3149, 0.1698|2053.0
24|0.3959, -1.0000, -0.4408, -0.4074, -0.0187, 0.2420, 0.2305, 0.4182|9100|0.5426, -0.9844, -0.5976, -0.4898, -0.0256, 0.0365, 0.2916, 0.1989|2230.0
25|0.5038, -1.0000, -1.0000, -0.2656, -0.0084, 0.2420, 0.2305, 0.4251|22560|0.5318, -0.7345, -0.5703, -0.4602, -0.0240, 0.0631, 0.2539, 0.2171|2545.6
26|0.4251, -1.0000, -0.4408, -0.4074, -0.0187, 0.2420, 0.2305, 0.5714|16480|0.6186, -0.9336, -0.6039, -0.4769, -0.0173, 0.0286, 0.2622, 0.1240|2241.6
27|0.5038, -1.0000, -0.3325, -0.4074, -0.0141, 0.4000, 0.1739, 0.3155|15020|0.6510, -0.8441, -0.6039, -0.4694, -0.0150, 0.0568, 0.2676, 0.1121|2247.0
28|0.3959, -1.0000, -0.4408, -0.4074, -0.0056, 0.2420, 0.2305, 0.4182|22900|0.5804, -0.8004, -0.5376, -0.4535, -0.0159, 0.1068, 0.2498, 0.1430|2687.2
29|0.3959, -1.0000, -0.3325, -0.3074, -0.0141, 0.1826, 0.2305, 0.3155|19420|0.5516, -0.9528, -0.4907, -0.4314, -0.0165, 0.1200, 0.2506, 0.2038|2627.6
30|0.3645, -1.0000, -0.3189, -0.2224, -0.0104, 0.1751, 0.1668, 0.2283|23960|0.4929, -0.9827, -0.4680, -0.4023, -0.0154, 0.1537, 0.2257, 0.2747|3354.2
31|0.3959, -1.0000, -0.3325, -0.3074, -0.0141, 0.1826, 0.2305, 0.3155|20000|0.4715, -0.9989, -0.4567, -0.3877, -0.0157, 0.1530, 0.2242, 0.2811|3184.8
32|0.5038, -1.0000, -0.3307, -0.3057, -0.0377, 0.1816, 0.1729, 0.3138|21760|0.4442, -0.9800, -0.4411, -0.3855, -0.0171, 0.1684, 0.2227, 0.2578|3647.0
