1|0.7551, -0.4916, -0.8716, -1.0000, 0.8035, 0.4774, 1.0000, 0.8654|1680|0.0019, 0.0382, -0.2151, -0.1365, -0.1213, -0.0830, -0.0406, -0.0791|162.4
2|1.0000, -0.9597, -0.9939, -0.7951, -0.6468, 0.0096, -0.8326, 0.1932|2560|0.1053, -0.0335, -0.4148, -0.3760, -0.2403, -0.1540, -0.1925, -0.2306|349.8
3|1.0000, -0.9597, -0.9939, -0.7951, -0.6468, 0.0096, -0.8326, 0.1932|2780|0.3326, -0.2199, -0.5438, -0.5007, -0.2479, -0.2150, -0.2009, -0.2925|498.4
4|1.0000, -0.9597, -0.9939, -0.7951, -0.6468, 0.0096, -0.3146, 0.1932|4320|0.4002, -0.3641, -0.6921, -0.6574, -0.2448, -0.2127, -0.2168, -0.3110|624.4
5|1.0000, -0.8655, -0.8963, -0.1513, -0.1184, 0.0015, -0.2837, 0.1743|17200|0.6779, -0.4966, -0.7177, -0.6902, -0.2738, -0.2445, -0.1753, -0.1854|1260.0
6|1.0000, -0.8655, -0.8963, -0.1513, -0.1184, 0.0015, -0.2837, 0.1743|13300|0.7225, -0.7174, -0.6987, -0.5967, -0.2132, -0.2049, -0.1184, -0.1176|1694.2
7|1.0000, -0.8655, -0.8963, -0.1513, -0.1184, 0.0022, -0.2837, 0.1743|20160|0.8428, -0.7462, -0.7396, -0.5254, -0.1885, -0.1763, -0.1874, -0.0051|2072.8
8|1.0000, -0.8655, -0.8963, -0.1513, -0.1184, 0.0015, -0.2837, 0.1743|27380|0.6801, -0.7670, -0.8474, -0.4720, -0.0815, -0.1150, -0.1121, 0.0545|1632.4
9|1.0000, -0.8655, -0.8963, -0.1513, -0.1184, 0.0068, -0.2837, 0.1743|12560|0.8352, -0.7898, -0.8314, -0.4548, -0.1347, -0.1192, -0.0622, 0.0409|2131.4
10|1.0000, -0.8655, -0.9939, -0.1513, -0.1184, 0.0015, -0.3395, 0.1743|9480|0.8975, -0.7116, -0.8317, -0.4136, -0.1842, -0.0819, -0.0740, 0.0801|1813.0
11|1.0000, -0.8655, -0.8963, -0.1513, -0.1184, 0.0022, -0.2837, 0.1743|13740|0.9146, -0.7917, -0.8661, -0.3500, -0.1648, -0.0772, -0.1139, 0.1093|2552.8
12|1.0000, -0.8655, -1.0000, -0.1688, -0.1184, 0.0025, -0.3165, 0.1743|16760|0.7627, -0.8646, -0.8367, -0.2837, -0.1700, -0.0646, -0.1828, 0.1503|2567.2
13|1.0000, -0.8655, -0.8963, -0.1513, -0.1184, -0.0021, -0.2837, 0.1743|20220|0.9262, -0.8434, -0.8990, -0.2911, -0.1771, -0.0386, -0.1961, 0.1469|3373.4
14|1.0000, -0.8655, -0.8963, -0.1513, -0.1688, 0.0021, -0.0101, 0.1958|20900|0.9071, -0.8777, -0.8806, -0.2616, -0.1518, -0.0292, -0.1907, 0.1801|3529.4
15|1.0000, -0.9597, -0.9939, -0.1688, -0.1184, 0.0025, -0.3165, 0.1743|30860|0.9130, -0.8779, -0.8958, -0.2381, -0.1560, -0.0406, -0.2075, 0.1509|3580.2
16|1.0000, -0.8655, -0.9939, -0.1513, -0.1184, 0.0015, -0.3146, 0.1743|23820|0.9477, -0.8584, -0.8869, -0.2079, -0.1390, -0.0326, -0.2085, 0.1654|3829.0
17|1.0000, -1.0000, -0.8963, -0.1748, -0.1184, 0.0015, -0.1746, 0.1958|19140|0.9707, -0.8776, -0.8450, -0.1967, -0.1504, -0.0234, -0.2056, 0.1736|4360.2
18|1.0000, -0.9597, -0.2365, -0.2097, -0.1688, 0.0015, -0.1509, 0.1753|37960|0.9810, -0.8664, -0.7794, -0.2140, -0.1553, -0.0188, -0.2231, 0.1724|4584.8
19|1.0000, -1.0000, -0.8963, -0.1748, -0.0688, -0.0021, -0.2837, 0.1743|37140|0.9923, -0.8686, -0.7683, -0.1901, -0.1408, -0.0278, -0.2243, 0.1677|5241.2
20|1.0000, -1.0000, -0.8963, -0.2097, -0.1688, 0.0011, -0.2073, 0.1743|19760|0.9902, -0.8440, -0.7293, -0.1827, -0.1355, -0.0137, -0.2401, 0.1708|4527.4
21|1.0000, -0.8655, -0.2365, -0.2097, -0.0286, 0.0015, -0.1509, 0.1743|23240|0.9661, -0.7713, -0.7028, -0.1702, -0.1196, 0.0035, -0.2233, 0.1725|4487.2
22|0.6126, -0.8655, -0.2365, -0.1513, -0.1688, -0.0007, -0.2837, 0.1743|22220|0.9774, -0.8071, -0.6938, -0.1739, -0.1324, -0.0117, -0.2172, 0.1762|4762.2
23|1.0000, -0.8655, -0.9939, -0.2097, -0.1688, 0.0011, -0.1509, 0.1942|33880|0.9739, -0.7913, -0.6403, -0.1764, -0.1255, -0.0041, -0.2114, 0.1770|5776.0
24|1.0000, -0.6129, -0.8963, -0.1513, -0.1184, -0.0021, -0.0101, 0.1958|23840|0.9909, -0.8762, -0.7001, -0.1757, -0.1279, 0.0004, -0.2035, 0.1804|5741.4
25|1.0000, -0.9656, -0.2365, -0.2097, -0.1688, -0.0007, -0.1509, 0.1743|25860|0.9901, -0.8821, -0.6110, -0.1547, -0.1260, 0.0005, -0.2179, 0.1668|5214.4
26|1.0000, -1.0000, -0.2365, -0.1513, -0.0171, 0.0015, -0.1120, 0.1743|60640|0.9906, -0.7539, -0.5802, -0.1755, -0.1183, 0.0008, -0.1651, 0.1800|6644.4
27|1.0000, -0.8655, -0.2365, -0.2097, -0.0688, 0.0015, -0.0101, 0.1753|33880|0.9797, -0.8795, -0.5509, -0.1813, -0.1110, 0.0006, -0.1599, 0.1766|7101.2
28|1.0000, -1.0000, -0.2365, -0.1513, -0.0171, 0.0015, -0.1120, 0.1743|59060|0.9949, -0.9141, -0.4863, -0.1773, -0.0976, 0.0006, -0.1566, 0.1796|8432.0
29|1.0000, -1.0000, -0.2365, -0.1513, -0.0171, -0.0007, -0.1120, 0.1743|64640|0.9949, -0.9471, -0.3886, -0.1808, -0.0825, 0.0004, -0.1374, 0.1785|11150.2
30|1.0000, -1.0000, -0.2365, -0.2097, -0.0171, -0.0021, -0.1120, 0.1743|50200|0.9963, -0.9535, -0.3235, -0.1827, -0.0665, 0.0004, -0.1158, 0.1786|9377.6
31|1.0000, -1.0000, -0.2365, -0.1513, -0.0171, 0.0015, -0.1120, 0.1743|77900|0.9956, -0.9460, -0.3174, -0.1811, -0.0577, 0.0005, -0.1132, 0.1772|9634.2
32|1.0000, -1.0000, -0.2365, -0.1513, -0.0171, 0.0015, -0.1120, 0.1743|52540|0.9963, -0.9585, -0.2771, -0.1772, -0.0562, 0.0005, -0.1143, 0.1771|11189.8
