1|-0.1046, -0.6667, -0.7079, -0.4584, -0.0760, -0.4091, 0.1358, 1.0000|1480|-0.0360, 0.0871, -0.0818, -0.3935, -0.1058, -0.3463, -0.0087, -0.2804|129.2
2|-0.1046, -0.6667, -0.7079, -0.4584, -0.0760, -0.4091, 0.1358, 1.0000|2100|0.0263, -0.0345, -0.2439, -0.5254, -0.0420, -0.4249, -0.0807, -0.2755|244.6
3|0.4029, -0.9347, -1.0000, -0.6845, -0.6080, -0.3641, -0.4030, -0.5594|2920|0.0717, -0.1069, -0.3483, -0.5864, 0.0250, -0.5347, 0.1068, -0.2971|344.0
4|0.7185, -0.9419, -1.0000, -0.9402, -0.1074, -0.7303, 0.1919, 0.2650|2280|0.1409, -0.2702, -0.3767, -0.6317, -0.1007, -0.5227, 0.0518, -0.3004|425.2
5|0.5765, -0.4819, -0.4578, -0.4584, 0.5233, -0.6844, 0.1756, -0.8409|2020|0.1350, -0.3781, -0.3965, -0.6410, -0.0530, -0.4931, 0.0315, -0.2800|401.2
6|0.7185, -0.9419, -1.0000, -0.9402, 0.1161, -0.7303, 0.1919, 0.2650|2220|0.1517, -0.6074, -0.4842, -0.6237, 0.0585, -0.5224, 0.1035, -0.2197|477.0
7|0.7185, -0.9419, -1.0000, -0.9402, 0.1161, -0.7303, 0.2002, 0.2650|4180|0.2124, -0.7376, -0.5147, -0.6198, 0.0914, -0.6336, 0.1827, -0.1219|637.6
8|1.0000, -1.0000, -0.0954, -0.6380, 0.3813, -0.5067, -0.0379, 0.1132|2620|0.2881, -0.8265, -0.4538, -0.6841, 0.0632, -0.6052, 0.1849, -0.1659|744.2
9|0.5063, -0.9419, -1.0000, -0.9402, 0.3113, -0.6787, 0.8779, -0.1154|4740|0.3287, -0.8415, -0.5396, -0.6973, 0.0056, -0.5353, 0.2484, -0.1412|834.2
10|0.7185, -0.9419, -1.0000, -0.9402, 0.1161, -0.6703, 0.2002, 0.2650|4600|0.3435, -0.7833, -0.6706, -0.7236, 0.0444, -0.5523, 0.3471, -0.1112|843.2
11|0.7185, -0.9419, -1.0000, -0.2975, 0.0201, -0.6703, 0.2002, 0.2650|3440|0.3672, -0.8252, -0.7267, -0.6681, 0.0745, -0.5707, 0.4123, -0.0553|817.8
12|1.0000, -0.9998, -0.7079, -0.5221, -0.1574, -0.5445, -0.0379, 0.2966|7680|0.3641, -0.8167, -0.7675, -0.6612, 0.0318, -0.5884, 0.2851, -0.0548|933.4
13|0.7185, -0.9419, -1.0000, -0.2975, 0.0201, -0.6703, 0.2002, -0.2717|3160|0.4137, -0.8363, -0.7858, -0.6277, -0.0362, -0.5648, 0.2881, 0.0676|833.2
14|0.7185, -0.9419, -1.0000, -0.9402, -0.0155, -0.6787, 0.8779, 0.0684|6660|0.4918, -0.8854, -0.8088, -0.6576, -0.0833, -0.6094, 0.2379, 0.0228|1180.8
15|0.7628, -1.0000, -0.7516, -0.2975, 0.0201, -0.6703, 0.1134, -0.2717|4240|0.5359, -0.9185, -0.8102, -0.6213, -0.1564, -0.5577, 0.2656, 0.0446|1238.8
16|0.7628, -0.9419, -0.7516, -0.5543, 0.1351, -0.6703, 0.2002, -0.0330|6300|0.5679, -0.9090, -0.7900, -0.6408, -0.1352, -0.4620, 0.2785, 0.0456|1189.2
17|0.7628, -0.9419, -0.7516, -0.5543, 0.1351, -0.6703, 0.2002, -0.0330|5700|0.5847, -0.9341, -0.7180, -0.6581, -0.1366, -0.4296, 0.2355, 0.0749|1499.0
18|0.7628, -0.9419, -1.0000, -0.5543, 0.0201, -0.7303, 0.3077, -0.0330|4720|0.5812, -0.9621, -0.6649, -0.6630, -0.1081, -0.4141, 0.1368, 0.0481|1289.4
19|0.7185, -1.0000, -1.0000, -0.1432, 0.0042, -0.0558, 0.2002, -0.1561|10420|0.5837, -0.9707, -0.7025, -0.5653, -0.0851, -0.3934, 0.1527, 0.0220|1492.6
20|0.7185, -0.9419, -1.0000, -0.5543, 0.0428, 0.0315, 0.2002, -0.0330|4220|0.6298, -0.9710, -0.6916, -0.5353, -0.0698, -0.3457, 0.1765, 0.0467|1199.6
21|0.7185, -1.0000, -1.0000, -0.1432, 0.0042, -0.0558, 0.2002, -0.0330|12500|0.5915, -0.9358, -0.7991, -0.6002, -0.1021, -0.3597, 0.1617, 0.0251|1380.4
22|0.7185, -1.0000, -1.0000, -0.1432, 0.0042, -0.0558, 0.2002, -0.0330|15680|0.6488, -0.9605, -0.8617, -0.6080, -0.0981, -0.3629, 0.1578, 0.0463|1800.4
23|0.7185, -1.0000, -1.0000, -0.1432, 0.0042, -0.0558, 0.2002, -0.0330|12200|0.6897, -0.9616, -0.8623, -0.5535, -0.0448, -0.3361, 0.1573, 0.0371|1640.6
24|0.7185, -0.9419, -1.0000, -0.1763, 0.0042, -0.0558, 0.2002, 0.0036|13580|0.6220, -0.9688, -0.9217, -0.5101, -0.0381, -0.3174, 0.1333, 0.0473|2206.4
25|0.7628, -1.0000, -0.7079, -0.5543, -0.1574, 0.1358, -0.2706, -0.1657|12300|0.6086, -0.9807, -0.8875, -0.4556, -0.0239, -0.2305, 0.0963, 0.0609|2225.2
26|0.4315, -0.9419, -1.0000, -0.1763, 0.0042, -0.0558, 0.0174, 0.0036|12100|0.6542, -0.9767, -0.8606, -0.4739, -0.0199, -0.2420, 0.1003, 0.0667|2505.0
27|0.4315, -1.0000, -1.0000, -0.1432, 0.0428, -0.0558, 0.2002, 0.0684|21580|0.6375, -0.9716, -0.8475, -0.4092, 0.0035, -0.1596, 0.1224, 0.0965|3676.0
28|0.7185, -1.0000, -1.0000, -0.2975, 0.1351, -0.0558, 0.0174, -0.0330|20660|0.6383, -0.9652, -0.8285, -0.3697, 0.0116, -0.1400, 0.1252, 0.1065|3461.2
29|0.7185, -0.9419, -1.0000, -0.1432, 0.0042, -0.0558, 0.2002, 0.0684|23140|0.6218, -0.9698, -0.8020, -0.3330, 0.0208, -0.1302, 0.1362, 0.0855|3590.2
30|0.7185, -0.9419, -0.0613, -0.1432, 0.0428, -0.0558, 0.2002, 0.0684|35460|0.6147, -0.9663, -0.7761, -0.2788, 0.0106, -0.1029, 0.1132, 0.0810|4124.4
31|0.7185, -0.9419, -0.0613, -0.1432, 0.0428, -0.0558, 0.2002, 0.0684|24580|0.5823, -0.9399, -0.6973, -0.2253, 0.0123, -0.0652, 0.1490, 0.0609|4567.2
32|0.7185, -0.9419, -0.0613, -0.1432, 0.0428, -0.0558, 0.2002, 0.0684|39380|0.5911, -0.9576, -0.6571, -0.2178, 0.0280, -0.0439, 0.1326, 0.0754|6650.0
