1|1.0000, -0.6617, -0.4472, -0.9213, -0.0817, 0.5035, -0.3126, 0.8924|1680|0.0045, -0.0367, -0.0283, -0.0497, 0.1190, 0.0377, 0.1355, 0.0406|118.8
2|0.1705, -0.7212, -0.4289, -0.3356, -1.0000, 0.2642, 0.2826, 0.2678|1940|0.1374, -0.1617, -0.1838, -0.1052, 0.0612, 0.0329, 0.1048, 0.0322|263.8
3|0.1705, -0.7212, -0.3374, -0.3356, -0.0128, 0.2642, 0.2826, 0.2678|5000|0.2575, -0.3470, -0.3044, -0.4030, -0.0759, -0.0322, 0.1035, 0.1098|495.2
4|0.1705, -1.0000, -0.4289, -0.3356, -0.0073, 0.2642, 0.2826, 0.2678|7940|0.2878, -0.4453, -0.4232, -0.4805, -0.1764, -0.0440, 0.0954, -0.0484|581.2
5|0.1705, -1.0000, -0.4289, -0.3356, -0.0073, 0.2642, 0.2826, 0.2678|7420|0.4046, -0.6039, -0.3721, -0.3224, -0.3071, -0.0439, 0.1367, 0.0251|760.6
6|1.0000, -0.6841, -1.0000, -0.8605, 0.4423, -1.0000, -0.1530, -0.0144|6380|0.4727, -0.6012, -0.3446, -0.4037, -0.3250, -0.0507, 0.1864, 0.0994|735.4
7|0.1596, -1.0000, -0.5948, -0.0793, -0.1995, -0.0769, -0.0443, 0.2858|11440|0.2329, -0.6779, -0.4114, -0.4862, -0.3044, -0.0647, 0.1893, 0.0919|961.0
8|0.1596, -1.0000, -0.2222, -0.0793, -0.1870, -0.0769, -0.0415, 0.2858|8160|0.3876, -0.7589, -0.4012, -0.4083, -0.3511, -0.0573, 0.2144, 0.0288|1282.4
9|0.1027, -1.0000, -0.1526, -0.0444, -0.1284, -0.0495, -0.0285, -0.3499|13820|0.4680, -0.8014, -0.4106, -0.3631, -0.2947, -0.0008, 0.2034, 0.1127|1721.2
10|0.1596, -1.0000, -0.2222, -0.0793, -0.1870, -0.0769, -0.0415, 0.2858|9720|0.4857, -0.8470, -0.4106, -0.3580, -0.2527, 0.0014, 0.2449, 0.1427|1611.4
11|0.7178, -1.0000, -0.5764, -0.5896, -0.1995, -0.0769, 0.2918, 0.3714|8740|0.5045, -0.8682, -0.4124, -0.3798, -0.1971, 0.0055, 0.2489, 0.1749|2110.4
12|1.0000, -1.0000, -0.2222, -0.3536, -0.2921, 0.2783, -0.0467, 0.2822|12080|0.6016, -0.9447, -0.4107, -0.3370, -0.1557, 0.0012, 0.2284, 0.1631|2209.8
13|0.7400, -1.0000, -0.2222, -0.3536, -0.1995, 0.0541, 0.2918, 0.2822|17100|0.5639, -0.9220, -0.4315, -0.3507, -0.1589, -0.0086, 0.2111, 0.1873|2524.8
14|1.0000, -1.0000, -0.2222, -0.4654, -0.2403, -0.0548, -0.0467, 0.2167|14120|0.6074, -0.9842, -0.4353, -0.3877, -0.1720, 0.0900, 0.1817, 0.2014|2787.8
15|0.7178, -1.0000, -0.1557, -0.0779, -0.1310, -0.0769, -0.0291, 0.2002|15920|0.6438, -0.8990, -0.3024, -0.3207, -0.1620, 0.1127, 0.1040, 0.2219|2706.2
16|1.0000, -1.0000, -0.1557, -0.4654, -0.0177, 0.0036, -0.0291, 0.2822|13520|0.5852, -0.9219, -0.2932, -0.2749, -0.1592, 0.1044, 0.0781, 0.2147|2182.4
17|0.7400, -1.0000, -0.2222, -0.4276, -0.1310, 0.0036, 0.2842, 0.2002|21300|0.5664, -0.9282, -0.2623, -0.2973, -0.1416, 0.0722, 0.0580, 0.2274|2916.2
18|0.2364, -1.0000, -0.1464, -0.3536, -0.1232, -0.0723, 0.0670, 0.1883|16280|0.5661, -0.9505, -0.2729, -0.3228, -0.1309, 0.0766, 0.0436, 0.2025|3734.8
19|0.0016, -1.0000, -0.1557, -0.0779, -0.0149, 0.0036, 0.0013, -0.0105|57580|0.5047, -0.9625, -0.2329, -0.2895, -0.1132, 0.0275, 0.0405, 0.1814|4650.8
20|0.7178, -1.0000, -0.1557, -0.0779, -0.1310, -0.0769, -0.0415, 0.0104|60100|0.5292, -0.9683, -0.2365, -0.2763, -0.0995, 0.0273, 0.0229, 0.1730|6483.2
21|0.7178, -1.0000, -0.1557, -0.0779, -0.0149, -0.0769, -0.0291, -0.0105|49120|0.3976, -0.9006, -0.2098, -0.2386, -0.1063, -0.0301, 0.0122, 0.1416|4880.6
22|0.7178, -1.0000, -0.1557, -0.0779, -0.0149, -0.0769, -0.0291, -0.0105|38740|0.4002, -0.9160, -0.2166, -0.2533, -0.1049, -0.0346, 0.0029, 0.1318|5284.8
23|0.7178, -1.0000, -0.1557, -0.0779, -0.0149, -0.0769, -0.0291, -0.0105|105980|0.4573, -1.0000, -0.2310, -0.2307, -0.0926, -0.0373, -0.0027, 0.1132|8770.4
24|0.7178, -1.0000, -0.1557, -0.0779, -0.0149, -0.0769, -0.0291, -0.0143|119860|0.4329, -0.9450, -0.2676, -0.2081, -0.0917, -0.0652, -0.0272, 0.0566|10550.8
25|0.7178, -1.0000, -0.1557, -0.0779, -0.0149, -0.0769, -0.0291, -0.0143|175120|0.5073, -0.9773, -0.1907, -0.1610, -0.0728, -0.0379, -0.0252, 0.0683|17220.8
26|0.7178, -1.0000, -0.1464, -0.0796, -0.0149, 0.0036, 0.0013, -0.0105|184980|0.6311, -0.9800, -0.1858, -0.1187, -0.0559, -0.0389, -0.0171, 0.0354|21358.2
27|0.7178, -1.0000, -0.1557, -0.0779, -0.0149, -0.0769, -0.0291, -0.0143|160480|0.5919, -1.0000, -0.1629, -0.1055, -0.0471, -0.0388, -0.0086, 0.0071|21052.2
28|0.7178, -1.0000, -0.1464, -0.0796, -0.0149, 0.0036, -0.0291, -0.0105|167500|0.6190, -0.9543, -0.1453, -0.0943, -0.0439, -0.0401, -0.0062, -0.0033|18854.8
29|0.7178, -1.0000, -0.0187, -0.0779, -0.0067, 0.0036, 0.0013, -0.0105|195060|0.6302, -0.9969, -0.1366, -0.0861, -0.0357, -0.0379, -0.0043, -0.0079|21262.0
30|0.7178, -1.0000, -0.0187, -0.0779, -0.0067, 0.0036, 0.0013, -0.0105|221200|0.6384, -1.0000, -0.1342, -0.0831, -0.0258, -0.0282, -0.0022, -0.0027|31947.2
31|0.7178, -1.0000, -0.0187, -0.0779, -0.0149, 0.0036, -0.0291, -0.0105|901080|0.6534, -1.0000, -0.1206, -0.0755, -0.0200, -0.0280, -0.0008, -0.0081|64876.0
32|0.7178, -1.0000, -0.0187, -0.0779, -0.0067, 0.0036, 0.0013, -0.0105|1776580|0.6802, -1.0000, -0.0957, -0.0772, -0.0237, -0.0192, -0.0023, -0.0103|117129.2
