1|0.5182, -1.0000, 0.0186, -0.5666, -0.0016, 0.1776, 0.2096, 0.7727|2580|-0.0004, -0.0181, -0.1520, -0.3437, -0.1097, -0.1561, -0.1053, 0.0387|162.2
2|0.5182, -1.0000, 0.0186, -0.5666, -0.0016, 0.1776, 0.2096, 0.7727|1440|-0.0019, 0.0391, -0.3285, -0.5575, -0.1634, -0.2220, -0.2146, 0.0657|235.8
3|0.5182, -1.0000, 0.0186, -0.5666, -0.0016, 0.1776, 0.2096, 0.7727|3900|-0.1046, 0.0833, -0.4607, -0.6087, -0.1934, -0.0903, -0.1564, 0.0377|318.6
4|0.5182, -1.0000, 0.0186, -0.5666, -0.0016, 0.1776, 0.2096, 0.7727|3560|0.0210, -0.0058, -0.4923, -0.4381, -0.2558, -0.0110, -0.3190, -0.0073|368.0
5|0.1652, -1.0000, -0.3270, -0.4387, -0.9775, -0.0105, -0.0134, 0.3158|2260|0.0875, -0.1695, -0.4370, -0.6699, -0.2265, -0.0679, -0.2389, 0.0783|407.0
6|0.1809, 0.5447, -1.0000, -0.4363, -0.3733, -0.8225, -0.9154, -0.2076|1740|-0.1241, -0.2352, -0.4065, -0.6426, -0.3411, -0.1915, -0.2273, 0.1994|311.6
7|0.1339, -1.0000, -0.2650, -0.3554, -0.7919, -0.0085, -0.0109, 0.2559|5980|-0.0975, -0.2397, -0.6059, -0.5764, -0.4026, -0.3470, -0.3004, -0.0197|481.6
8|-0.6715, -1.0000, -1.0000, -1.0000, 0.3317, -0.8729, -0.7133, 0.7727|2540|0.0181, -0.3842, -0.5859, -0.5400, -0.3941, -0.4252, -0.2777, -0.0291|475.0
9|-0.6715, -1.0000, -1.0000, -1.0000, 0.3317, -0.8729, -0.7133, 0.7727|3140|0.0278, -0.5164, -0.6267, -0.5347, -0.3794, -0.3207, -0.2241, -0.0398|460.2
10|0.1690, -1.0000, -0.6714, -0.4488, 0.0904, -0.0107, 0.0126, 0.3231|5760|0.2265, -0.5628, -0.5761, -0.5966, -0.3204, -0.3658, -0.1717, -0.1871|620.0
11|-0.0211, -1.0000, -0.6714, -0.4488, 0.0904, -0.0107, 0.0126, 0.3231|4180|0.2293, -0.7293, -0.5343, -0.6035, -0.2392, -0.3203, -0.0614, -0.2757|739.2
12|-0.4107, -1.0000, -0.3456, -0.5666, -0.0010, -0.0624, 0.3355, 0.1492|3560|0.1502, -0.7522, -0.5032, -0.6066, -0.1270, -0.2489, -0.0239, -0.2586|737.6
13|-0.0145, -1.0000, -0.4603, -0.3077, 0.0619, -0.0074, 0.0087, 0.2215|7300|0.1198, -0.7877, -0.5103, -0.6090, -0.1708, -0.2530, 0.0058, -0.2872|1065.6
14|-0.0145, -1.0000, -0.4603, -0.3077, 0.0619, -0.0074, 0.0087, 0.2215|7440|0.1093, -0.8966, -0.5151, -0.5549, -0.0615, -0.2217, 0.0622, -0.2015|1266.6
15|-0.0145, -1.0000, -0.4603, -0.3077, 0.0619, -0.0074, 0.0087, 0.2215|8380|0.1524, -0.9236, -0.4981, -0.4903, -0.0752, -0.2266, 0.0453, -0.2454|1101.6
16|-0.0145, -1.0000, -0.4603, -0.3077, 0.0619, -0.0074, 0.0087, 0.2215|15720|0.1488, -0.9212, -0.5063, -0.5209, -0.0782, -0.1771, 0.0947, -0.1478|1339.8
17|0.2264, -1.0000, -0.3456, -0.3077, 0.0619, -0.0624, 0.0047, 0.2215|10360|0.1990, -0.8845, -0.5133, -0.4309, -0.0975, -0.1640, 0.0172, -0.0637|1568.6
18|0.2264, -1.0000, -0.6753, -0.3077, 0.0619, -0.0624, 0.0087, 0.0711|7720|0.2258, -0.8841, -0.4945, -0.4507, -0.0558, -0.1180, 0.0504, -0.0513|1664.6
19|0.0096, -1.0000, -0.3456, -0.3077, 0.0619, -0.0624, 0.0215, 0.2215|25500|0.2854, -0.8532, -0.4865, -0.4505, -0.0697, -0.0754, 0.0354, -0.0170|1770.4
20|-0.0145, -1.0000, -0.4603, -0.3077, 0.0619, -0.0624, 0.0087, 0.0711|12540|0.3106, -0.8259, -0.5183, -0.4987, -0.0877, -0.0625, 0.0688, -0.0617|1891.0
21|-0.0145, -1.0000, -0.6753, -0.3077, -0.0622, -0.0624, -0.0063, -0.1236|9420|0.2386, -0.9714, -0.5229, -0.4817, -0.0160, -0.0526, 0.0369, -0.0113|1765.0
22|-0.0145, -1.0000, -0.4603, -0.3077, -0.0010, 0.0095, 0.0087, 0.0711|14400|0.2510, -0.9800, -0.4249, -0.4885, -0.0765, -0.0348, 0.0307, 0.0538|2036.6
23|0.4331, -1.0000, -0.4279, -0.5666, -0.0010, 0.0569, -0.1243, 0.1310|10760|0.2862, -0.9918, -0.4833, -0.4952, -0.0776, -0.0286, 0.0375, 0.0820|2115.6
24|0.4331, -1.0000, -0.4279, -0.5528, -0.0008, -0.0624, 0.0087, 0.2456|15760|0.3223, -0.9800, -0.3293, -0.5153, -0.0170, -0.0252, 0.0388, 0.1455|2696.4
25|0.4037, -1.0000, -0.3456, -0.3077, -0.0008, 0.0648, -0.1243, 0.1310|14360|0.3506, -0.9822, -0.4008, -0.5216, -0.0364, -0.0350, 0.0395, 0.1569|2852.8
26|0.4331, -1.0000, -0.4279, -0.5528, -0.0008, -0.0624, 0.0087, 0.2456|8100|0.3609, -0.8310, -0.3946, -0.5438, -0.0274, -0.0344, 0.0587, 0.1681|2374.4
27|0.4700, -1.0000, -0.2257, -0.3600, -0.0010, 0.0095, 0.3355, 0.2215|16640|0.3765, -0.9566, -0.4093, -0.4908, -0.0084, -0.0379, 0.0666, 0.1728|2617.0
28|0.4700, -1.0000, -0.2257, -0.3600, -0.0010, 0.0095, 0.3355, 0.2215|24740|0.3939, -0.9800, -0.3783, -0.4880, -0.0030, -0.0322, 0.0738, 0.1921|3654.8
29|0.4037, -1.0000, -0.0613, -0.3077, -0.0010, -0.0624, 0.3055, 0.2215|18780|0.4439, -1.0000, -0.3652, -0.4755, 0.0032, -0.0324, 0.1115, 0.2047|3755.2
30|0.4331, -1.0000, -0.2257, -0.3077, -0.0010, 0.0569, 0.0087, 0.1310|25320|0.4485, -1.0000, -0.3178, -0.4667, -0.0013, -0.0225, 0.0950, 0.1832|3517.8
31|0.4331, -1.0000, -0.2257, -0.3077, -0.0010, 0.0569, 0.0087, 0.1310|20180|0.4468, -1.0000, -0.3456, -0.4534, 0.0007, -0.0115, 0.1147, 0.1868|4016.6
32|0.4331, -1.0000, -0.2257, -0.3077, -0.0010, 0.0569, 0.0087, 0.1310|25180|0.4424, -1.0000, -0.3272, -0.4222, -0.0006, -0.0070, 0.0949, 0.1933|5384.8
