1|1.0000, -0.7997, -0.4803, -0.9848, -0.5266, -0.3931, 0.2394, 0.9728|1920|0.0759, 0.0530, -0.0649, -0.1217, 0.0345, 0.0862, 0.0407, -0.0375|115.4
2|1.0000, -0.7997, -0.4803, -0.9848, -0.5266, -0.3931, 0.2394, 0.9728|1980|0.0845, -0.0438, -0.3056, -0.3904, -0.1629, 0.2404, 0.1199, -0.0638|224.8
3|1.0000, -0.7997, -0.4803, -0.9848, -0.5266, -0.3931, 0.2394, 0.9728|1360|0.0903, -0.1971, -0.5051, -0.6499, -0.1966, 0.2116, 0.2493, -0.0445|264.0
4|0.1210, -0.2557, -1.0000, -0.5133, -0.1699, -0.2456, -0.3784, -0.1134|2300|0.0708, -0.3154, -0.6758, -0.8260, -0.3091, 0.2376, 0.2026, -0.0651|436.8
5|-0.4076, -0.9687, -0.6373, -1.0000, -0.3066, 0.2298, 0.2391, -0.3524|2520|0.1124, -0.3517, -0.6194, -0.7917, -0.3306, 0.1363, 0.1692, -0.1049|431.0
6|1.0000, -0.9687, -0.4115, -0.6746, -0.4762, -0.8889, 0.0459, 0.1922|2900|0.1326, -0.4685, -0.6977, -0.7763, -0.4641, 0.0602, 0.2660, 0.0053|536.4
7|1.0000, -0.2557, -0.4803, -0.5295, -0.5266, -0.3931, 0.3545, 0.9728|2620|0.3233, -0.5130, -0.6483, -0.7334, -0.4760, 0.0225, 0.2231, 0.0222|640.0
8|0.7672, -0.2557, -0.6582, -0.4677, -0.3484, -1.0000, 0.3131, -0.2753|2480|0.4302, -0.5537, -0.6392, -0.7197, -0.4759, -0.0618, 0.2404, 0.0801|637.4
9|1.0000, -0.9687, -0.6373, -0.0891, -0.4762, -0.2456, -0.0435, -0.1563|4320|0.5739, -0.5656, -0.6217, -0.6673, -0.3861, -0.0634, 0.2490, 0.0206|733.4
10|1.0000, -0.9687, -0.6373, -0.0891, -0.4762, -0.2456, -0.0435, -0.1563|6840|0.6110, -0.5833, -0.5775, -0.6527, -0.3897, -0.1225, 0.1634, -0.0045|958.6
11|1.0000, -0.9687, -0.2302, -0.0891, -0.4762, -0.2456, 0.0459, -0.1134|6480|0.7421, -0.6209, -0.5842, -0.5608, -0.4309, -0.2139, 0.1531, -0.0034|1084.6
12|1.0000, -0.9687, -0.2302, -0.0891, -0.4762, -0.2456, 0.0459, -0.1134|5680|0.8520, -0.7100, -0.5133, -0.4200, -0.4709, -0.3525, 0.1060, -0.0323|1205.6
13|1.0000, -0.9687, -0.2302, -0.0891, -0.4762, -0.2456, -0.0435, -0.1563|7280|0.9262, -0.7693, -0.4967, -0.3900, -0.4917, -0.3948, 0.1070, -0.0638|1561.2
14|1.0000, -0.9149, -0.2302, -0.0891, -0.4762, -0.2456, -0.0435, -0.1134|6140|0.6948, -0.8163, -0.4752, -0.3248, -0.5005, -0.4082, 0.0957, -0.1124|1405.2
15|1.0000, -0.9687, -0.6373, -0.0891, -0.4762, -0.2456, -0.0230, -0.1563|8940|0.7714, -0.8876, -0.4650, -0.2417, -0.4842, -0.3705, 0.0957, -0.1101|1620.8
16|1.0000, -0.9687, -0.1332, -0.0891, -0.4762, -0.2456, -0.0230, -0.1134|11320|0.8834, -0.8925, -0.4404, -0.2128, -0.4682, -0.3365, 0.0967, -0.0553|1724.6
17|1.0000, -1.0000, -0.2302, -0.0891, -0.4762, -0.2456, -0.0237, -0.1613|15140|0.9538, -0.9040, -0.4409, -0.1681, -0.4718, -0.3396, 0.0663, -0.0680|2288.6
18|1.0000, -1.0000, -0.2302, -0.0891, -0.4762, -0.2456, -0.0237, -0.1563|9580|0.9776, -0.9337, -0.3856, -0.1766, -0.4627, -0.2669, 0.0363, -0.0587|2395.0
19|1.0000, -0.9687, -0.6373, -0.1328, -0.4915, -0.2456, -0.0230, -0.1134|11800|0.9860, -0.9460, -0.3371, -0.1158, -0.4662, -0.2523, -0.0206, -0.0652|2890.8
20|1.0000, -0.9687, -0.2302, -0.0891, -0.4762, -0.2456, -0.0435, -0.1563|12420|0.9884, -0.9662, -0.3173, -0.0982, -0.4831, -0.2595, -0.0338, -0.1281|2918.0
21|1.0000, -0.9687, -0.1332, -0.0891, -0.4762, -0.2456, -0.1155, -0.1134|9740|0.9976, -0.9655, -0.2610, -0.0957, -0.4804, -0.2119, -0.0371, -0.1285|3404.4
22|1.0000, -0.9687, -0.1332, -0.0891, -0.4762, -0.2456, -0.0435, -0.1134|13120|0.9930, -0.9673, -0.2338, -0.0900, -0.4737, -0.1988, -0.0489, -0.1315|3536.8
23|1.0000, -1.0000, -0.2302, -0.0891, -0.4762, -0.2456, -0.1155, -0.1613|15680|0.9953, -0.8967, -0.2160, -0.0884, -0.4749, -0.2071, -0.0668, -0.1305|3613.6
24|1.0000, -1.0000, -0.2302, -0.0891, -0.4762, -0.2456, -0.1155, -0.1134|13680|0.9907, -0.9763, -0.2144, -0.0884, -0.4736, -0.1761, -0.0707, -0.1313|3063.8
25|1.0000, -0.9687, -0.2302, -0.0891, -0.4762, -0.2456, -0.0230, -0.1134|15720|0.9930, -0.9806, -0.2106, -0.0893, -0.4762, -0.1851, -0.0824, -0.1245|3744.4
26|1.0000, -0.9687, -0.2302, -0.0891, -0.4762, -0.2456, -0.1155, -0.1134|13100|0.9953, -0.9797, -0.2116, -0.0884, -0.4762, -0.2151, -0.0916, -0.1180|3759.2
27|1.0000, -0.9687, -0.2302, -0.0891, -0.4762, -0.2456, -0.0230, -0.1134|10740|1.0000, -0.9680, -0.2109, -0.0877, -0.4710, -0.2116, -0.0891, -0.1192|3403.0
28|1.0000, -1.0000, -0.2302, -0.0891, -0.4762, -0.2456, -0.1155, -0.1563|14960|1.0000, -0.9666, -0.2126, -0.0873, -0.4699, -0.2159, -0.0844, -0.1234|4214.2
29|1.0000, -0.9687, -0.2302, -0.0708, -0.4762, -0.2456, -0.1155, -0.1134|18820|1.0000, -0.9709, -0.2124, -0.0881, -0.4716, -0.2216, -0.0839, -0.1271|3645.8
30|1.0000, -1.0000, -0.2302, -0.0891, -0.4762, -0.2456, -0.1155, -0.1134|12880|1.0000, -0.9804, -0.2130, -0.0885, -0.4744, -0.2221, -0.0868, -0.1280|3689.0
31|1.0000, -0.9687, -0.1332, -0.0891, -0.4762, -0.2456, -0.1155, -0.1134|18240|1.0000, -0.9755, -0.2034, -0.0890, -0.4744, -0.2235, -0.0923, -0.1289|3284.2
32|1.0000, -0.9687, -0.2302, -0.0891, -0.4762, -0.2456, -0.1155, -0.1134|10420|1.0000, -0.9749, -0.2029, -0.0890, -0.4744, -0.2298, -0.0974, -0.1233|3578.2
