1|1.0000, -0.9077, -0.7978, -0.8771, 0.2844, 0.1922, 0.6047, -0.5534|2640|0.1405, -0.2342, -0.2256, -0.2296, -0.0503, -0.0776, -0.0146, -0.1108|221.6
2|1.0000, -0.4749, -0.7628, -0.6178, -1.0000, 0.6176, 0.3641, -0.3750|2740|0.1600, -0.2757, -0.3628, -0.3914, -0.0378, -0.0932, -0.0598, -0.1010|299.2
3|1.0000, -0.9077, -0.7978, -0.8771, 0.2844, 0.1922, 0.6047, -0.5534|1720|0.2086, -0.3933, -0.5081, -0.4688, -0.2100, -0.0340, -0.0467, -0.1349|439.6
4|0.3424, -0.9617, -0.5042, -1.0000, -0.1476, -0.1405, -0.3335, -0.2805|2920|0.4167, -0.5574, -0.5468, -0.6205, -0.2405, -0.0284, -0.0441, -0.2735|682.8
5|1.0000, -0.8631, -0.6627, -0.7581, 0.0677, 0.0634, 0.3641, 0.4754|7660|0.5840, -0.6562, -0.5622, -0.6986, -0.2715, -0.0499, -0.0756, -0.3200|895.4
6|1.0000, -0.9077, -0.7978, -0.8771, 0.2844, 0.1922, 0.6047, -0.5534|4600|0.7117, -0.6635, -0.6012, -0.6820, -0.2489, -0.0133, -0.1171, -0.2830|870.0
7|1.0000, -0.8631, -0.4989, -0.7581, 0.0677, 0.0634, 0.3641, 0.4754|6640|0.6620, -0.7036, -0.5927, -0.6953, -0.2089, 0.0561, -0.0403, -0.2221|1323.6
8|1.0000, -0.8631, -0.6992, -0.7581, 0.0677, 0.0634, 0.3641, 0.4754|4740|0.6890, -0.7204, -0.5968, -0.5182, -0.1191, 0.0682, 0.1408, -0.0748|891.2
9|1.0000, -0.8631, -0.6992, -0.7581, 0.0677, 0.0634, 0.3641, 0.4754|4860|0.6784, -0.7416, -0.5507, -0.7084, -0.1700, 0.0300, 0.1558, -0.0885|1078.0
10|1.0000, -0.8631, -0.6992, -0.7581, 0.0677, 0.0634, 0.3641, 0.4754|6360|0.8874, -0.7831, -0.5170, -0.6956, -0.1722, 0.0068, 0.1436, -0.0464|1283.8
11|1.0000, -0.8631, -0.7978, -0.7581, 0.0677, -0.2566, 0.6047, -0.2344|8120|0.9547, -0.8476, -0.6038, -0.6897, -0.0848, 0.0482, 0.1969, 0.0946|1672.2
12|1.0000, -0.8631, -0.6992, -0.5076, -0.2309, 0.0634, 0.3641, 0.4754|5060|0.9683, -0.8555, -0.6190, -0.7161, -0.0328, -0.0223, 0.3168, 0.1789|1659.6
13|1.0000, -0.8141, -0.6992, -0.7581, 0.0677, 0.2117, 0.3641, -0.0315|4600|0.9079, -0.8623, -0.6272, -0.7326, 0.0335, 0.0041, 0.3614, 0.0907|1761.2
14|1.0000, -0.8141, -0.6992, -0.7581, 0.3133, 0.2117, 0.3641, -0.2805|5840|0.9474, -0.8540, -0.6211, -0.7276, 0.0484, 0.0710, 0.3667, 0.1580|1809.2
15|1.0000, -0.9077, -0.6992, -0.7581, 0.0677, 0.2117, 0.3641, 0.3420|6340|0.9868, -0.8558, -0.6347, -0.7202, 0.0229, 0.0812, 0.3862, 0.1470|1915.8
16|1.0000, -0.8631, -0.6992, -0.7581, 0.0677, 0.0634, 0.3641, 0.4754|9240|0.9229, -0.8691, -0.6488, -0.7090, 0.0386, 0.0883, 0.3703, 0.1618|1826.6
17|1.0000, -0.8631, -0.6992, -0.8352, 0.0745, 0.4087, 0.6312, 0.3768|8900|0.9520, -0.8677, -0.6394, -0.6795, 0.0259, 0.0815, 0.3353, 0.1200|1959.8
18|1.0000, -0.8631, -0.4121, -0.7581, -0.0548, 0.0634, 0.0134, 0.4754|5980|0.9881, -0.8696, -0.6073, -0.7229, 0.0193, 0.0925, 0.4007, 0.1951|1867.6
19|1.0000, -0.8631, -0.5042, -0.7581, 0.0677, 0.0634, 0.3641, 0.4754|10100|1.0000, -0.8474, -0.6166, -0.7321, 0.0371, 0.0566, 0.3720, 0.2587|2276.8
20|1.0000, -0.8631, -0.6992, -0.7581, 0.0677, 0.0634, 0.3641, 0.4754|6980|1.0000, -0.8638, -0.6120, -0.6829, 0.0397, 0.0626, 0.3775, 0.2825|1894.6
21|1.0000, -0.8631, -0.5042, -0.7581, 0.0677, 0.0634, 0.0134, 0.4754|12660|1.0000, -0.8631, -0.6029, -0.7383, 0.0382, 0.0554, 0.3877, 0.3028|2289.2
22|1.0000, -0.8631, -0.6992, -0.7581, 0.0677, 0.0634, 0.3641, 0.4754|8980|0.9805, -0.8673, -0.6242, -0.7575, 0.0378, 0.0482, 0.3376, 0.3987|2022.8
23|1.0000, -0.8631, -0.4121, -0.7581, 0.0041, 0.0634, 0.3641, 0.4754|7680|0.9524, -0.8714, -0.6043, -0.7636, 0.0357, 0.0587, 0.3425, 0.4199|2006.4
24|1.0000, -0.8631, -0.6992, -0.7581, 0.0677, 0.0634, 0.6047, 0.4754|8500|0.9623, -0.8686, -0.5860, -0.7629, 0.0331, 0.0858, 0.3747, 0.4492|2120.8
25|1.0000, -0.8631, -0.6992, -0.7581, 0.0677, 0.0634, 0.6312, 0.4754|7260|0.9886, -0.8171, -0.5997, -0.7602, 0.0371, 0.0949, 0.3929, 0.4455|2273.2
26|1.0000, -0.8631, -0.6992, -0.7581, 0.0677, 0.0634, 0.3641, 0.4754|10600|0.9867, -0.8686, -0.6218, -0.7588, 0.0454, 0.0924, 0.4045, 0.4557|2069.0
27|1.0000, -0.8631, -0.6992, -0.7581, 0.0784, 0.0735, 0.3641, 0.4754|7400|0.9980, -0.8680, -0.5597, -0.7490, 0.0374, 0.0881, 0.3944, 0.4404|2230.6
28|1.0000, -0.8631, -0.6992, -0.7581, 0.0677, 0.0634, 0.4219, 0.5508|8620|1.0000, -0.8613, -0.5926, -0.7435, 0.0308, 0.1058, 0.3976, 0.4504|2358.2
29|1.0000, -0.8631, -0.6992, -0.7581, 0.0677, 0.0634, 0.3641, 0.3633|10820|1.0000, -0.8602, -0.5832, -0.7440, 0.0307, 0.0987, 0.4049, 0.4567|2516.2
30|1.0000, -0.8631, -0.6992, -0.7581, 0.0677, 0.1922, 0.3641, 0.4754|10420|1.0000, -0.8589, -0.6070, -0.7467, 0.0349, 0.0960, 0.3996, 0.4493|2250.8
31|1.0000, -0.8631, -0.6992, -0.7581, 0.0677, 0.0735, 0.3641, 0.4754|10860|1.0000, -0.8586, -0.5957, -0.7485, 0.0345, 0.1007, 0.3833, 0.4528|2233.0
32|1.0000, -0.8631, -0.4121, -0.7581, -0.0548, 0.0634, 0.0134, 0.4754|8400|1.0000, -0.8599, -0.6008, -0.7514, 0.0271, 0.0991, 0.3674, 0.4632|2445.2
