1|0.7941, 0.2565, -1.0000, -0.6979, 0.2133, -0.3525, 0.6236, -0.7589|1640|-0.0178, -0.0715, -0.0716, -0.1285, -0.2072, -0.2551, 0.0019, 0.0345|168.0
2|1.0000, -0.3718, -0.7616, -0.9533, 0.0160, -0.8358, 0.6577, 0.3873|2180|0.1019, -0.0791, -0.2660, -0.2815, -0.2252, -0.4266, 0.0898, 0.0134|267.0
3|1.0000, -0.5966, -0.8550, -0.8432, -0.3527, -0.0219, 0.4088, -0.9026|2920|0.2706, -0.0577, -0.4261, -0.4596, -0.3034, -0.3950, 0.1170, -0.0456|351.4
4|0.7723, -0.9809, -1.0000, -0.8977, -0.2960, -0.6540, -0.4944, 0.7886|2300|0.3958, -0.2604, -0.3366, -0.6644, -0.3902, -0.2914, 0.1368, -0.0779|424.6
5|0.7723, -0.9809, -1.0000, -0.8977, -0.2960, -0.6540, -0.4944, 0.7886|3140|0.4841, -0.3045, -0.5624, -0.7810, -0.4044, -0.3934, 0.1745, 0.1251|584.0
6|0.7941, 0.2565, -1.0000, -0.6002, 0.2684, -0.3525, 0.6236, -0.7589|2460|0.5912, -0.3866, -0.6034, -0.7901, -0.3346, -0.4219, 0.1945, 0.3462|640.4
7|0.7723, -0.9809, -1.0000, -0.8977, -0.2960, -0.6540, -0.4944, 0.7886|3280|0.6169, -0.4498, -0.6953, -0.7823, -0.2278, -0.4104, 0.2381, 0.3112|868.2
8|0.7723, -0.9470, -1.0000, -0.8977, 0.2133, -1.0000, 0.8365, 0.5660|3540|0.5000, -0.6073, -0.6503, -0.7872, -0.2730, -0.4233, 0.1695, 0.4121|908.6
9|0.7723, -0.9809, -1.0000, -0.4747, -0.2960, -0.6540, -0.4944, -0.2584|5460|0.5084, -0.7443, -0.6671, -0.8188, -0.2999, -0.4918, 0.2031, 0.4365|954.2
10|0.7723, -0.9470, -0.4093, -0.8109, 0.3562, -0.0219, 0.7841, 0.5660|5260|0.3931, -0.8588, -0.7292, -0.8246, -0.2605, -0.5634, 0.2456, 0.4125|982.6
11|0.8242, -0.9809, -0.9095, -0.6773, -0.2464, -0.6065, -0.4944, 0.7886|5620|0.4675, -0.8749, -0.6685, -0.7800, -0.2361, -0.4955, 0.3022, 0.4429|1110.8
12|0.6614, -1.0000, -0.4118, -0.6979, -0.1977, -0.2828, 0.3054, 0.5660|4460|0.5574, -0.8935, -0.7098, -0.7862, -0.2248, -0.4678, 0.1650, 0.4504|1216.8
13|0.7723, -0.9809, -1.0000, -0.8977, -0.2960, -0.6540, -0.4944, 0.7886|5500|0.6405, -0.8766, -0.7082, -0.7384, -0.1758, -0.4457, 0.2048, 0.4301|1282.0
14|0.7723, -1.0000, -1.0000, -0.8977, -0.1977, -0.6540, 0.0539, 0.7886|6080|0.5899, -0.9470, -0.7525, -0.7575, -0.1274, -0.5008, 0.1558, 0.4663|1422.2
15|0.6614, -1.0000, -0.4118, -0.6979, -0.1977, -0.2828, 0.3054, 0.5660|7460|0.6660, -0.9666, -0.7343, -0.7594, -0.1098, -0.4666, 0.1356, 0.4474|1516.2
16|0.6614, -1.0000, -0.4118, -0.5600, 0.0854, -0.2828, 0.2451, -0.1949|5760|0.6869, -0.9690, -0.6923, -0.7418, -0.1415, -0.4103, 0.1031, 0.4604|1490.4
17|0.6614, -1.0000, -1.0000, -0.6979, -0.1977, -0.2828, 0.3054, 0.5660|5120|0.7053, -0.9643, -0.6682, -0.7336, -0.1493, -0.3809, 0.0916, 0.4706|1504.2
18|0.6614, -1.0000, -0.4198, -0.7115, 0.0854, 0.1193, 0.3054, 0.5660|4920|0.5374, -0.9664, -0.6299, -0.7039, -0.1352, -0.3486, 0.0827, 0.4109|1539.2
19|0.9764, -0.9809, -0.4118, -0.5600, 0.0854, -0.3464, 0.3054, 0.5660|5600|0.6506, -0.9356, -0.6950, -0.6631, -0.0985, -0.3496, 0.0738, 0.3422|1679.4
20|0.7723, -1.0000, -0.6080, -0.6979, -0.1977, -0.2828, 0.3054, 0.5660|7880|0.6954, -0.9658, -0.6364, -0.6229, -0.0593, -0.3016, 0.1678, 0.3375|1903.8
21|0.6614, -1.0000, -1.0000, -0.5600, -0.1977, -0.2828, 0.2451, -0.1949|8640|0.6676, -0.9860, -0.6124, -0.6227, -0.0489, -0.2834, 0.1946, 0.3548|2061.8
22|0.9764, -1.0000, -0.6080, -0.5600, -0.1977, -0.3464, 0.3054, 0.5660|7000|0.7274, -0.9910, -0.6099, -0.6033, -0.0729, -0.2896, 0.2160, 0.3356|2051.0
23|0.5438, -1.0000, -0.3387, -0.3725, -0.2065, -0.2326, 0.2015, 0.5128|12180|0.7390, -0.9910, -0.5580, -0.5921, -0.0943, -0.2769, 0.2053, 0.3297|2236.8
24|0.9764, -1.0000, -0.3387, -0.3725, -0.2065, -0.3234, 0.2015, 0.5660|16080|0.7626, -0.9902, -0.5157, -0.5674, -0.0932, -0.2781, 0.1941, 0.3526|2417.4
25|0.6614, -1.0000, -0.3387, -0.3725, 0.0854, -0.2326, 0.2015, -0.1949|7600|0.7167, -0.9926, -0.4950, -0.5320, -0.0904, -0.2575, 0.1367, 0.2805|2332.8
26|0.9764, -1.0000, -0.4118, -0.3725, -0.2065, -0.2326, 0.2015, 0.5128|9420|0.7443, -0.9960, -0.4859, -0.5490, -0.0564, -0.2544, 0.1558, 0.3690|2227.6
27|0.9764, -1.0000, -0.4198, -0.5600, 0.0854, -0.2828, 0.2451, -0.1640|7600|0.7582, -0.9962, -0.4729, -0.5392, -0.0583, -0.2588, 0.2085, 0.4080|2263.6
28|0.6614, -1.0000, -0.4118, -0.3725, -0.2464, -0.2828, 0.2015, 0.5660|12040|0.8281, -0.8892, -0.4917, -0.5372, -0.0656, -0.2601, 0.2180, 0.3992|2259.0
29|0.9764, -0.9809, -0.4118, -0.5600, -0.2065, -0.2326, 0.3054, 0.5128|8900|0.8418, -0.8901, -0.4779, -0.5459, -0.0929, -0.2647, 0.2345, 0.3982|2449.0
30|0.9764, -1.0000, -0.6080, -0.6235, -0.1977, -0.2828, 0.3054, 0.5660|8560|0.8388, -0.9731, -0.4802, -0.5676, -0.1103, -0.2601, 0.2583, 0.4655|2574.4
31|0.9764, -0.9809, -0.4118, -0.5600, -0.2065, -0.2326, 0.3054, 0.5128|11500|0.8515, -0.9962, -0.4627, -0.5567, -0.0884, -0.2552, 0.2534, 0.4168|2557.8
32|0.9764, -1.0000, -0.6080, -0.6235, -0.1977, -0.2828, 0.3054, 0.5660|10020|0.8225, -0.9931, -0.4471, -0.5371, -0.1228, -0.2563, 0.2645, 0.4638|2808.6
