1|0.8125, 0.3951, -0.7717, -0.2990, 0.7852, -0.9994, 1.0000, -0.8022|1240|0.0120, -0.1472, -0.2715, 0.0099, -0.1918, 0.0108, -0.0497, -0.0596|117.8
2|-0.2076, -0.4688, -1.0000, -0.7341, 0.7625, -0.2251, 0.9803, -0.7591|1900|0.0521, -0.1810, -0.5744, -0.3787, -0.2013, -0.1970, 0.0966, -0.3634|300.2
3|-0.2076, -0.4688, -1.0000, -0.7341, 0.7625, -0.6088, 0.9803, -0.7591|3680|0.0095, -0.3427, -0.4711, -0.5951, -0.2188, -0.2957, 0.1349, -0.3692|375.0
4|0.8933, -0.4440, -0.4308, -0.8364, -0.4040, -0.2136, -1.0000, 0.5338|2740|0.0208, -0.4251, -0.6827, -0.6624, -0.1629, -0.3786, 0.0132, -0.3450|508.6
5|0.8933, -0.4440, -0.4308, -0.8364, -0.4040, -0.2136, -1.0000, 0.5338|2040|0.1016, -0.5278, -0.7191, -0.6585, -0.2683, -0.4060, -0.2416, -0.2646|592.2
6|0.8549, -0.5133, -1.0000, 0.0761, -0.1940, -0.2675, -0.3090, 0.0952|2820|0.1089, -0.6572, -0.7178, -0.7133, -0.4552, -0.3353, -0.3503, -0.1975|673.8
7|0.8933, -0.8420, -0.4308, -0.2480, -0.4351, -0.2136, -1.0000, -0.3692|5080|0.2659, -0.6570, -0.7176, -0.6903, -0.4815, -0.3696, -0.3473, -0.0691|751.0
8|0.8933, -1.0000, -0.4308, -0.2480, -0.4351, -0.1607, -0.5549, -0.3692|7840|0.3893, -0.6257, -0.6475, -0.6770, -0.4957, -0.3377, -0.3980, -0.1279|921.2
9|0.8933, -1.0000, -0.4308, -0.2480, -0.4351, -0.1607, -0.5549, -0.3692|6740|0.5600, -0.6931, -0.5943, -0.6209, -0.4479, -0.2933, -0.4987, -0.0465|956.8
10|0.8933, -1.0000, -0.4308, -0.2480, -0.4351, -0.1607, -0.5549, -0.3692|5280|0.6777, -0.7609, -0.5877, -0.5306, -0.3838, -0.2349, -0.5061, -0.1219|1125.6
11|0.8933, -1.0000, -0.4308, -0.2480, -0.4351, -0.1607, -0.5549, -0.3692|5320|0.7371, -0.8443, -0.5522, -0.4737, -0.4558, -0.2387, -0.5891, -0.0842|1465.0
12|0.8933, -1.0000, -0.4308, -0.2480, -0.4351, -0.1607, -0.5549, -0.3692|6340|0.8283, -0.9155, -0.4787, -0.3665, -0.4617, -0.2313, -0.5750, -0.1667|1517.4
13|0.8933, -1.0000, -0.4308, -0.2480, -0.4351, -0.1607, -0.5549, 0.1908|7760|0.8352, -0.9526, -0.4721, -0.2218, -0.4505, -0.2076, -0.5803, -0.1914|1612.4
14|0.8933, -1.0000, -0.4308, -0.0729, -0.4351, -0.1607, -0.5549, -0.3692|6940|0.8778, -0.9889, -0.4385, -0.1582, -0.4637, -0.1787, -0.5729, -0.2995|1625.0
15|0.8933, -1.0000, -0.4308, -0.2480, -0.4351, -0.1607, -0.5549, 0.1908|8140|0.8787, -1.0000, -0.4308, -0.1239, -0.4887, -0.1679, -0.5638, -0.3356|1892.6
16|0.8933, -1.0000, -0.4308, -0.2480, -0.4351, -0.1607, -0.5549, 0.1908|7240|0.8939, -0.9924, -0.4313, -0.1375, -0.4941, -0.1687, -0.5689, -0.3193|1640.0
17|0.8933, -1.0000, -0.4308, -0.2480, -0.4351, -0.1607, -0.5549, 0.1908|8100|0.8939, -0.9924, -0.4313, -0.1627, -0.5526, -0.1745, -0.5689, -0.2913|1683.4
18|0.8933, -1.0000, -0.4308, -0.2480, -0.4351, -0.1607, -0.5549, -0.3692|6960|0.8944, -0.9924, -0.4313, -0.1467, -0.5380, -0.1699, -0.5556, -0.2577|1872.0
19|1.0000, -0.9193, -0.4823, -0.2776, -0.4871, -0.1799, -0.6212, 0.2136|5740|0.9125, -0.9752, -0.4401, -0.1746, -0.5574, -0.1734, -0.5668, -0.2374|1854.4
20|1.0000, -0.9193, -0.4823, -0.2776, -0.4871, -0.1799, -0.6212, 0.2136|6280|0.9136, -0.9847, -0.4406, -0.1824, -0.5720, -0.1774, -0.5675, -0.2426|1585.6
21|0.8933, -1.0000, -0.4308, -0.2480, -0.4351, -0.1607, -0.5549, 0.1908|10760|0.9178, -0.9814, -0.4442, -0.1982, -0.5877, -0.1750, -0.5715, -0.1964|1788.6
22|1.0000, -0.9193, -0.4823, -0.2776, -0.4871, -0.1799, -0.6212, 0.2136|7140|0.9253, -0.9806, -0.4442, -0.2093, -0.5792, -0.1751, -0.5768, -0.1673|1832.2
23|1.0000, -1.0000, -0.4308, -0.2776, -0.4351, -0.1607, -0.5549, 0.2136|9420|0.9338, -0.9806, -0.4473, -0.2272, -0.5835, -0.1762, -0.5808, -0.1204|1924.4
24|1.0000, -1.0000, -0.4823, -0.2776, -0.4351, -0.1799, -0.6212, 0.2136|11680|0.9562, -0.9726, -0.4493, -0.2456, -0.5643, -0.1780, -0.5900, -0.0039|2222.6
25|1.0000, -0.9193, -0.4823, -0.2776, -0.4871, -0.1799, -0.6212, 0.2136|8720|0.9629, -0.8150, -0.4505, -0.2530, -0.5569, -0.1787, -0.5935, 0.0806|2305.2
26|1.0000, -1.0000, -0.4823, -0.0729, -0.4351, -0.1799, -0.6212, 0.2136|10600|0.9744, -0.9677, -0.4514, -0.2577, -0.4985, -0.1771, -0.5967, 0.1442|2362.8
27|1.0000, -0.9193, -0.4308, -0.2776, -0.4871, -0.1799, -0.6212, 0.2136|10340|0.9733, -0.9726, -0.4462, -0.2612, -0.5057, -0.1764, -0.5668, 0.1498|2637.6
28|1.0000, -0.9193, -0.4823, -0.2776, -0.4871, -0.1799, -0.6212, 0.2136|18260|0.9659, -0.9483, -0.4462, -0.2585, -0.4912, -0.1738, -0.5608, 0.1748|2742.4
29|0.8933, -1.0000, -0.4308, -0.2776, -0.4871, -0.1799, -0.6212, 0.2136|12080|0.9584, -0.9649, -0.4483, -0.2499, -0.5107, -0.1742, -0.5814, 0.1775|2515.8
30|1.0000, -1.0000, -0.4308, -0.2776, -0.4871, -0.1799, -0.6212, 0.2136|13440|0.9648, -0.8841, -0.4560, -0.2761, -0.4985, -0.1746, -0.5940, 0.2005|2357.2
31|0.8933, -1.0000, -0.4308, -0.2480, -0.4351, -0.1607, -0.5549, 0.1908|8620|0.9712, -0.9384, -0.4503, -0.2722, -0.4721, -0.1744, -0.5960, 0.2071|1998.0
32|1.0000, -0.9193, -0.4823, -0.2776, -0.4351, -0.1799, -0.5549, 0.2136|9120|0.9605, -0.9714, -0.4467, -0.2738, -0.4851, -0.1721, -0.6007, 0.2036|2550.0
