1|0.1094, -0.3950, -0.7669, -1.0000, -0.4147, 0.2599, 0.3650, 0.6182|4980|0.0855, -0.1120, -0.1904, -0.2975, -0.0600, -0.0618, 0.0652, -0.1723|266.2
2|0.9585, -0.9839, -0.4221, -1.0000, -0.4288, 0.8713, -0.1565, -0.0514|2500|0.2920, -0.2661, -0.3764, -0.5922, -0.2816, -0.0485, 0.1141, -0.1488|468.4
3|0.8135, -0.8738, -0.9350, -0.5878, -0.4498, -0.1698, -0.7773, 0.2435|2880|0.5398, -0.0408, -0.4750, -0.6884, -0.3009, 0.0269, -0.0709, -0.1351|438.0
4|0.1546, -0.6922, -0.4221, -0.5878, -0.4498, -0.3000, -0.1565, 0.2435|2540|0.6741, -0.2176, -0.5716, -0.7315, -0.4075, -0.0637, -0.1786, -0.2830|536.2
5|0.8135, -0.8738, -0.9350, -0.5878, -0.4498, -0.1698, -0.7773, 0.2435|4180|0.5969, -0.5142, -0.6498, -0.7114, -0.4011, -0.0518, -0.1527, -0.2654|755.6
6|0.4092, -1.0000, -1.0000, -0.8536, -0.3660, -0.7429, -0.1336, -0.0439|2600|0.6856, -0.6429, -0.6054, -0.5621, -0.3868, -0.1171, -0.1014, -0.2570|733.8
7|0.9585, -0.9839, -0.9559, -1.0000, -0.5846, 0.2027, 1.0000, -0.6911|3280|0.7253, -0.7283, -0.5876, -0.5184, -0.3315, -0.1496, 0.0169, -0.1779|709.8
8|0.8135, -0.8738, -0.4752, -0.0614, -0.3660, -0.1698, -0.1565, -0.0439|4640|0.7417, -0.8031, -0.6251, -0.6277, -0.3909, -0.2635, 0.0866, -0.1430|1206.4
9|0.8701, -0.8738, -1.0000, -0.5878, -0.4498, -0.3859, 0.6287, 0.2435|5940|0.7779, -0.7902, -0.6291, -0.6074, -0.4049, -0.2467, 0.0669, -0.1487|1075.6
10|0.8135, -0.8738, -0.4752, -0.0614, -0.3660, -0.1698, -0.1565, -0.0439|7080|0.7767, -0.8622, -0.6630, -0.5965, -0.4489, -0.2981, 0.1189, -0.0649|1190.8
11|0.9310, -1.0000, -1.0000, -0.0614, -0.3660, -0.1701, -0.1310, -0.3182|14840|0.7530, -0.8943, -0.6918, -0.4544, -0.4953, -0.3004, 0.1394, -0.0653|1218.6
12|0.8135, -0.8738, -0.4752, -0.0614, -0.3660, -0.1698, -0.1565, -0.0439|9220|0.7670, -0.9010, -0.6799, -0.5097, -0.5498, -0.2657, 0.1709, -0.0421|1386.2
13|0.8135, -0.8738, -0.4752, -0.0614, -0.3660, -0.1698, -0.1565, -0.0439|7940|0.7882, -0.9140, -0.6475, -0.4923, -0.5432, -0.2612, 0.1829, -0.0238|1482.6
14|0.9310, -1.0000, -0.6224, -0.4947, -0.5891, -0.1947, -0.1499, 0.3647|8800|0.8220, -0.9078, -0.6403, -0.4611, -0.5391, -0.2566, 0.2178, -0.0158|1706.4
15|0.8135, -1.0000, -0.4752, -0.0614, -0.3641, -0.3859, -0.1565, -0.0439|9060|0.8431, -0.9243, -0.6266, -0.4261, -0.5051, -0.2417, 0.0840, -0.0199|2010.6
16|0.8135, -0.8738, -0.4752, -0.0614, -0.3660, -0.1698, -0.1565, -0.0439|8160|0.8617, -0.9360, -0.6028, -0.4175, -0.5251, -0.2014, -0.0061, -0.0112|1987.6
17|0.9310, -1.0000, -1.0000, -0.0614, -0.1843, -0.1701, -0.1310, 0.2435|21100|0.8809, -0.9707, -0.6016, -0.3303, -0.4814, -0.2308, -0.1165, -0.0218|2386.4
18|0.9310, -1.0000, -1.0000, -0.0614, -0.1843, -0.1701, -0.1310, 0.2435|12620|0.8832, -0.9770, -0.5817, -0.2642, -0.4668, -0.2409, -0.1496, -0.0015|2146.0
19|0.8135, -0.8738, -0.4752, -0.0614, -0.3641, -0.1698, -0.1565, -0.0439|8420|0.8766, -0.9613, -0.5683, -0.2348, -0.4553, -0.2425, -0.1451, 0.0009|2123.6
20|0.9310, -1.0000, -0.5438, -0.0703, -0.4189, -0.2406, -0.1791, -0.0502|7760|0.8696, -0.9836, -0.5555, -0.2147, -0.4565, -0.2421, -0.1494, -0.0099|2389.8
21|0.9310, -1.0000, -0.5438, -0.0703, -0.4189, -0.2406, -0.1791, -0.0502|14220|0.8717, -0.9823, -0.5473, -0.2350, -0.4382, -0.2591, -0.1614, 0.0114|2632.2
22|0.8135, -1.0000, -0.4752, -0.0614, -0.3641, -0.3859, -0.1565, -0.0439|10600|0.8681, -0.9849, -0.5362, -0.1552, -0.4134, -0.2407, -0.1638, 0.0135|2450.6
23|0.8316, -1.0000, -0.4752, -0.0614, -0.5147, -0.1698, -0.1565, -0.0502|11360|0.8117, -0.9686, -0.5479, -0.1730, -0.3987, -0.2408, -0.1595, 0.0184|2422.8
24|0.8316, -1.0000, -0.4752, -0.0614, -0.5147, -0.1698, -0.1565, -0.0502|10040|0.8349, -0.9874, -0.5200, -0.1528, -0.4137, -0.2580, -0.1616, -0.0137|2361.6
25|0.8135, -1.0000, -0.4752, -0.0614, -0.3641, -0.1698, -0.1499, -0.0439|11140|0.8496, -0.9823, -0.5165, -0.1606, -0.4247, -0.2664, -0.1633, -0.0340|2509.4
26|0.8135, -1.0000, -0.4752, -0.0614, -0.3660, -0.1698, -0.1565, -0.0439|10960|0.8650, -0.9533, -0.5050, -0.1213, -0.4025, -0.2572, -0.1633, -0.0500|2520.4
27|0.9310, -1.0000, -0.4752, -0.4947, -0.3641, -0.1947, -0.1565, -0.0439|13200|0.8681, -0.9736, -0.5031, -0.1244, -0.4240, -0.2516, -0.1693, -0.0499|2818.0
28|1.0000, -1.0000, -0.5438, -0.0614, -0.3641, -0.1698, -0.1882, -0.0527|9320|0.8705, -0.9499, -0.5042, -0.1247, -0.4189, -0.2473, -0.1705, -0.0444|2392.0
29|0.8135, -1.0000, -0.4752, -0.0614, -0.3660, -0.1698, -0.1565, -0.0502|31540|0.8663, -0.9613, -0.5026, -0.1213, -0.4063, -0.2351, -0.1678, -0.0437|3133.2
30|0.9310, -1.0000, -0.6224, -0.0703, -0.3641, -0.1701, -0.1565, -0.0439|13880|0.8738, -0.9779, -0.5079, -0.1308, -0.3896, -0.2238, -0.1701, -0.0409|2677.6
31|1.0000, -1.0000, -0.5438, -0.0614, -0.3641, -0.3859, -0.1882, -0.0920|12180|0.8755, -0.9840, -0.5071, -0.1399, -0.3753, -0.2253, -0.1660, -0.0346|2560.4
32|0.8135, -1.0000, -0.4977, -0.0471, -0.3660, -0.2406, -0.1565, 0.0168|12380|0.8844, -0.9856, -0.5013, -0.1352, -0.3608, -0.2369, -0.1671, -0.0322|2931.6
