1|0.5241, -0.7970, -0.8343, -0.7120, -0.9023, 0.2196, -1.0000, -0.2634|1100|0.0417, -0.0938, -0.1118, -0.2402, -0.0161, -0.1173, 0.1322, 0.0317|110.2
2|-0.9053, -0.7961, -0.4584, -0.8746, -0.1996, -0.9870, 0.9378, 0.1552|1860|0.1169, -0.2626, -0.2384, -0.4549, 0.0093, -0.3371, 0.1956, -0.0217|265.6
3|0.5241, -0.7970, -0.8343, -0.3469, -0.9023, 0.2196, -1.0000, -0.2634|2020|0.2141, -0.3464, -0.3574, -0.5673, -0.0436, -0.4488, 0.0839, 0.0452|385.6
4|0.6443, -0.2254, -0.8857, -1.0000, 0.1706, -0.7482, 0.5348, 0.4499|1880|0.3762, -0.3463, -0.3889, -0.5459, -0.0904, -0.3299, 0.0471, 0.0212|362.0
5|1.0000, -0.3634, -0.8960, -0.6585, -0.0753, -0.9466, 0.1141, 0.1582|3720|0.5154, -0.3476, -0.4689, -0.5846, -0.1172, -0.4849, 0.0535, 0.0032|571.2
6|0.2287, -1.0000, -0.3074, -0.2296, -0.2091, -0.6618, -0.1403, 0.0754|3520|0.5058, -0.4212, -0.6274, -0.5960, -0.0868, -0.6808, 0.0116, 0.0273|729.2
7|0.5241, -0.9393, -0.8343, -0.1855, -0.9023, -1.0000, -1.0000, -0.2634|2800|0.4578, -0.4631, -0.5524, -0.5582, -0.1443, -0.5374, -0.1037, 0.0783|618.6
8|0.8159, -0.9553, -1.0000, -0.4158, -0.0953, 0.0016, 0.1445, 0.7156|4500|0.4385, -0.5345, -0.6327, -0.5744, -0.1796, -0.7380, -0.1258, 0.1043|946.2
9|0.8159, -0.9553, -1.0000, -0.4158, -0.0953, 0.0016, 0.1445, 0.7156|4040|0.3506, -0.6628, -0.7044, -0.5040, -0.2030, -0.6224, -0.1250, 0.0673|780.2
10|0.2879, -1.0000, -0.5358, -0.7028, -0.3819, 0.1834, 0.0337, 0.1282|5780|0.4181, -0.7146, -0.4657, -0.5202, -0.2645, -0.6029, -0.0554, 0.1081|844.2
11|1.0000, -0.8726, -0.4645, -0.6133, 0.1100, -1.0000, 0.0338, 0.8164|6140|0.4631, -0.6629, -0.5451, -0.5178, -0.2474, -0.5144, -0.0165, 0.1737|1026.6
12|0.2879, -1.0000, -0.5358, -0.2921, -0.0753, 0.1834, 0.0337, 0.1282|6280|0.4382, -0.7456, -0.5680, -0.5289, -0.2215, -0.5436, 0.0211, 0.2157|1043.2
13|0.1343, -1.0000, -0.5358, -0.2921, -0.0753, 0.1834, 0.0337, 0.1282|14400|0.3525, -0.6323, -0.5284, -0.4205, -0.1993, -0.4970, 0.0051, 0.2006|1284.2
14|0.4413, -1.0000, -0.7295, -0.2921, -0.0027, 0.1834, -0.1785, 0.1282|15660|0.2878, -0.7284, -0.6036, -0.4423, -0.1638, -0.3295, 0.0259, 0.1871|1759.2
15|0.3495, -0.9553, -1.0000, -0.2499, 0.0700, 0.1834, 0.1041, 0.1282|11220|0.2693, -0.7689, -0.6197, -0.4695, -0.1429, -0.1460, 0.0191, 0.1564|1689.0
16|0.1180, -1.0000, -0.7295, -0.2018, -0.1820, -0.1182, -0.1785, 0.1652|9900|0.2830, -0.9097, -0.4820, -0.3709, -0.1451, -0.0699, -0.0031, 0.1324|1270.8
17|0.1343, -1.0000, -0.5358, -0.2921, -0.0753, 0.1834, 0.0337, 0.1282|19120|0.1708, -0.9187, -0.4670, -0.3631, -0.1678, -0.1141, -0.0383, 0.1382|1524.8
18|0.1231, -1.0000, -0.2628, -0.3049, 0.0057, -0.0745, 0.1191, 0.1724|36200|0.2186, -0.9571, -0.5347, -0.4160, -0.1593, -0.0882, -0.0366, 0.1329|2285.6
19|0.1231, -1.0000, -0.2628, -0.3049, 0.0057, -0.0745, 0.1191, 0.1724|24400|0.2942, -0.9830, -0.5292, -0.3755, -0.1613, -0.0787, -0.0160, 0.1223|2433.8
20|0.1402, -1.0000, -0.5592, -0.0758, -0.0197, -0.1234, -0.1863, -0.0115|15380|0.2336, -0.8517, -0.5342, -0.3626, -0.1210, -0.0450, -0.0271, 0.1217|2219.6
21|0.3039, -0.9581, -0.5655, -0.1621, -0.0040, -0.1182, -0.0905, 0.1582|24560|0.2263, -0.9537, -0.4891, -0.2838, -0.0940, -0.1168, -0.0528, 0.1220|2730.8
22|0.1231, -1.0000, -0.5592, -0.1692, -0.0042, -0.1234, -0.0970, 0.2159|17100|0.2140, -0.9174, -0.4067, -0.2582, -0.1090, -0.1388, -0.0562, 0.1463|2829.4
23|0.4675, -1.0000, -0.4852, -0.2921, -0.0753, 0.1834, -0.0099, 0.3464|21900|0.2082, -0.9720, -0.4741, -0.2342, -0.1069, -0.1123, -0.0618, 0.1528|3520.8
24|0.1180, -0.9581, -0.5358, -0.1621, 0.0066, -0.1066, -0.0905, 0.1282|20620|0.2812, -0.9714, -0.4950, -0.2403, -0.0868, -0.0219, -0.0404, 0.2080|3295.6
25|0.4675, -1.0000, -0.2628, -0.3049, 0.0057, 0.1834, -0.0099, 0.1724|32260|0.2525, -0.9839, -0.4371, -0.2232, -0.0817, -0.0331, -0.0253, 0.1815|4216.0
26|0.1180, -1.0000, -0.0678, -0.0758, -0.0040, -0.1234, -0.0945, 0.0007|41960|0.2590, -0.9562, -0.4482, -0.2318, -0.0552, -0.0355, -0.0149, 0.1868|4600.4
27|0.1180, -1.0000, -0.0678, -0.0758, -0.0040, -0.1234, -0.0945, 0.0007|57660|0.2808, -0.9274, -0.4341, -0.1965, -0.0238, -0.0212, -0.0442, 0.1640|6440.8
28|0.1402, -1.0000, -0.0678, -0.0758, -0.0197, -0.0745, -0.0945, 0.0007|55980|0.2525, -0.9746, -0.4114, -0.2073, -0.0286, -0.0038, -0.0388, 0.1484|6778.4
29|0.1402, -1.0000, -0.0114, -0.0758, -0.0197, -0.0745, -0.0945, 0.0007|146600|0.2677, -0.9925, -0.3840, -0.2043, -0.0164, 0.0018, -0.0448, 0.1459|9286.4
30|0.1180, -1.0000, -0.0678, -0.0758, -0.0040, -0.1234, -0.0945, -0.0004|51700|0.2773, -0.9946, -0.3305, -0.1755, -0.0103, -0.0057, -0.0518, 0.1364|9494.2
31|0.1402, -1.0000, -0.0114, -0.0758, -0.0197, -0.0745, -0.0945, 0.0007|129680|0.2871, -0.9954, -0.2887, -0.1575, -0.0038, -0.0281, -0.0644, 0.1004|13026.8
32|0.1402, -1.0000, -0.0114, -0.0758, -0.0197, -0.0745, -0.0945, 0.0007|139580|0.2818, -0.9979, -0.2254, -0.1535, -0.0059, -0.0222, -0.0685, 0.0888|18842.6
