1|0.8003, -0.9398, -0.2686, -1.0000, -0.3221, 0.6414, 0.2322, -0.5445|1160|-0.0857, -0.0106, -0.0740, 0.0229, -0.0300, 0.1697, -0.1250, 0.0542|74.2
2|0.3583, -1.0000, -0.9096, -0.5762, 0.4849, 0.1908, 0.6800, 0.5297|1680|-0.2192, -0.0278, -0.2759, -0.3133, -0.1393, 0.1041, -0.0581, 0.0472|176.6
3|0.2624, 0.3380, -1.0000, -0.4462, 0.1493, -0.7150, -0.5075, 0.5146|2900|0.0734, -0.4026, -0.4760, -0.6772, -0.0207, 0.0208, -0.1172, -0.0407|336.4
4|0.2624, -0.5085, -1.0000, -0.9398, -0.1098, -0.7150, 0.1749, 0.4634|2840|0.1929, -0.4628, -0.4874, -0.7064, -0.0571, 0.0571, -0.0535, -0.0065|413.8
5|0.3583, -1.0000, -0.9096, -0.4980, 0.4849, -0.1258, 0.6800, -0.7911|2460|0.1822, -0.6260, -0.4325, -0.7998, -0.1501, -0.0077, -0.1418, -0.1163|499.4
6|0.2047, -1.0000, -0.3880, -0.9203, 0.0029, 0.5151, -0.8788, -0.1687|2120|0.2752, -0.6896, -0.5798, -0.7348, -0.0058, -0.1503, 0.1155, 0.0629|626.6
7|0.7038, -1.0000, -0.9096, -0.4980, -0.3221, -0.9644, 0.6800, -0.7911|3440|0.4139, -0.7144, -0.6524, -0.7806, -0.1849, -0.0800, 0.0142, 0.0143|762.8
8|0.9215, -0.9772, -0.6735, -0.5201, -0.1201, -0.0619, 0.7051, 0.3554|5200|0.4710, -0.7975, -0.6427, -0.7956, -0.2482, -0.0682, -0.0205, 0.0174|1019.4
9|1.0000, -0.9772, -0.7309, -0.5201, -0.1201, -0.0597, 0.2322, 0.3554|6420|0.5080, -0.8404, -0.7201, -0.5572, -0.2479, -0.1109, 0.1375, 0.1321|928.6
10|0.8003, -0.9398, -0.2686, -0.4980, -0.7888, 0.5279, 0.4434, 0.1637|4780|0.5375, -0.8384, -0.6951, -0.7376, -0.3425, -0.1173, 0.0839, 0.0467|1131.4
11|0.3842, -1.0000, -0.7551, -0.7230, -0.3221, -0.7551, -0.3211, -0.3392|5700|0.5825, -0.8718, -0.6525, -0.7704, -0.3393, -0.0982, 0.1219, 0.0542|1151.6
12|1.0000, -0.3313, -0.7309, -0.5644, -0.1191, -0.0597, 0.1898, 0.3857|5240|0.6401, -0.8870, -0.7695, -0.7738, -0.4000, -0.1047, 0.2151, 0.0940|1291.4
13|0.5898, -1.0000, -0.7309, -0.5644, -0.2625, -0.0597, 0.1898, 0.1329|8040|0.7103, -0.6815, -0.6995, -0.7131, -0.4076, -0.0502, 0.2211, 0.1184|1161.4
14|0.7038, -1.0000, -0.9096, -0.4980, -0.3221, -0.1258, -0.6930, 0.4245|6100|0.7242, -0.7909, -0.7402, -0.7027, -0.3694, -0.0633, 0.1354, 0.2150|1368.0
15|0.5898, -1.0000, -0.7309, -0.5644, -0.2625, -0.0597, 0.1898, 0.1329|8980|0.7493, -0.8691, -0.7559, -0.6587, -0.3945, -0.0609, 0.1151, 0.2161|1582.4
16|1.0000, -0.9772, -0.7309, -0.5201, -0.1201, -0.0597, 0.2322, 0.3554|6980|0.7957, -0.8902, -0.7507, -0.5896, -0.3631, -0.1184, 0.0911, 0.2651|1597.4
17|0.7038, -1.0000, -0.2686, -0.4401, -0.7888, 0.0313, 0.1749, 0.1329|8340|0.7869, -0.9322, -0.7406, -0.5333, -0.3791, -0.1057, 0.0972, 0.2914|1878.2
18|1.0000, -0.9772, -0.7309, -0.5201, -0.1201, -0.0597, 0.2322, 0.3554|10520|0.7885, -0.9655, -0.7392, -0.5355, -0.3504, -0.0975, 0.1217, 0.3064|2024.8
19|1.0000, -0.9398, -1.0000, -0.6629, -0.2467, -0.1258, 0.1898, 0.3857|6680|0.8249, -0.9544, -0.7201, -0.5228, -0.2879, -0.0977, 0.1164, 0.2995|2072.4
20|1.0000, -0.9398, -0.7309, -1.0000, -0.1201, -0.0597, 0.2322, 0.3554|6540|0.8412, -0.9613, -0.7141, -0.5327, -0.3031, -0.0905, 0.0889, 0.3135|1768.8
21|1.0000, -0.9772, -0.2686, -0.5644, -0.1201, 0.0313, 0.2322, 0.3857|10000|0.8924, -0.9549, -0.6836, -0.5134, -0.2824, -0.1126, 0.1188, 0.3292|2279.0
22|1.0000, -0.9772, -0.7309, -0.3913, -0.1191, -0.0597, 0.2322, 0.3857|13480|0.9161, -0.9586, -0.6723, -0.5166, -0.2931, -0.1146, 0.1627, 0.3394|2698.6
23|1.0000, -1.0000, -0.7309, -0.5201, -0.1201, -0.0597, 0.2322, 0.3554|8960|0.9550, -0.9624, -0.6601, -0.4955, -0.2616, -0.0684, 0.1819, 0.3428|2451.4
24|1.0000, -0.9398, -0.7309, -0.4980, -0.1191, -0.0597, 0.2322, 0.3857|9820|0.9647, -0.9635, -0.6849, -0.4886, -0.1869, -0.0510, 0.1590, 0.3484|2601.4
25|1.0000, -0.9398, -0.7309, -0.3913, -0.1191, -0.0597, 0.0018, 0.3857|15900|0.9799, -0.9606, -0.6941, -0.4738, -0.1708, -0.0374, 0.1551, 0.3619|2512.6
26|1.0000, -0.9772, -0.2686, -0.3913, -0.1191, 0.1258, 0.1898, 0.3554|16340|0.9841, -0.9647, -0.6733, -0.4626, -0.1644, -0.0299, 0.1524, 0.3602|2784.8
27|1.0000, -0.9772, -0.2686, -0.5201, -0.2625, 0.1258, 0.2322, 0.3554|11460|0.9822, -0.9631, -0.6640, -0.4696, -0.1577, -0.0295, 0.1314, 0.3550|3034.4
28|1.0000, -0.9772, -0.2686, -0.3913, -0.1201, 0.0564, 0.2322, 0.3554|18120|0.9882, -0.9671, -0.6524, -0.4797, -0.1457, -0.0278, 0.1343, 0.3592|3115.0
29|1.0000, -0.9772, -0.2686, -0.3913, -0.1201, 0.0564, 0.2322, 0.3554|13200|0.9970, -0.9683, -0.6432, -0.4712, -0.1480, -0.0311, 0.1442, 0.3579|3228.0
30|1.0000, -0.9772, -0.2686, -0.3913, -0.1201, 0.0564, 0.2322, 0.3554|12840|0.9941, -0.9663, -0.6200, -0.4728, -0.1494, -0.0216, 0.1478, 0.3577|3322.2
31|1.0000, -0.9772, -0.2686, -0.3913, -0.1201, 0.0564, 0.2322, 0.3554|36080|0.9911, -0.9647, -0.6200, -0.4649, -0.1456, -0.0159, 0.1496, 0.3614|3996.4
32|1.0000, -0.9772, -0.2686, -0.3913, -0.1201, 0.0564, 0.2322, 0.3554|19480|0.9793, -0.9701, -0.5922, -0.4585, -0.1795, -0.0179, 0.1533, 0.3548|3030.0
