1|0.5628, 0.7794, -0.6704, -1.0000, -0.2404, 0.3338, -0.0982, 0.6410|1280|0.0888, -0.1588, -0.2252, -0.1132, 0.0315, -0.0777, 0.0458, 0.1569|110.8
2|0.5628, 0.7794, -0.6704, -1.0000, -1.0000, 0.5492, -0.5713, 0.1760|1120|0.1614, -0.0771, -0.3185, -0.3845, 0.0385, -0.0790, -0.1066, 0.1380|221.0
3|1.0000, -0.4329, -0.8070, -0.2366, -0.1571, -0.2270, -0.7267, -0.7076|1460|0.2777, -0.1935, -0.2762, -0.5415, 0.0185, -0.0063, -0.2271, 0.0253|277.6
4|0.9231, -0.8577, -0.1733, -1.0000, 0.8421, 0.6302, -0.0982, -0.1642|1580|0.3526, -0.2734, -0.3516, -0.6744, -0.0369, -0.0762, -0.2432, -0.0181|385.0
5|0.9231, -0.8577, -0.1733, -0.6386, -1.0000, 0.2894, -0.0982, 0.6423|2960|0.4582, -0.3337, -0.4370, -0.8171, -0.2006, -0.0235, -0.2487, -0.0555|450.6
6|0.9231, -0.8577, -0.1733, -0.6386, -0.1531, 0.2894, -0.0982, 0.6423|3580|0.6559, -0.4078, -0.4665, -0.7950, -0.3162, -0.1372, -0.1593, -0.1542|597.4
7|0.5372, -0.0015, -0.8070, -0.3231, -0.1571, -0.5900, 0.2550, -0.1642|3300|0.7171, -0.4422, -0.5087, -0.7797, -0.3679, -0.1259, -0.1076, -0.1240|858.8
8|0.7999, -1.0000, -1.0000, -0.9743, -0.1531, -0.5748, -1.0000, -0.1642|5260|0.7808, -0.5746, -0.4865, -0.8481, -0.3953, -0.1202, -0.1464, -0.0418|870.4
9|0.8994, -0.3994, -1.0000, -0.9743, -0.1531, -0.5748, 0.1954, 0.2106|5140|0.7775, -0.6157, -0.5612, -0.7920, -0.4594, -0.1599, -0.1097, 0.0549|839.6
10|1.0000, -0.8577, -0.1733, -0.6386, -0.1658, 0.2894, -0.1064, 0.6423|3920|0.8147, -0.6645, -0.5499, -0.7697, -0.4704, -0.1640, -0.0480, 0.0885|936.0
11|0.9231, -0.8577, -0.1733, -0.2366, -0.1531, 0.2894, 0.1954, 0.2106|4440|0.8806, -0.6519, -0.6181, -0.8055, -0.4178, -0.1273, 0.0966, 0.2375|1321.6
12|0.8994, -0.3994, -1.0000, -0.9743, -0.1531, -0.6381, -0.3772, -0.0575|5540|0.8924, -0.6938, -0.5439, -0.7574, -0.3648, -0.1719, 0.0930, 0.2951|1130.6
13|0.9231, -0.8577, -1.0000, -0.6386, -0.2109, 0.2894, -0.0982, 0.6423|3900|0.9103, -0.6740, -0.4949, -0.7660, -0.3667, -0.1552, 0.1590, 0.4416|1058.6
14|1.0000, -0.8577, -1.0000, -1.0000, -0.1658, -0.1784, 0.8617, 0.6958|6380|0.8651, -0.7538, -0.5716, -0.7949, -0.3828, -0.1561, 0.1666, 0.4329|1260.4
15|0.9231, -1.0000, -0.1733, -0.6386, -0.1658, 0.2894, -0.0982, 0.6423|4140|0.8951, -0.7888, -0.5487, -0.7860, -0.3839, -0.1223, 0.1855, 0.4783|998.0
16|0.9231, -1.0000, -0.1555, -0.6386, -0.1531, 0.2894, -0.0383, 0.6423|4840|0.8439, -0.8159, -0.5069, -0.7608, -0.4241, -0.1475, 0.1988, 0.5345|1208.2
17|0.9231, -1.0000, -0.1555, -0.6386, -0.1531, 0.2894, -0.0383, 0.6423|4340|0.8693, -0.8841, -0.4859, -0.7253, -0.4106, -0.1312, 0.2217, 0.5681|1141.8
18|1.0000, -0.8577, -1.0000, -0.3231, -0.1531, -0.1784, -0.1064, 0.2106|5820|0.8733, -0.8808, -0.4559, -0.7927, -0.2982, -0.1087, 0.1079, 0.5608|1380.4
19|0.9231, -0.8577, -1.0000, -0.3231, -0.1531, 0.2894, -0.1064, 0.2106|6680|0.8886, -0.9141, -0.3619, -0.7381, -0.2558, -0.0002, 0.0562, 0.5740|1700.4
20|1.0000, -0.8577, -0.1733, -0.3231, -0.1531, 0.2894, -0.1064, 0.2106|8820|0.8967, -0.6982, -0.3972, -0.6991, -0.2147, 0.0078, -0.0109, 0.5769|1491.6
21|0.9231, -0.8577, -0.1733, -0.3231, -0.1531, 0.2894, 0.1954, 0.2106|9100|0.8711, -0.9067, -0.4232, -0.6827, -0.1433, 0.1020, 0.0073, 0.5551|1743.6
22|0.9231, -1.0000, -0.1555, -0.6386, 0.0824, 0.2894, 0.0802, 0.6423|14280|0.8078, -0.9140, -0.4633, -0.6313, -0.1382, 0.1719, 0.0441, 0.5302|2140.2
23|0.9231, -1.0000, -0.1733, -0.3695, 0.0824, 0.2894, -0.0982, 0.2106|10420|0.8968, -0.8759, -0.4315, -0.6106, -0.1062, 0.2374, 0.0143, 0.5545|1999.0
24|0.9231, -1.0000, -0.1733, -0.3695, 0.0824, 0.2894, -0.0982, 0.2106|12720|0.9097, -0.9210, -0.4411, -0.6104, -0.0757, 0.2205, 0.0406, 0.5178|2328.8
25|0.7329, -1.0000, -0.7939, -0.2565, -0.1215, 0.2297, -0.0844, 0.1672|10440|0.8588, -0.9445, -0.3986, -0.5785, -0.0736, 0.2453, 0.0476, 0.4808|2510.2
26|0.9231, -1.0000, -0.1733, -0.3695, 0.0824, 0.2894, -0.0982, 0.2106|28780|0.8740, -0.9363, -0.3916, -0.5112, -0.0374, 0.2441, 0.0384, 0.4187|2865.0
27|0.9231, -1.0000, -0.1733, -0.3695, 0.0824, 0.2894, 0.1144, 0.2106|29860|0.8580, -0.8097, -0.3649, -0.5144, -0.0231, 0.2731, 0.0141, 0.3918|3061.6
28|0.9231, -1.0000, -0.1733, -0.3695, 0.0824, 0.2894, 0.0802, 0.2106|25740|0.8730, -0.9467, -0.3341, -0.4636, -0.0389, 0.2777, -0.0076, 0.3683|3322.0
29|0.9231, -1.0000, -0.1733, -0.3231, 0.0824, 0.2894, 0.1144, 0.2106|30460|0.8665, -0.9896, -0.3265, -0.4276, 0.0046, 0.2634, -0.0195, 0.3201|4748.2
30|0.9231, -1.0000, -0.1733, -0.3695, 0.0824, 0.3135, 0.1144, 0.2106|37860|0.8765, -0.6056, -0.3326, -0.4152, 0.0381, 0.2565, -0.0319, 0.2203|3856.4
31|0.7244, -1.0000, -0.1555, -0.3695, 0.0646, 0.2894, 0.0802, 0.1653|27800|0.8788, -0.9004, -0.2849, -0.4264, 0.0295, 0.2568, 0.0001, 0.2714|4533.0
32|0.9231, -1.0000, -0.1555, -0.3695, 0.0824, 0.2894, 0.0802, 0.2106|25180|0.8586, -0.9589, -0.2964, -0.3986, 0.0410, 0.2379, 0.0250, 0.2190|4678.6
