1|0.8110, -0.8834, -0.3839, -0.4886, 0.1361, -0.1886, -1.0000, 0.1048|1900|0.0422, 0.0384, -0.2189, -0.2666, -0.0742, -0.1792, 0.1034, -0.0085|173.2
2|0.8110, -0.8834, -0.3839, -0.4886, 0.1361, -0.1886, -1.0000, 0.1048|1960|0.1898, -0.0900, -0.3958, -0.3022, -0.1873, -0.2858, 0.0170, -0.0086|251.6
3|0.8888, -0.2863, -0.9690, -1.0000, -1.0000, -0.9298, -0.0501, -0.8279|2040|0.1887, -0.0828, -0.4492, -0.3786, -0.3535, -0.3841, -0.0105, -0.0548|278.0
4|0.7826, -0.2863, -0.9690, -1.0000, -0.5172, 0.2737, 0.2670, -0.4641|3500|0.2440, -0.1981, -0.5727, -0.5292, -0.4305, -0.4428, 0.0061, -0.1595|430.6
5|0.7826, -0.2863, -0.9690, -1.0000, 0.1502, -0.7310, 0.2670, 0.6793|2980|0.3806, -0.1897, -0.6097, -0.6211, -0.4196, -0.3893, -0.0716, -0.1190|559.6
6|0.8110, -0.5126, -0.3839, -0.4397, 0.1361, -0.1886, -0.2083, -0.5042|3300|0.5190, -0.2663, -0.6522, -0.7191, -0.3194, -0.4862, -0.0660, -0.1387|700.4
7|0.9954, -0.3514, -0.4712, -0.5397, 0.1843, -1.0000, -0.2660, -0.5696|2480|0.6142, -0.3543, -0.6463, -0.7888, -0.3112, -0.4869, -0.0839, -0.1681|710.4
8|0.7826, -0.2863, -0.9690, -1.0000, 0.1502, -0.7310, 0.2670, 0.6793|3660|0.7123, -0.3711, -0.6732, -0.7357, -0.2223, -0.5559, -0.0210, -0.0734|841.4
9|0.8888, -0.5126, -0.9690, -1.0000, 0.1502, -0.1886, 0.2670, 0.6793|3240|0.7201, -0.4037, -0.5965, -0.7378, -0.1791, -0.5259, 0.0046, -0.0220|681.6
10|0.8888, -0.5126, -0.9690, -1.0000, 0.1502, -0.1886, 0.2670, 0.6793|4760|0.7470, -0.4067, -0.5922, -0.7186, -0.1569, -0.4588, 0.0637, 0.0821|807.8
11|1.0000, -0.4775, -0.4906, -0.6929, 0.2145, -0.2842, -0.0789, 0.4653|4540|0.8254, -0.4380, -0.6215, -0.7350, -0.1776, -0.4178, 0.0484, 0.1876|937.8
12|0.9172, -0.4775, -0.4906, -0.6929, 0.2145, -0.2842, -0.0789, 0.4653|3820|0.7967, -0.4055, -0.6327, -0.7248, -0.2112, -0.3350, 0.0572, 0.2062|889.0
13|0.9172, -0.4775, -0.4906, -0.6929, 0.2145, -0.2122, -0.0563, 0.4653|3040|0.9025, -0.5192, -0.5344, -0.7690, -0.0575, -0.1935, 0.0917, 0.1804|895.0
14|0.9172, -0.4775, -0.4906, -0.6929, 0.2145, -0.2842, -0.0789, 0.4653|3660|0.8784, -0.4819, -0.5123, -0.7927, -0.0076, -0.1378, 0.1223, 0.3110|936.0
15|1.0000, -0.4775, -0.4906, -0.6929, 0.2338, -0.2056, -0.0789, 0.4588|3900|0.8775, -0.5082, -0.4905, -0.7744, 0.0449, -0.1132, 0.0950, 0.4112|1011.2
16|1.0000, -0.4233, -0.8003, -0.8080, 0.1396, 0.2261, 0.2205, 0.5610|3660|0.9187, -0.5001, -0.4887, -0.7615, 0.0490, -0.1075, 0.0905, 0.3356|1233.0
17|1.0000, -1.0000, -0.3677, -0.4886, 0.1502, -0.1636, 0.2670, 0.0844|8740|0.9356, -0.5101, -0.4885, -0.7536, 0.0726, -0.0841, 0.0610, 0.3613|1331.4
18|1.0000, -0.4775, -0.4906, -0.6929, 0.2145, 0.0894, -0.0789, 0.4653|3480|0.9666, -0.5414, -0.4915, -0.7731, 0.0621, -0.1228, 0.0979, 0.4532|1052.4
19|1.0000, -0.6801, -0.2501, -0.3323, 0.1021, -0.1113, 0.1816, 0.0574|6240|0.9630, -0.5417, -0.5032, -0.7705, 0.0796, -0.0626, 0.1007, 0.4974|1460.2
20|1.0000, -0.6801, -0.2501, -0.3323, 0.1021, -0.1113, 0.1816, 0.0574|11360|0.9690, -0.5782, -0.4825, -0.6816, 0.0985, -0.0777, 0.0988, 0.4794|1659.0
21|1.0000, -1.0000, -0.3677, -0.6929, 0.2338, -0.1636, 0.2670, 0.4588|6480|0.9581, -0.5206, -0.4354, -0.6939, 0.1495, -0.0713, 0.0979, 0.4196|1557.6
22|0.8370, -1.0000, -0.4194, -0.7570, 0.1021, -0.1113, -0.0860, 0.0574|7640|0.9752, -0.6006, -0.4451, -0.6863, 0.1572, -0.0420, 0.0839, 0.4115|1740.0
23|0.8370, -1.0000, -0.3677, -0.4886, 0.1021, -0.1113, 0.1816, 0.0574|13600|0.9902, -0.6354, -0.4271, -0.6344, 0.1645, -0.0846, 0.0901, 0.3798|1978.8
24|0.8370, -1.0000, -0.3677, -0.4886, 0.1021, -0.1113, 0.1816, 0.0574|9060|0.9886, -0.6931, -0.4255, -0.6436, 0.1630, -0.0987, 0.0995, 0.3474|1866.2
25|1.0000, -1.0000, -0.3677, -0.4886, 0.1502, -0.1886, 0.2670, 0.0844|14300|0.9561, -0.8191, -0.4155, -0.5261, 0.1514, -0.1408, 0.1289, 0.2999|2487.2
26|1.0000, -1.0000, -0.3677, -0.3323, 0.1021, -0.3043, -0.0789, 0.0844|10440|0.9418, -0.8943, -0.3906, -0.5150, 0.1467, -0.1436, 0.1852, 0.2212|3059.0
27|1.0000, -1.0000, -0.3677, -0.4886, 0.1727, -0.1113, 0.1816, 0.0844|16200|0.9674, -0.9613, -0.3847, -0.4776, 0.1386, -0.1589, 0.1950, 0.1465|3089.8
28|1.0000, -1.0000, -0.3677, -0.3925, -0.0182, -0.1886, -0.0860, 0.0844|14420|0.9707, -0.9764, -0.3901, -0.4976, 0.1248, -0.1472, 0.2429, 0.1208|3398.8
29|1.0000, -1.0000, -0.2501, -0.3323, 0.2343, -0.1113, 0.2670, 0.0574|19100|0.9649, -0.9951, -0.3776, -0.4706, 0.1137, -0.1462, 0.2262, 0.1219|3323.2
30|1.0000, -1.0000, -0.3677, -0.3323, 0.1021, -0.1886, 0.2670, 0.0464|10140|0.9608, -1.0000, -0.3761, -0.4694, 0.1194, -0.1527, 0.2493, 0.1224|3461.6
31|1.0000, -1.0000, -0.2501, -0.3323, 0.2343, -0.1113, 0.2670, 0.0574|24420|0.9575, -1.0000, -0.3642, -0.4696, 0.1151, -0.1536, 0.2462, 0.1363|3679.6
32|1.0000, -1.0000, -0.3304, -0.3323, 0.1021, -0.1113, 0.4150, 0.0574|13300|0.9583, -1.0000, -0.3476, -0.4514, 0.1071, -0.1522, 0.2554, 0.1219|3901.6
