1|0.4128, -1.0000, -0.2059, -0.8868, -0.2277, -0.6450, 0.0369, 0.8777|1480|0.1197, -0.0277, -0.1116, -0.3300, -0.0849, -0.0323, 0.0053, -0.0159|131.0
2|0.4128, -1.0000, -0.2059, -0.8868, -0.2277, -0.6450, 0.0369, 0.8777|1920|0.1389, -0.0357, -0.2573, -0.4619, -0.0597, -0.0591, -0.0655, 0.1504|232.2
3|0.4128, -1.0000, -0.2059, -0.8868, -0.2277, -0.6450, 0.0369, 0.8777|2700|0.1964, -0.1894, -0.3230, -0.5392, -0.1762, -0.2434, -0.1171, 0.1536|415.8
4|0.8226, -1.0000, -0.8217, -0.9333, 0.5499, -0.7960, -0.4162, 0.5201|2740|0.3398, -0.2564, -0.4076, -0.6244, -0.2258, -0.3360, -0.1250, 0.1828|420.4
5|1.0000, -0.1332, -0.7897, -0.9208, -0.4193, -0.4819, -0.0667, 0.9380|1680|0.5261, -0.3564, -0.4809, -0.6262, -0.1572, -0.4797, -0.1986, 0.2341|528.8
6|0.9407, -1.0000, -0.7908, -1.0000, 0.1465, -0.6450, -0.8734, -0.8135|2660|0.6294, -0.3878, -0.5017, -0.8094, -0.1725, -0.3956, -0.2371, 0.2917|651.4
7|0.7369, -0.9502, -0.7808, -0.9961, 0.5225, -0.2578, -0.0828, -0.0288|2120|0.6238, -0.5062, -0.4423, -0.7582, -0.1435, -0.3611, -0.2768, 0.3365|632.2
8|1.0000, -0.8640, -0.4144, -0.8571, -0.3903, 0.2552, -0.0890, 0.8731|3360|0.7513, -0.5570, -0.3732, -0.7396, -0.1219, -0.3458, -0.2975, 0.3088|711.0
9|1.0000, -0.8640, -0.4144, -0.5833, -0.4193, 0.2552, -0.0890, 0.9380|6460|0.7686, -0.6179, -0.4266, -0.7099, -0.1530, -0.3035, -0.1935, 0.4069|904.8
10|0.9309, -1.0000, -0.7897, -0.9208, -0.0382, -0.4819, -0.2050, 0.8731|11140|0.7119, -0.7087, -0.4761, -0.6564, -0.1552, -0.1494, -0.1324, 0.5560|1097.8
11|1.0000, -0.8640, -0.4144, -0.5833, -0.4193, 0.3215, -0.0890, 0.9380|3240|0.7533, -0.6836, -0.4670, -0.6946, -0.1575, -0.1799, -0.1541, 0.5742|956.4
12|0.9407, -0.8043, -0.7908, -1.0000, 0.1465, 0.2552, -0.0920, -0.8135|3760|0.8697, -0.7115, -0.4298, -0.7534, -0.1493, -0.1196, -0.1532, 0.6386|969.6
13|1.0000, -0.8043, -0.4144, -0.5833, -0.2277, -0.2872, 0.0369, 0.8777|6420|0.8589, -0.7472, -0.4688, -0.6763, -0.1921, -0.1013, -0.1751, 0.5440|1283.2
14|1.0000, -0.5184, -0.8407, -0.5725, 0.1557, 0.0863, 0.5233, -0.0307|5680|0.8852, -0.7130, -0.4612, -0.6872, -0.2408, -0.0487, -0.1262, 0.6040|1141.0
15|1.0000, -0.8640, -0.7303, -0.8613, 0.1836, 0.3215, -0.0482, 0.9380|8580|0.8614, -0.6921, -0.4736, -0.7188, -0.1713, -0.0322, -0.1265, 0.6682|1128.4
16|1.0000, -0.8043, -0.4144, -0.5833, -0.2277, 0.0355, 0.0369, 0.8777|4700|0.9148, -0.7579, -0.4903, -0.6827, -0.1529, -0.0784, -0.1071, 0.5492|1152.2
17|1.0000, -0.9904, -0.4144, -0.5833, -0.2277, 0.0355, 0.0369, 0.8777|9020|0.9524, -0.7622, -0.5082, -0.7185, -0.1124, -0.1121, -0.0658, 0.6287|1576.0
18|1.0000, -0.9904, -0.4144, -0.5833, -0.2277, 0.0355, 0.0369, 0.8777|7480|0.9452, -0.7508, -0.5002, -0.7124, -0.1019, -0.0700, -0.0516, 0.5429|1519.6
19|1.0000, -0.9904, -0.4144, -0.5833, -0.2277, 0.0355, -0.0520, 0.8151|7860|0.9441, -0.8148, -0.4354, -0.6560, -0.1232, -0.0520, -0.0173, 0.6907|1781.4
20|1.0000, -0.9904, -0.4144, -0.5833, -0.2277, 0.0355, 0.0369, 0.8777|6460|0.9168, -0.7061, -0.4174, -0.6143, -0.1345, -0.0911, -0.0207, 0.7460|1622.0
21|1.0000, -0.9019, -0.4144, -0.5833, 0.0010, -0.0596, -0.0341, 0.9316|7320|0.9338, -0.8908, -0.3878, -0.6078, -0.1325, -0.0668, -0.0111, 0.8283|1976.8
22|1.0000, -1.0000, -0.2680, -0.5833, 0.0003, -0.0596, -0.0548, 0.9316|6700|0.9263, -0.9085, -0.4279, -0.6171, -0.1147, -0.0638, -0.0045, 0.8391|2079.6
23|1.0000, -0.9904, -0.4144, -0.5725, -0.2277, -0.4508, 0.0369, 0.7669|8320|0.9552, -0.8979, -0.4242, -0.5899, -0.1120, -0.0649, -0.0052, 0.7093|1928.6
24|1.0000, -0.9904, -0.4144, -0.5833, -0.2277, 0.0355, 0.0477, 0.8151|11820|0.9603, -0.8826, -0.4028, -0.5981, -0.1562, -0.0525, -0.0062, 0.7136|2192.0
25|0.9735, -1.0000, -0.4144, -0.5991, -0.2277, 0.0253, -0.0520, 0.9014|7400|0.9684, -0.8649, -0.4232, -0.5989, -0.2051, -0.0714, -0.0120, 0.6594|2236.2
26|1.0000, -0.9904, -0.4144, -0.5991, -0.2277, 0.0057, 0.0477, 0.8151|9100|0.9893, -0.8804, -0.4165, -0.5942, -0.1975, -0.0483, -0.0110, 0.7514|2476.8
27|1.0000, -0.9904, -0.4144, -0.5991, -0.2277, 0.0057, 0.0477, 0.8151|12960|0.9449, -0.9475, -0.3911, -0.5640, -0.1932, -0.0470, -0.0147, 0.7828|2250.4
28|1.0000, -0.9904, -0.4144, -0.5833, -0.2277, 0.0355, 0.0369, 0.8777|6440|0.9769, -0.9390, -0.3802, -0.5907, -0.2059, -0.0203, -0.0128, 0.7802|2270.6
29|1.0000, -0.9904, -0.2680, -0.5833, 0.0010, 0.0355, 0.0477, 0.8151|10040|0.9798, -0.9530, -0.4030, -0.5640, -0.1964, 0.0065, -0.0064, 0.7829|2545.4
30|1.0000, -0.9904, -0.2680, -0.5833, 0.0010, 0.0355, 0.0477, 0.8151|8480|0.9723, -0.9613, -0.3737, -0.5744, -0.1769, 0.0137, 0.0007, 0.7728|2607.4
31|1.0000, -0.9904, -0.4144, -0.5991, -0.2277, -0.0596, 0.0477, 0.8151|9780|0.9755, -0.9631, -0.3586, -0.5857, -0.1867, 0.0114, 0.0080, 0.7827|2872.4
32|1.0000, -0.9904, -0.4144, -0.5991, -0.2277, 0.0057, 0.0477, 0.8151|9500|0.9836, -0.9541, -0.3416, -0.5861, -0.1748, 0.0211, 0.0045, 0.7999|2535.2
