1|-0.2134, -0.9468, -0.8503, -0.4679, 0.3719, -0.9071, 0.7513, -1.0000|1640|0.0313, -0.2426, -0.1574, -0.1499, -0.0273, -0.1739, -0.0717, -0.0539|130.4
2|1.0000, -1.0000, -0.1407, -0.3487, 0.0982, 0.3725, -0.5200, -0.0077|1880|0.1566, -0.3035, -0.1285, -0.1706, -0.0554, -0.3204, -0.0639, -0.1465|139.8
3|1.0000, -1.0000, -0.1407, -0.3487, 0.0982, 0.3725, -0.5200, -0.0077|3940|0.2347, -0.2862, -0.2376, -0.3216, -0.0807, -0.3899, -0.1829, -0.1188|331.0
4|0.6897, -0.8575, -0.9508, -0.7388, -0.3866, -0.4157, -0.3859, 0.3696|1820|0.3614, -0.2611, -0.4141, -0.4020, -0.1884, -0.4977, -0.2934, -0.1220|379.6
5|1.0000, -0.3072, -0.5000, -0.1797, -0.6121, -0.2364, -0.6860, 0.1792|2960|0.5009, -0.3671, -0.5277, -0.4752, -0.3272, -0.4683, -0.3223, -0.0752|582.0
6|0.6897, -0.8575, -0.9508, -0.7388, -0.3866, -0.4157, -0.3859, 0.3696|5060|0.5609, -0.4992, -0.5892, -0.4677, -0.3741, -0.4682, -0.3655, 0.0329|821.4
7|0.6209, -0.9334, -0.5000, -0.1797, -0.3751, -0.6849, -0.6825, 0.1792|4420|0.6289, -0.5666, -0.6472, -0.5073, -0.3807, -0.4732, -0.3164, -0.0146|951.4
8|1.0000, -0.9910, -0.8523, -1.0000, -0.6121, -0.2927, 0.1782, 0.4577|4580|0.5721, -0.7052, -0.7053, -0.6282, -0.4131, -0.4518, -0.3367, 0.1551|996.0
9|0.6897, -0.8575, -0.9508, -0.7388, -0.3866, -0.4157, -0.3859, 0.3696|4020|0.6086, -0.6547, -0.7701, -0.3962, -0.4146, -0.4677, -0.2411, 0.1920|958.4
10|1.0000, -0.8575, -0.5000, -0.1797, -0.3866, -0.4157, -0.6860, 0.1792|5000|0.6174, -0.6952, -0.7352, -0.6144, -0.4354, -0.5112, -0.2799, 0.0910|1131.0
11|1.0000, -0.8575, -0.5000, -0.1797, -0.3866, -0.4157, -0.6860, 0.1792|6300|0.6698, -0.7838, -0.7778, -0.6858, -0.4392, -0.4785, -0.2751, 0.1201|1229.2
12|0.6209, -0.3268, -0.8996, -1.0000, -0.3982, -0.4157, 0.1782, 0.4577|4140|0.7310, -0.8410, -0.7985, -0.6413, -0.4149, -0.4797, -0.3235, 0.2209|1315.2
13|0.6897, -0.9910, -0.9508, -1.0000, -0.4347, -0.4157, -0.3859, 0.4577|4680|0.7560, -0.8326, -0.7942, -0.6670, -0.4021, -0.4821, -0.3562, 0.2165|1291.6
14|1.0000, -0.8575, -0.5000, -0.1797, -0.3866, -0.4157, -0.6860, 0.1792|5840|0.7593, -0.8294, -0.5258, -0.6805, -0.4020, -0.4416, -0.3992, 0.3056|1059.6
15|0.6209, -0.8575, -0.5000, -0.1797, -0.3866, -0.4157, -0.6825, 0.1792|5560|0.8087, -0.8300, -0.7090, -0.5887, -0.3221, -0.4356, -0.4454, 0.2721|1173.0
16|0.6209, -0.9018, -1.0000, -0.9419, -0.6804, -0.4372, -0.1493, 0.3887|3960|0.8035, -0.8508, -0.7643, -0.6280, -0.3980, -0.4608, -0.3566, 0.3648|1162.0
17|0.9001, -0.8575, -0.5261, -0.7388, -0.6121, -0.2927, -0.3531, 0.4577|4600|0.7477, -0.8629, -0.7354, -0.6080, -0.3998, -0.4210, -0.3816, 0.4009|1305.0
18|1.0000, -0.9910, -0.5724, -0.7388, -0.3982, -0.2927, -0.4171, 0.4577|3960|0.7699, -0.9072, -0.7319, -0.6826, -0.4114, -0.3841, -0.3378, 0.4086|1334.8
19|0.6209, -0.9910, -0.5261, -0.1797, -0.3982, -0.4157, -0.3531, 0.4577|4260|0.8011, -0.8981, -0.6899, -0.6958, -0.4080, -0.3730, -0.3582, 0.4497|1374.0
20|0.9001, -0.8575, -0.5000, -0.0285, -0.3866, -0.2927, -0.6860, 0.1792|5540|0.8075, -0.8716, -0.6910, -0.6837, -0.4184, -0.3501, -0.3366, 0.5066|1428.6
21|0.9001, -0.9910, -0.8700, -1.0000, -0.3982, -0.5062, -0.3531, 0.9590|4240|0.7980, -0.9048, -0.7178, -0.5824, -0.4296, -0.3596, -0.3075, 0.5227|1249.4
22|0.8043, -1.0000, -0.8523, -1.0000, -0.3866, -0.3193, -0.3531, 0.3156|5840|0.7861, -0.9203, -0.6421, -0.6802, -0.4338, -0.3566, -0.2692, 0.4962|1362.4
23|0.9001, -0.9334, -0.8700, -0.1797, -0.3751, -0.4157, -0.3531, 0.4577|5280|0.7724, -0.9121, -0.6873, -0.6833, -0.4384, -0.3658, -0.2754, 0.4966|1252.2
24|0.6592, -0.9910, -0.8523, -1.0000, -0.3751, -0.2628, 0.1383, 0.4577|4780|0.7869, -0.9306, -0.6903, -0.6889, -0.4193, -0.3564, -0.2471, 0.5075|1469.2
25|0.9001, -0.8575, -0.9508, -0.8212, -0.3982, -0.3803, -0.3531, 0.9590|5180|0.8003, -0.9366, -0.7248, -0.6913, -0.3899, -0.3523, -0.2401, 0.5292|1457.8
26|0.9001, -0.8575, -0.8700, -0.1797, -0.3751, -0.3803, -0.3531, 0.4577|4780|0.7857, -0.9272, -0.7234, -0.6396, -0.3984, -0.3727, -0.2664, 0.5127|1502.4
27|0.8043, -0.9334, -0.8523, -0.1797, -0.3866, -0.4157, -0.3531, 0.4577|7880|0.7989, -0.9349, -0.6861, -0.5449, -0.3977, -0.3632, -0.2679, 0.4906|1807.6
28|0.9001, -0.9910, -0.8700, -0.1797, -0.3751, -0.2927, -0.3531, 0.4577|10860|0.7598, -0.9490, -0.6738, -0.5175, -0.3984, -0.3655, -0.2466, 0.4324|1825.2
29|0.9001, -1.0000, -0.8523, -0.6279, -0.3751, -0.2628, -0.3531, 0.4577|4720|0.6723, -0.9534, -0.7122, -0.4752, -0.3947, -0.3743, -0.3047, 0.4205|1509.4
30|0.7220, -0.9903, -1.0000, -0.0893, -0.4536, -0.3434, -0.4142, -0.2221|8840|0.7677, -0.9381, -0.7140, -0.4789, -0.3990, -0.3587, -0.2922, 0.4094|1869.4
31|0.6592, -1.0000, -0.5261, -0.1797, -0.3982, -0.4157, 0.1233, 0.1808|7920|0.7825, -0.9497, -0.7111, -0.4259, -0.4105, -0.3579, -0.3213, 0.3835|1973.0
32|0.6592, -0.9910, -0.6088, -0.1797, -0.3982, -0.4157, -0.3859, 0.4577|5900|0.7943, -0.9438, -0.6942, -0.4023, -0.4148, -0.3534, -0.3298, 0.3831|1478.4
