1|1.0000, -0.6181, -0.3533, -0.5860, -0.2541, -0.5582, -0.2437, -0.0239|2040|-0.0308, -0.1660, -0.1402, -0.0643, 0.1158, -0.1348, -0.1126, 0.0082|96.4
2|0.5602, -0.8656, -1.0000, -0.5435, -0.1511, -0.8723, -0.8261, -0.2894|2880|0.0410, -0.3279, -0.2160, -0.2224, -0.0182, -0.2852, -0.2541, -0.0939|256.0
3|0.5602, -0.8656, -0.7089, -0.5435, 0.6349, -0.8723, -0.8261, -0.2894|1920|0.2306, -0.3085, -0.3716, -0.3077, -0.0524, -0.2654, -0.4361, -0.0509|298.6
4|1.0000, -0.9103, 0.0090, -0.2128, -0.2541, -0.3216, -0.2437, -0.0239|3480|0.5595, -0.3641, -0.4091, -0.5661, -0.0256, -0.3145, -0.4335, -0.0238|447.0
5|0.5602, -0.8656, -0.7089, -0.5435, 0.2614, -0.5582, -0.0410, -0.2894|2260|0.6818, -0.4623, -0.4046, -0.5970, -0.0195, -0.2867, -0.4241, -0.1492|546.2
6|1.0000, -0.9924, -0.8127, -0.6231, -0.2884, -0.5899, -0.0410, -0.3318|3720|0.6340, -0.5565, -0.4450, -0.6358, -0.1402, -0.3708, -0.2855, -0.1757|687.0
7|1.0000, -1.0000, 0.0090, -0.2128, -0.2792, -0.3216, -0.2676, -0.0239|4820|0.3383, -0.5550, -0.4923, -0.6286, -0.1893, -0.2884, -0.1548, -0.1904|686.4
8|1.0000, -1.0000, -0.8189, -0.2128, -0.0852, 0.1929, 0.6013, -0.0295|5500|0.6754, -0.6068, -0.4871, -0.4286, -0.1789, -0.1008, -0.2093, -0.1657|809.6
9|0.6472, -1.0000, -0.8189, -0.6279, -0.0034, 0.0351, -0.0706, -0.3343|4820|0.7170, -0.6850, -0.3613, -0.5988, -0.1335, -0.1852, -0.1298, -0.1704|948.0
10|1.0000, -1.0000, 0.0090, -0.2128, -0.0150, -0.3216, -0.2676, -0.0239|4900|0.5360, -0.7431, -0.4937, -0.5251, -0.1422, -0.1684, -0.1861, -0.1891|941.6
11|1.0000, -1.0000, -0.8189, -0.6279, -0.2541, -0.5582, -0.0410, -0.0198|7320|0.5316, -0.7153, -0.5089, -0.5847, -0.1199, -0.1365, -0.2675, -0.1458|966.0
12|1.0000, -1.0000, -0.8127, -0.6231, -0.0944, 0.0888, -0.0252, 0.1934|7620|0.7030, -0.8008, -0.4137, -0.5866, -0.1794, -0.1510, -0.2022, -0.1573|891.0
13|0.7634, -1.0000, -0.3891, -0.0425, -0.0633, 0.0457, -0.0934, -0.0348|18680|0.6870, -0.8318, -0.6079, -0.6113, -0.1751, -0.1465, -0.1304, -0.1776|1496.8
14|1.0000, -1.0000, -0.8127, -0.6231, -0.2541, 0.0888, -0.0410, 0.1934|9240|0.7100, -0.7797, -0.6405, -0.6066, -0.1898, -0.2208, -0.0843, -0.1474|1161.6
15|1.0000, -0.9103, -0.7780, -0.0425, 0.0390, -0.1043, -0.0836, -0.0348|17200|0.7439, -0.8790, -0.6815, -0.5777, -0.1738, -0.1567, -0.0999, -0.1174|1668.0
16|0.7634, -1.0000, -0.3891, -0.0425, -0.0152, 0.0457, -0.0934, -0.0348|10860|0.8746, -0.8718, -0.6706, -0.5294, -0.1136, -0.2082, -0.0973, -0.1085|2015.2
17|0.9439, -1.0000, -0.3423, -0.2415, -0.0152, 0.0457, -0.0009, -0.0239|18460|0.8860, -0.8780, -0.6072, -0.4785, -0.0908, -0.1389, -0.0235, -0.0722|2049.0
18|0.9439, -1.0000, -0.3423, -0.0425, -0.0152, 0.0521, -0.0934, -0.0348|17400|0.8834, -0.9255, -0.6191, -0.4357, -0.1002, -0.1143, -0.0364, -0.0324|2212.8
19|0.9439, -1.0000, -0.2340, -0.0425, -0.0152, 0.0457, -0.0009, -0.0348|24460|0.9045, -0.9724, -0.5636, -0.3498, -0.0634, -0.0013, -0.0663, 0.0026|2875.8
20|0.7634, -1.0000, -0.9202, -0.2415, 0.0027, 0.0151, -0.0934, 0.1934|13940|0.9399, -0.9094, -0.5735, -0.3461, -0.0585, 0.0238, -0.0476, 0.0312|2350.2
21|1.0000, -1.0000, -0.3423, -0.2415, 0.0027, 0.0151, 0.1264, 0.1934|25120|0.9264, -0.9489, -0.6074, -0.3999, -0.0579, 0.0179, -0.0390, 0.0449|2770.2
22|0.7634, -1.0000, -0.9202, -0.2415, 0.0027, 0.0151, -0.0934, 0.1934|17460|0.8965, -0.9322, -0.5825, -0.3665, -0.0713, 0.0467, -0.0461, 0.0464|3314.4
23|1.0000, -1.0000, -0.9202, -0.2415, -0.0633, 0.0484, -0.0009, 0.1934|25400|0.9535, -0.9502, -0.5756, -0.3708, -0.0543, 0.0477, -0.0490, 0.0587|3758.6
24|1.0000, -0.9103, -0.2907, -0.0425, -0.0032, -0.1008, -0.0836, -0.0296|15520|0.9191, -0.9104, -0.5570, -0.2926, -0.0374, 0.0361, -0.0592, 0.0526|4226.8
25|1.0000, -0.9157, -0.3590, -0.2415, 0.0390, 0.0552, -0.0009, 0.1934|27860|0.9415, -0.8982, -0.5293, -0.2474, -0.0369, 0.0311, -0.0535, 0.0577|4921.8
26|0.9016, -1.0000, 0.0042, -0.0425, -0.0152, 0.0110, -0.0934, -0.0426|57620|0.8856, -0.9348, -0.4895, -0.2335, -0.0278, 0.0252, -0.0440, 0.0517|6101.6
27|0.9016, -0.9103, -0.2907, -0.0425, -0.0032, 0.0110, 0.0445, -0.0296|36960|0.9239, -0.9300, -0.4604, -0.2347, -0.0260, 0.0292, -0.0555, 0.0691|5098.8
28|1.0000, -1.0000, -0.4274, -0.0425, -0.0152, 0.0151, -0.0410, -0.0348|28600|0.9516, -0.9476, -0.4310, -0.2146, -0.0170, 0.0275, -0.0582, 0.0811|6219.0
29|0.9016, -1.0000, 0.0042, -0.0425, -0.0152, 0.0110, -0.0934, -0.0426|48440|0.9858, -0.9687, -0.4614, -0.2231, -0.0128, 0.0405, -0.0579, 0.0952|7106.2
30|0.7634, -1.0000, -0.2479, -0.2415, -0.0161, 0.0151, -0.0934, 0.1934|41440|0.9831, -0.9645, -0.4352, -0.2177, -0.0017, 0.0419, -0.0538, 0.1041|9273.4
31|0.7634, -1.0000, -0.2479, -0.2051, -0.0161, 0.0151, -0.0934, 0.1934|42620|0.8723, -0.9601, -0.4085, -0.2186, -0.0034, 0.0377, -0.0632, 0.1199|7744.0
32|0.9439, -1.0000, -0.4274, -0.2415, -0.0152, 0.0457, -0.0934, 0.1934|44880|0.9437, -0.9605, -0.3698, -0.2039, -0.0054, 0.0378, -0.0583, 0.1118|8557.8
