1|-0.2380, -0.8698, -0.4078, -1.0000, 0.7595, -0.2497, 0.6829, -0.4188|1540|-0.0382, -0.1638, -0.1651, -0.1894, -0.0709, -0.0646, 0.0296, -0.0154|151.6
2|0.8489, -1.0000, -0.7086, -0.5064, -0.2348, -0.9613, -0.1922, -0.9199|2620|0.0229, -0.3595, -0.2935, -0.2320, -0.2144, -0.2241, -0.0217, -0.1732|298.0
3|-0.1014, -0.9732, -0.7392, -0.0439, -0.7701, -0.9311, -0.2190, -1.0000|2900|0.0246, -0.5445, -0.3543, -0.4526, -0.3180, -0.4151, -0.0947, -0.3172|412.6
4|-0.0028, -1.0000, -0.9348, -0.4937, -0.8833, -0.7961, 0.7456, 0.4320|2340|0.0715, -0.7073, -0.3538, -0.4481, -0.2220, -0.4074, 0.0023, -0.2318|359.6
5|0.8426, -0.7979, -0.5659, -0.6518, -0.8271, -1.0000, -0.2352, -0.8094|2260|0.1890, -0.4882, -0.3466, -0.4567, -0.2163, -0.3319, 0.0773, -0.1998|436.0
6|0.8489, -1.0000, -0.0500, -0.6239, -0.0297, 0.0187, 0.1814, 0.9272|4120|0.2689, -0.6384, -0.2883, -0.5683, -0.2132, -0.4850, 0.0671, -0.2916|563.6
7|0.8489, -1.0000, -0.0500, -0.6239, -0.0297, 0.0187, 0.1814, 0.9272|2820|0.2598, -0.6776, -0.3102, -0.5507, -0.1472, -0.5598, 0.0456, -0.0810|536.0
8|0.0362, -1.0000, 0.0424, -0.2308, -0.1590, -0.0010, -0.1871, 0.1285|4500|0.3002, -0.7529, -0.3413, -0.4514, -0.0990, -0.4781, -0.0137, -0.0434|853.8
9|0.0362, -1.0000, 0.0424, -0.2308, -0.1590, -0.0010, -0.1871, 0.1631|8160|0.3404, -0.7946, -0.3613, -0.4002, -0.1386, -0.4924, -0.1484, -0.1725|1039.0
10|0.0717, -1.0000, 0.0030, -0.2308, -0.1590, -0.0010, -0.1871, 0.1631|18200|0.3639, -0.8610, -0.4112, -0.3164, -0.1271, -0.4651, -0.1447, -0.1886|1454.2
11|0.8489, -1.0000, -0.9340, -0.2000, -0.1711, -0.0010, 0.0005, 0.2273|18580|0.3544, -0.8614, -0.3983, -0.1981, -0.0827, -0.3488, -0.0566, -0.1716|1640.6
12|0.0362, -1.0000, -0.1676, -0.0512, -0.0683, -0.1719, 0.0037, -0.2480|10980|0.3325, -0.6729, -0.2444, -0.2412, -0.0574, -0.2275, -0.0670, -0.0625|1370.6
13|0.8723, -1.0000, -0.0984, -0.3368, 0.1755, -0.0018, -0.0377, 0.1875|23720|0.2753, -0.7508, -0.3729, -0.2616, -0.0211, -0.2242, -0.0645, -0.0768|2266.2
14|0.0371, -1.0000, 0.0299, -0.2372, 0.1303, -0.0002, -0.1526, 0.1676|26940|0.2324, -0.8620, -0.3158, -0.2416, -0.0456, -0.1770, -0.0844, -0.0621|2773.0
15|0.8723, -1.0000, -0.0984, -0.3368, 0.1755, -0.0018, -0.0377, -0.0883|27140|0.2450, -0.9418, -0.2848, -0.2395, -0.0665, -0.0947, -0.1048, -0.0128|3294.0
16|0.6265, -1.0000, -0.0018, -0.0734, -0.1590, -0.0018, -0.0020, -0.1157|75960|0.2898, -0.9333, -0.2364, -0.2214, -0.0742, -0.0813, -0.0572, 0.0230|4794.4
17|0.6265, -1.0000, -0.0018, -0.1087, -0.1590, -0.0018, -0.0377, -0.0883|57120|0.3807, -0.9579, -0.1687, -0.2278, -0.0567, -0.0334, -0.0781, 0.0484|4682.4
18|0.6265, -1.0000, -0.0018, -0.1087, -0.1590, -0.0018, -0.0377, -0.0883|73840|0.4289, -0.9820, -0.1401, -0.2313, -0.0706, -0.0265, -0.0814, 0.0826|7657.6
19|0.6265, -1.0000, -0.0018, -0.1087, 0.0326, -0.0018, 0.0004, -0.0883|81980|0.5005, -0.9757, -0.0780, -0.2536, -0.1133, -0.0097, -0.1257, 0.1138|8391.2
20|0.6265, -1.0000, -0.0018, -0.1087, 0.0326, -0.0018, 0.0004, -0.0883|99900|0.5502, -0.9789, -0.0512, -0.1675, -0.1222, -0.0091, -0.0575, 0.0402|12929.6
21|0.6265, -1.0000, -0.0018, -0.1087, 0.0326, -0.0018, 0.0004, -0.0883|150120|0.6273, -0.6700, -0.0101, -0.1560, -0.0648, -0.0014, -0.0529, -0.0031|13042.8
22|0.6265, -1.0000, -0.0984, -0.1087, -0.0245, -0.0018, -0.1222, -0.0883|179660|0.5004, -0.9808, -0.0038, -0.1508, -0.0893, -0.0012, -0.0453, 0.0479|22240.0
23|0.6265, -1.0000, -0.0018, -0.0734, -0.0245, 0.0006, -0.0377, -0.0883|462880|0.5108, -0.9200, -0.0074, -0.1180, -0.0951, -0.0011, -0.0474, 0.0534|22357.6
24|0.6265, -1.0000, -0.0018, -0.1087, 0.0326, 0.0006, -0.0377, 0.0224|353380|0.5421, -1.0000, -0.0061, -0.1151, -0.0862, -0.0010, -0.0380, 0.0535|28320.2
25|0.6265, -1.0000, -0.0018, -0.1042, -0.0245, -0.0010, -0.0377, 0.1631|269960|0.5771, -0.9925, -0.0045, -0.1208, -0.0777, -0.0009, -0.0307, 0.0362|35925.0
26|0.6265, -1.0000, -0.0018, -0.0734, -0.0245, 0.0006, -0.0002, -0.0883|311760|0.6020, -1.0000, -0.0078, -0.1180, -0.0753, -0.0008, -0.0164, 0.0395|50344.4
27|0.6265, -1.0000, -0.0018, -0.1087, -0.0245, 0.0006, -0.0002, 0.0906|804480|0.5707, -0.9600, -0.0137, -0.1158, -0.0747, -0.0008, -0.0241, 0.0364|51197.8
28|0.6265, -1.0000, -0.0018, -0.1087, -0.0245, 0.0006, -0.0002, 0.0906|680820|0.5561, -0.9800, -0.0130, -0.1067, -0.0640, -0.0005, -0.0200, 0.0411|51047.6
29|0.6076, -1.0000, -0.0001, -0.1087, -0.0237, -0.0010, -0.0020, 0.0906|627520|0.5110, -1.0000, -0.0185, -0.1023, -0.0482, -0.0003, -0.0181, 0.0233|85140.4
30|0.6265, -1.0000, -0.0018, -0.0712, -0.0237, 0.0006, -0.0002, -0.0883|734560|0.5806, -1.0000, -0.0077, -0.1032, -0.0535, -0.0002, -0.0109, 0.0255|100320.2
31|0.6265, -1.0000, -0.0018, -0.0712, -0.0245, 0.0006, -0.0377, 0.0224|1070460|0.6251, -1.0000, -0.0081, -0.1035, -0.0409, -0.0001, -0.0090, 0.0305|144440.6
32|0.6265, -1.0000, -0.0018, -0.1087, -0.0245, 0.0006, -0.0020, 0.0224|941080|0.6246, -1.0000, -0.0041, -0.1055, -0.0235, 0.0000, -0.0084, 0.0421|165933.8
