1|1.0000, -0.9834, -0.7710, -0.7111, -0.6434, 0.7015, 0.5424, -0.4256|2740|0.3024, 0.0048, -0.1362, -0.2599, -0.0164, -0.0174, 0.0273, 0.0529|223.6
2|1.0000, -0.9834, -0.7710, -0.7111, -0.6434, 0.7015, 0.5424, -0.4256|2380|0.4974, -0.2040, -0.3504, -0.4499, -0.2107, -0.0514, 0.0541, 0.0731|436.4
3|1.0000, -0.6141, -0.6068, -0.7111, -0.6434, -0.5026, -0.0419, 0.2264|3260|0.5194, -0.3452, -0.4945, -0.5632, -0.2911, -0.1451, 0.1528, 0.0237|521.0
4|0.5347, -0.7981, -1.0000, -0.8141, -0.6550, 0.4912, -0.3443, -0.5952|3480|0.6536, -0.4018, -0.5885, -0.6438, -0.3798, -0.2874, 0.1292, 0.0582|694.6
5|1.0000, -0.6070, -1.0000, -0.2945, -0.3018, 0.0732, 0.3656, 0.2238|4660|0.7349, -0.4584, -0.7147, -0.6565, -0.3686, -0.2924, 0.2467, -0.1005|770.2
6|1.0000, -0.7981, -1.0000, -0.7111, -0.6550, -0.5026, 0.3656, -0.9068|2660|0.7972, -0.5337, -0.7142, -0.5901, -0.3756, -0.2859, 0.2731, -0.0474|821.8
7|0.5347, -0.6070, -0.7710, -0.2945, -0.3018, 0.0732, -0.0419, 0.2238|7000|0.8269, -0.5714, -0.7762, -0.6487, -0.3861, -0.2083, 0.3079, -0.1258|1051.4
8|0.7314, -0.6070, -1.0000, -0.2945, -0.4340, 0.0732, 0.4568, 0.2238|3980|0.8673, -0.6146, -0.7878, -0.6249, -0.4097, -0.1672, 0.2850, -0.0894|983.6
9|1.0000, -0.6070, -0.5997, -0.2945, -0.4340, 0.0732, 0.4568, 0.2238|5120|0.8546, -0.6862, -0.7395, -0.6169, -0.3714, -0.2398, 0.2798, -0.0408|1471.6
10|0.8810, -1.0000, -0.7644, -0.4853, -0.4973, 0.1206, -0.0690, 0.3687|8920|0.9013, -0.7111, -0.7436, -0.6351, -0.3878, -0.3581, 0.2523, 0.0550|1536.0
11|1.0000, -1.0000, -0.6068, -0.2945, -0.4973, -0.5026, -0.2651, 0.2264|4060|0.9148, -0.7992, -0.7530, -0.6244, -0.3521, -0.2639, 0.3152, 0.1005|1322.8
12|1.0000, -0.9834, -0.5997, -0.2945, -0.5080, -0.1869, 0.3242, 0.2238|4820|0.9081, -0.8128, -0.7436, -0.6395, -0.2842, -0.2434, 0.2759, 0.1489|1491.0
13|0.8810, -1.0000, -0.7644, -0.4853, -0.4973, 0.1206, -0.0690, 0.3687|6720|0.9001, -0.8582, -0.7625, -0.6668, -0.3061, -0.2294, 0.2958, 0.1510|1416.2
14|1.0000, -0.8407, -0.5465, -0.7313, 0.3095, 0.0296, -0.3093, 0.2264|8260|0.9374, -0.8959, -0.7451, -0.6280, -0.2958, -0.1606, 0.2262, 0.0923|1691.0
15|0.8810, -1.0000, -0.7644, -0.4853, -0.4973, 0.1206, -0.0690, 0.3687|10100|0.9226, -0.9258, -0.7347, -0.6356, -0.2472, -0.1579, 0.1965, 0.1632|1702.0
16|0.8810, -1.0000, -0.7644, -0.4853, -0.4973, 0.1206, -0.0690, 0.3687|6100|0.9633, -0.9563, -0.7198, -0.5746, -0.3106, -0.2142, 0.1599, 0.2077|1823.4
17|0.8810, -1.0000, -0.7644, -0.4853, -0.4973, 0.1206, -0.0690, 0.3687|9040|0.9696, -0.9688, -0.7192, -0.5996, -0.3360, -0.2072, 0.1470, 0.2526|1826.8
18|1.0000, -1.0000, -0.6068, -0.3796, -0.4973, -0.5026, -0.0690, 0.2264|6780|0.9556, -0.9523, -0.6998, -0.5792, -0.3285, -0.1921, 0.0919, 0.2813|1834.2
19|1.0000, -1.0000, -0.5997, -0.4853, -0.4973, -0.2160, 0.3242, 0.3687|7080|0.9576, -0.9837, -0.7041, -0.5731, -0.3581, -0.2309, 0.1229, 0.2852|1991.6
20|1.0000, -0.9358, -0.5997, -0.4853, -0.3287, 0.1206, 0.3242, 0.3687|7540|0.9629, -0.9543, -0.7197, -0.4916, -0.3220, -0.1804, 0.1178, 0.2623|2043.8
21|1.0000, -1.0000, -0.6068, -0.3796, -0.3287, 0.1206, -0.0690, 0.3687|8840|0.9717, -0.9610, -0.6881, -0.5309, -0.3010, -0.2326, 0.1017, 0.2946|2159.6
22|1.0000, -0.9834, -0.5465, -0.8301, 0.3513, -0.1979, -0.0783, 0.2264|9420|0.9821, -0.9780, -0.6642, -0.4875, -0.3486, -0.2130, 0.0378, 0.2896|2360.2
23|1.0000, -1.0000, -0.5997, -0.4853, -0.4973, 0.1206, -0.0690, 0.3687|7780|0.9744, -0.9890, -0.6674, -0.4720, -0.3253, -0.2450, 0.0438, 0.2961|2207.0
24|1.0000, -1.0000, -0.6068, -0.3796, -0.3287, 0.1206, -0.0690, 0.3687|11360|0.9565, -0.9844, -0.6536, -0.4534, -0.3357, -0.2253, 0.0499, 0.2914|2210.4
25|1.0000, -1.0000, -0.6203, -0.4853, -0.1400, 0.1206, -0.0690, 0.3687|9180|0.9750, -0.9881, -0.6491, -0.4603, -0.3844, -0.2063, 0.0070, 0.2833|2607.2
26|1.0000, -1.0000, -0.6068, -0.3796, -0.3287, 0.1206, -0.0690, 0.3687|10360|0.9821, -0.9889, -0.6441, -0.4534, -0.3591, -0.1182, -0.0121, 0.2964|2574.8
27|0.8810, -1.0000, -0.7644, -0.4853, -0.0292, 0.1206, -0.0690, 0.2264|11100|0.9798, -0.9918, -0.6532, -0.4395, -0.3464, -0.0605, -0.0206, 0.3044|2708.8
28|1.0000, -1.0000, -1.0000, -0.5600, -0.4973, 0.1206, 0.3242, 0.3687|9540|0.9810, -0.9961, -0.6577, -0.4433, -0.3536, -0.1004, -0.0237, 0.3083|2465.4
29|1.0000, -1.0000, -0.6203, -0.4853, -0.1400, 0.1206, -0.0690, 0.3687|11600|0.9750, -0.9993, -0.6526, -0.4437, -0.3261, -0.0600, -0.0336, 0.3145|2565.2
30|0.8810, -1.0000, -0.7644, -0.4853, -0.4973, 0.0296, -0.0690, 0.3687|14920|0.9662, -0.9998, -0.6510, -0.4410, -0.3106, -0.0047, -0.0473, 0.3217|3109.4
31|1.0000, -1.0000, -0.6203, -0.4853, -0.0292, 0.1206, 0.3242, 0.2238|9580|0.9558, -1.0000, -0.6318, -0.4383, -0.3025, -0.0084, -0.0434, 0.3272|2789.8
32|1.0000, -1.0000, -0.5997, -0.4853, -0.1400, 0.1206, -0.0690, 0.3687|14140|0.9627, -1.0000, -0.6312, -0.4418, -0.2938, 0.0289, -0.0395, 0.3242|3000.0
