1|0.6934, -0.1797, -1.0000, -0.4833, -0.7074, -0.7093, 0.4833, 0.0969|1560|0.1271, 0.0788, -0.0647, -0.1554, -0.0646, -0.1209, -0.1123, -0.0314|103.4
2|-0.0521, -0.8095, -1.0000, -0.6607, 0.1444, 0.6071, 0.9010, -0.5980|3180|0.1132, -0.0494, -0.2795, -0.2088, -0.2631, -0.1715, -0.0126, -0.0562|255.8
3|0.2756, -0.5062, -0.3564, -0.3184, -0.9574, -0.5734, -0.1781, -0.1251|2540|0.3523, -0.2032, -0.4705, -0.2887, -0.4559, -0.2846, -0.0201, -0.0451|400.6
4|0.9953, -0.3447, -0.5679, -0.6824, -0.2777, -0.8361, 1.0000, 0.7423|2440|0.4976, -0.3349, -0.5604, -0.4520, -0.5063, -0.5139, -0.0577, -0.0264|583.0
5|0.6934, -0.4495, -1.0000, -0.4413, -0.7074, -0.7093, 0.1575, 0.0969|3120|0.5880, -0.4547, -0.5798, -0.4809, -0.5241, -0.7394, -0.1719, -0.0169|789.4
6|0.5168, -0.3447, -0.7387, -0.9628, -0.7074, 0.1612, -0.3769, 0.7423|4660|0.6184, -0.5231, -0.6573, -0.5016, -0.5253, -0.7775, -0.2964, -0.0242|837.2
7|0.6365, -0.9141, -0.7387, -0.9021, 0.3795, -1.0000, -0.1781, -0.1251|3760|0.5370, -0.6314, -0.6612, -0.5230, -0.4760, -0.8338, -0.2790, -0.0219|925.0
8|0.5867, -0.7089, -1.0000, -0.3184, -0.8208, -0.9268, -0.5927, 0.0969|4520|0.5747, -0.6389, -0.6864, -0.4990, -0.4877, -0.8345, -0.2372, -0.0016|949.2
9|0.5168, -1.0000, -0.5679, -0.1983, -0.7074, -0.7093, -1.0000, -0.1142|2820|0.5031, -0.6781, -0.6447, -0.5384, -0.4741, -0.8369, -0.2290, -0.0065|848.0
10|0.5867, -0.9141, -0.7387, -0.9021, 0.3795, -0.9268, -0.1781, 0.3884|4040|0.5200, -0.7026, -0.7550, -0.5232, -0.4717, -0.8009, -0.3722, -0.0082|895.0
11|0.3015, -1.0000, -0.8080, -0.9869, 0.4151, -0.2226, -0.1948, -0.5461|2860|0.5758, -0.7123, -0.7247, -0.4861, -0.5077, -0.8070, -0.4084, 0.0068|973.4
12|0.6365, -0.9141, -0.3806, -0.3184, -0.0371, -0.2226, -0.1948, -0.5461|4680|0.6174, -0.7895, -0.6663, -0.4774, -0.4814, -0.8211, -0.3627, 0.0266|1167.8
13|0.6365, -0.9141, -0.3806, -0.3184, -0.0371, -1.0000, -0.1781, -0.0184|4240|0.6546, -0.8519, -0.6397, -0.4665, -0.5721, -0.8445, -0.4096, 0.0522|1098.0
14|0.6365, -1.0000, -0.3564, -0.3184, -0.2777, -0.5156, 0.1479, -0.1142|4920|0.6490, -0.9138, -0.6288, -0.4132, -0.6101, -0.8218, -0.3972, 0.0784|1146.0
15|0.5168, -1.0000, -0.3564, -0.1983, -0.7074, -0.7093, -0.5927, -0.0184|4140|0.6730, -0.9465, -0.6045, -0.3944, -0.6273, -0.8404, -0.4226, 0.1398|1300.2
16|0.5168, -1.0000, -0.3564, -0.1983, -0.7074, -0.7093, -0.5064, -0.1142|4200|0.7111, -0.9387, -0.6032, -0.3886, -0.6087, -0.8164, -0.4222, 0.1501|1210.2
17|0.7613, -1.0000, -1.0000, -0.4833, -0.7074, -0.7093, -0.0451, 0.0969|9080|0.7139, -0.9693, -0.5577, -0.3489, -0.5978, -0.8406, -0.5080, 0.1945|1425.4
18|0.9953, -1.0000, -1.0000, -0.3184, -0.7074, -0.7093, 0.1479, -0.1142|4180|0.6861, -0.9671, -0.5593, -0.3244, -0.6038, -0.8178, -0.5609, 0.1898|1352.6
19|0.5168, -1.0000, -0.3564, -0.1983, -0.7074, -0.7093, -0.5064, -0.1142|3580|0.6752, -0.9647, -0.5661, -0.3160, -0.6228, -0.7709, -0.5762, 0.2157|1313.8
20|0.5168, -1.0000, -0.5679, -0.3184, -0.7074, -0.7093, 0.1479, -0.0184|4560|0.6405, -0.9568, -0.5191, -0.3037, -0.6101, -0.8173, -0.6243, 0.2190|1333.6
21|0.9953, -1.0000, -0.3564, -0.1983, -0.7074, -1.0000, -0.5927, -0.0184|4780|0.6508, -0.9815, -0.4901, -0.2774, -0.6386, -0.8150, -0.6435, 0.2553|1506.4
22|0.5867, -1.0000, -0.5679, -0.1983, -0.7627, -0.7093, -0.5927, -0.0184|5060|0.6212, -0.9948, -0.4460, -0.2659, -0.6564, -0.7945, -0.5983, 0.2429|1360.0
23|0.6365, -1.0000, -0.3564, -0.3184, -0.7405, 0.0019, -0.5927, -0.0184|8620|0.6178, -1.0000, -0.4821, -0.2710, -0.6551, -0.8171, -0.5439, 0.1820|1660.0
24|0.6365, -1.0000, -0.3564, -0.3184, -0.2777, -0.5156, 0.1479, -0.1142|4180|0.6082, -1.0000, -0.4931, -0.2579, -0.6795, -0.8178, -0.5431, 0.1648|1618.4
25|0.5168, -1.0000, -0.3564, -0.1983, -0.7074, -1.0000, -0.5927, -0.0184|7960|0.6069, -1.0000, -0.4458, -0.2676, -0.6601, -0.7807, -0.5188, 0.1301|1715.6
26|0.5867, -1.0000, -0.3564, -0.3184, -0.7074, 0.0019, -0.5927, 0.0969|5380|0.5955, -1.0000, -0.4373, -0.2653, -0.6605, -0.7852, -0.5131, 0.1050|1701.4
27|0.5867, -1.0000, -0.3564, -0.1983, -0.7074, -1.0000, -0.5927, -0.1142|5900|0.6227, -1.0000, -0.4201, -0.2557, -0.6497, -0.7732, -0.4826, 0.0512|1731.6
28|0.6365, -1.0000, -0.3564, -0.1822, -0.7074, -0.5156, -0.5927, -0.1142|5100|0.6165, -1.0000, -0.3977, -0.2545, -0.6439, -0.7518, -0.4501, 0.0201|1589.0
29|0.5168, -1.0000, -0.3564, -0.1822, -0.7074, -0.5156, 0.1479, -0.0184|4780|0.5911, -1.0000, -0.3948, -0.2493, -0.6313, -0.7122, -0.3776, 0.0529|1677.4
30|0.5867, -1.0000, -0.3564, -0.1983, -0.7074, -0.5156, 0.1479, -0.0184|5780|0.5826, -1.0000, -0.3980, -0.2402, -0.6091, -0.7133, -0.3041, 0.0248|1776.0
31|0.5168, -1.0000, -0.3564, -0.1822, -0.2777, -0.7093, -0.5927, -0.0184|8460|0.6020, -1.0000, -0.3827, -0.2389, -0.5778, -0.6785, -0.2839, -0.0185|1786.4
32|0.6365, -1.0000, -0.3564, -0.1822, -0.2777, -0.5156, 0.1267, -0.0184|5700|0.6080, -1.0000, -0.3796, -0.2339, -0.5414, -0.6459, -0.2602, -0.0368|1886.4
