1|0.3683, -0.7438, -0.3173, -0.2537, 0.1412, -1.0000, -0.9309, -0.3817|1380|0.0574, 0.1278, -0.2965, -0.1628, -0.1125, -0.0931, -0.0935, -0.0877|175.2
2|0.1614, -1.0000, -0.2597, -1.0000, 0.1591, 0.0954, 0.6421, 0.6381|2060|0.1219, 0.1008, -0.4207, -0.3720, -0.1575, -0.1695, -0.1883, -0.1219|244.6
3|0.1614, -1.0000, -0.2597, -1.0000, 0.1591, 0.0954, 0.6421, 0.6381|1500|0.2033, 0.0485, -0.5247, -0.6421, -0.2952, -0.1507, -0.1167, -0.1445|373.2
4|0.1614, -1.0000, -0.2597, -1.0000, 0.1591, 0.0954, 0.6421, 0.6381|2100|0.2536, -0.2216, -0.4387, -0.6871, -0.2760, -0.0658, -0.1956, -0.0043|380.8
5|0.1614, -1.0000, -0.2597, -1.0000, 0.1591, 0.0954, 0.6421, 0.6381|1820|0.3419, -0.3285, -0.4479, -0.6230, -0.2824, -0.1652, -0.1764, -0.0103|470.8
6|0.9098, -1.0000, -0.2597, -1.0000, -0.6119, 0.0954, -0.1769, 0.6381|2900|0.3998, -0.3669, -0.5088, -0.6288, -0.2078, -0.2858, -0.0914, -0.0512|599.2
7|0.1614, -1.0000, -0.9471, -0.7983, -0.7531, 0.0954, 0.9209, 0.6381|3140|0.3338, -0.5614, -0.5196, -0.7117, -0.1799, -0.2200, -0.0236, 0.1407|717.4
8|0.1614, -1.0000, -0.2597, -1.0000, 0.1591, 0.0954, 0.6421, 0.6381|3260|0.3484, -0.6958, -0.4388, -0.5205, -0.2276, -0.2657, 0.1640, 0.1905|698.2
9|0.1614, -1.0000, -0.5515, -0.7983, 0.1591, 0.0665, 0.4472, -0.5790|3480|0.3552, -0.6851, -0.4938, -0.6839, -0.1944, -0.2729, 0.2072, 0.2141|879.8
10|0.1614, -1.0000, -0.5515, -0.7983, -0.6119, 0.0954, 0.4472, 0.6381|4520|0.3985, -0.7272, -0.4789, -0.6562, -0.2231, -0.2927, 0.2640, 0.2381|900.8
11|0.1614, -1.0000, -0.5515, -0.7983, -0.6119, 0.0954, 0.4472, 0.6381|4580|0.3754, -0.8043, -0.4990, -0.6633, -0.2569, -0.2600, 0.1920, 0.2616|998.8
12|0.1614, -1.0000, -0.9471, -0.7983, 0.1591, 0.0954, 0.9209, 0.6381|7520|0.4095, -0.8812, -0.4844, -0.6456, -0.3313, -0.2941, 0.2270, 0.3019|1173.8
13|0.9098, -1.0000, -0.2597, -0.5696, -0.6119, 0.0665, -0.1769, 0.6381|6040|0.3648, -0.9296, -0.5475, -0.7532, -0.3184, -0.1620, 0.3148, 0.4389|1206.2
14|0.9098, -1.0000, -0.2597, -0.5696, -0.6119, 0.0665, -0.1769, 0.7794|5060|0.4604, -0.9590, -0.5421, -0.7437, -0.4256, -0.0717, 0.2360, 0.5570|1266.0
15|0.4812, -1.0000, -0.2597, -0.5696, -0.6119, 0.0665, -0.1769, 0.7794|4300|0.4458, -0.9726, -0.4930, -0.7212, -0.4141, -0.0374, 0.2083, 0.5860|1302.8
16|0.9098, -1.0000, -0.2597, -0.5696, -0.6119, 0.0665, 0.0385, 0.6381|8060|0.4277, -0.9596, -0.4552, -0.7089, -0.4312, -0.0069, 0.1788, 0.6144|1578.0
17|0.9098, -1.0000, -0.2597, -0.5696, -0.5254, 0.0665, -0.1769, 0.7794|10820|0.5685, -0.9974, -0.4488, -0.7088, -0.3694, 0.0515, 0.1896, 0.6567|1765.4
18|0.4812, -1.0000, -0.2597, -0.5696, 0.2561, 0.0665, -0.1769, 0.7794|6680|0.5536, -0.9967, -0.3778, -0.6613, -0.2943, 0.0493, 0.1141, 0.6635|1689.4
19|0.4812, -1.0000, -0.2597, -0.5696, 0.2561, 0.0665, -0.1769, 0.7794|8440|0.6648, -0.9952, -0.3237, -0.6249, -0.3302, 0.0512, 0.0356, 0.6817|1994.8
20|0.9098, -1.0000, -0.2597, -0.5696, 0.1534, 0.0665, 0.0385, 0.6381|12400|0.6561, -0.9993, -0.3033, -0.6120, -0.2683, 0.0611, -0.0128, 0.6896|2305.6
21|0.9098, -1.0000, -0.2597, -0.5696, 0.1534, 0.0665, 0.0385, 0.6381|12420|0.7070, -0.9488, -0.2926, -0.6043, -0.2149, 0.0687, -0.0546, 0.6796|2302.4
22|0.9098, -1.0000, -0.2597, -0.5696, 0.1534, 0.0665, 0.0385, 0.6381|19320|0.7352, -0.9658, -0.3069, -0.5995, -0.2211, 0.0677, -0.0545, 0.6649|2989.4
23|0.9098, -1.0000, -0.2597, -0.5696, 0.2561, 0.0665, -0.1769, 0.6381|7980|0.8156, -1.0000, -0.2948, -0.6013, -0.0990, 0.0676, -0.0347, 0.6434|2614.4
24|0.9098, -1.0000, -0.2597, -0.5696, 0.1534, 0.0665, 0.0385, 0.6381|10060|0.8484, -0.9721, -0.2807, -0.5741, -0.0781, 0.0662, -0.0344, 0.6243|2822.4
25|0.9098, -1.0000, -0.2597, -0.5696, 0.1534, 0.0665, -0.1769, 0.6381|17920|0.8252, -1.0000, -0.2655, -0.5760, -0.0087, 0.0673, -0.0345, 0.6248|3162.8
26|0.9098, -1.0000, -0.2597, -0.5696, -0.1397, 0.0665, -0.1769, 0.6381|9120|0.8587, -1.0000, -0.2597, -0.5729, 0.0323, 0.0673, -0.0371, 0.6413|2920.6
27|0.9098, -1.0000, -0.2597, -0.5696, 0.1534, 0.0665, 0.0385, 0.6381|12000|0.8841, -1.0000, -0.2597, -0.5720, 0.0997, 0.0673, -0.0309, 0.6437|3266.2
28|0.9098, -1.0000, -0.2597, -0.7983, 0.1534, 0.0665, -0.1769, 0.6381|13280|0.8862, -0.7855, -0.2578, -0.5781, 0.0945, 0.0663, -0.0269, 0.6349|2820.0
29|0.9098, -1.0000, -0.2597, -0.5696, 0.2253, 0.0665, 0.0385, 0.6381|19180|0.8979, -0.9809, -0.2600, -0.5769, 0.1470, 0.0668, -0.0244, 0.6387|3495.2
30|0.9098, -1.0000, -0.2597, -0.5696, 0.1534, 0.0665, 0.0385, 0.6381|16340|0.9055, -1.0000, -0.2554, -0.5721, 0.1615, 0.0665, -0.0132, 0.6381|3614.0
31|0.9098, -1.0000, -0.2597, -0.5696, 0.1591, 0.0665, 0.0385, 0.6381|15020|0.9098, -1.0000, -0.2597, -0.5623, 0.1673, 0.0665, -0.0024, 0.6381|3662.0
32|0.9098, -1.0000, -0.2597, -0.5696, 0.1534, 0.0665, 0.0385, 0.6381|15500|0.9098, -1.0000, -0.2597, -0.5466, 0.1604, 0.0665, -0.0024, 0.6381|3715.8
