1|0.2923, -0.9171, -0.5052, -0.4423, 0.3321, 0.0248, 0.4376, -1.0000|2280|0.0100, -0.0036, -0.0564, -0.0738, -0.0148, -0.2663, 0.0551, -0.1132|148.2
2|0.0292, -0.9171, -0.5052, -0.4423, 0.4774, -0.6356, 0.2503, -1.0000|1480|0.0242, -0.1014, -0.2176, -0.3616, -0.0486, -0.3520, 0.1923, -0.1028|213.2
3|0.0292, -0.9171, -0.5052, -0.4423, 0.3321, 0.0248, 0.4376, -1.0000|1780|0.1629, -0.0480, -0.4090, -0.5366, -0.0755, -0.3242, 0.3454, -0.0282|304.4
4|-0.2180, -1.0000, -0.8895, -0.2353, 0.1536, -0.9445, 0.5332, -0.8933|2980|0.1971, -0.0612, -0.4945, -0.5575, -0.1160, -0.3590, 0.4174, 0.0209|413.4
5|0.4263, -0.6128, -0.7365, -1.0000, -0.3711, -0.3342, 0.7671, 0.4507|6100|0.1377, -0.3809, -0.5175, -0.5296, -0.1965, -0.3570, 0.4308, -0.2151|556.6
6|0.0292, -0.9171, -0.7365, -0.6218, 0.0335, -0.3342, 0.7671, -1.0000|3380|0.2238, -0.5153, -0.5368, -0.4731, -0.2435, -0.3309, 0.4446, -0.3089|741.2
7|0.8095, -0.9171, -0.2914, -0.2764, -0.4838, 0.0248, 0.4376, -1.0000|3460|0.3180, -0.6649, -0.4741, -0.4733, -0.2491, -0.1653, 0.3993, -0.5269|794.2
8|0.8095, -0.6128, -0.2235, -0.4423, 0.0335, 0.0248, 0.4376, 0.4507|4060|0.3500, -0.7894, -0.4566, -0.4710, -0.2554, -0.1391, 0.3928, -0.6415|908.0
9|0.4263, -0.9171, -0.7365, -0.4423, 0.0335, 0.0258, -0.1834, 0.4507|11840|0.4370, -0.8370, -0.4358, -0.4271, -0.2987, -0.1289, 0.3325, -0.5855|1118.4
10|0.8095, -0.6128, -0.2235, -0.4423, 0.0335, 0.0248, 0.4376, 0.4507|4140|0.4861, -0.8501, -0.3616, -0.4005, -0.3001, -0.1073, 0.3465, -0.5608|923.6
11|0.4263, -0.6128, -0.2235, -0.4423, 0.0335, 0.0248, -0.1834, 0.4507|4880|0.4534, -0.8600, -0.4312, -0.4173, -0.2811, -0.1912, 0.3484, -0.4745|1280.2
12|0.8095, -0.6128, -0.2235, -0.4423, 0.0335, 0.0248, 0.4376, 0.4507|6840|0.5160, -0.8642, -0.4238, -0.4241, -0.2396, -0.2098, 0.3166, -0.2669|1418.2
13|0.4263, -0.9171, -0.2235, -0.4423, 0.0335, 0.0258, -0.1834, 0.4507|7680|0.5592, -0.8319, -0.3741, -0.3861, -0.1960, -0.1525, 0.2408, -0.1233|1464.8
14|0.8095, -0.9171, -0.2914, -0.4423, -0.0202, 0.0258, -0.1834, 0.4507|16320|0.5995, -0.7884, -0.3468, -0.4446, -0.1285, -0.1018, 0.1639, 0.1478|1873.2
15|0.8095, -0.9171, -0.2914, -0.4423, -0.0202, 0.0258, -0.1834, 0.4507|9060|0.5812, -0.7732, -0.3267, -0.4342, -0.0528, -0.0555, 0.0865, 0.2741|1989.6
16|0.8095, -0.9171, -0.2235, -0.4423, -0.0202, 0.0248, -0.1834, 0.4507|8160|0.5934, -0.7962, -0.3445, -0.4641, -0.0011, -0.0132, 0.0496, 0.4330|2154.8
17|0.8095, -0.9171, -0.2235, -0.4423, -0.0202, 0.0248, -0.1834, 0.4507|13040|0.6221, -0.7967, -0.3126, -0.4408, 0.0211, 0.0146, 0.0085, 0.4536|2788.6
18|0.8095, -0.9171, -0.2914, -0.4423, -0.0202, 0.0258, -0.1834, 0.4507|17460|0.6231, -0.8514, -0.2926, -0.3951, 0.0213, 0.0225, -0.0502, 0.4753|3006.6
19|0.8095, -0.9171, -0.2914, -0.4423, -0.0202, 0.0248, -0.1834, 0.4507|23940|0.6210, -0.8837, -0.2711, -0.4508, 0.0229, 0.0216, -0.1233, 0.4591|3907.4
20|0.8095, -0.9171, -0.2235, -0.4423, -0.0202, 0.0248, -0.1834, 0.4507|22460|0.6417, -0.9060, -0.2673, -0.4421, 0.0211, 0.0252, -0.1426, 0.4617|4219.0
21|0.8095, -0.9171, -0.2235, -0.4423, 0.0335, 0.0258, -0.1834, 0.4507|19980|0.6558, -0.9187, -0.2544, -0.4463, 0.0195, 0.0238, -0.1790, 0.4564|4453.8
22|0.8095, -0.9171, -0.2438, -0.4423, 0.0335, 0.0258, -0.2000, 0.4915|18100|0.6860, -0.9088, -0.2516, -0.4471, 0.0194, 0.0221, -0.1864, 0.4585|4815.8
23|0.8095, -0.9171, -0.2438, -0.4423, 0.0366, 0.0258, -0.2000, 0.4915|16760|0.7028, -0.9243, -0.2528, -0.4483, 0.0179, 0.0219, -0.1862, 0.4577|4097.8
24|0.8095, -0.9171, -0.2235, -0.4423, -0.0202, 0.0248, -0.1834, 0.4507|15660|0.7079, -0.9334, -0.2368, -0.4515, 0.0212, 0.0217, -0.1871, 0.4611|4713.6
25|0.8095, -0.9171, -0.2235, -0.4423, -0.0202, 0.0248, -0.1834, 0.4507|14180|0.7313, -0.9345, -0.2326, -0.4491, 0.0222, 0.0234, -0.1867, 0.4599|4725.0
26|0.8095, -0.9171, -0.2235, -0.4423, -0.0202, 0.0248, -0.1834, 0.4507|26140|0.6970, -0.9378, -0.2305, -0.4495, 0.0282, 0.0245, -0.1869, 0.4602|4689.6
27|0.8095, -1.0000, -0.2235, -0.4823, 0.0335, 0.0248, -0.1834, 0.4507|19240|0.7071, -0.9453, -0.2300, -0.4531, 0.0293, 0.0240, -0.1876, 0.4619|4855.0
28|0.4649, -1.0000, -0.2235, -0.4823, 0.0366, 0.0238, -0.1834, 0.4507|25660|0.7375, -0.9486, -0.2284, -0.4527, 0.0303, 0.0239, -0.1879, 0.4610|4870.8
29|0.8095, -0.9171, -0.2438, -0.4423, 0.0335, 0.0258, -0.2000, 0.4915|19560|0.7315, -0.9444, -0.2268, -0.4531, 0.0298, 0.0241, -0.1862, 0.4573|4632.8
30|0.8095, -0.9171, -0.2235, -0.4423, 0.0335, 0.0248, -0.1834, 0.4507|29160|0.7493, -0.9420, -0.2291, -0.4531, 0.0332, 0.0249, -0.1877, 0.4585|4453.8
31|0.8095, -0.9171, -0.2658, -0.4423, 0.0399, 0.0258, -0.1834, 0.4507|24900|0.7549, -0.9378, -0.2297, -0.4507, 0.0333, 0.0248, -0.1871, 0.4565|4353.2
32|0.8095, -1.0000, -0.2235, -0.4423, -0.0202, 0.0258, -0.1834, 0.4507|17520|0.7429, -0.9411, -0.2302, -0.4499, 0.0335, 0.0247, -0.1872, 0.4573|4147.8
