1|0.3815, -1.0000, -0.1324, -0.5705, -0.1658, -0.6630, -0.6433, 0.7377|2080|0.0635, 0.0053, -0.2276, -0.1955, -0.2558, -0.1993, -0.0441, 0.0096|197.2
2|0.2804, -0.9975, -1.0000, -1.0000, -0.6479, 0.3158, 0.0075, -0.2586|2160|0.1131, 0.0092, -0.3049, -0.4129, -0.3345, -0.2253, -0.1747, 0.0237|321.0
3|1.0000, -0.2432, -0.6226, -0.5507, 0.4448, -0.1432, 0.4621, -0.6914|1700|0.2556, -0.2203, -0.2494, -0.5619, -0.3697, -0.3056, -0.1163, 0.0490|340.0
4|0.3815, -1.0000, -0.1935, -0.5507, -0.1658, -0.1432, 0.4621, 0.7377|2580|0.2373, -0.1842, -0.3392, -0.5228, -0.2670, -0.3139, 0.0031, 0.1647|454.4
5|1.0000, 0.0179, -0.6321, -0.5705, -0.4365, -0.6630, -0.1375, 0.0099|2480|0.3837, -0.3023, -0.4295, -0.5474, -0.2179, -0.2924, 0.0413, 0.2493|408.4
6|1.0000, -1.0000, -0.6226, -0.7259, -0.1402, -0.9502, -0.0086, 0.0034|2740|0.4400, -0.4118, -0.2873, -0.6935, -0.2264, -0.3699, 0.0030, 0.1329|596.4
7|1.0000, -1.0000, -0.6226, -0.5705, -0.1122, -0.9502, -0.0086, 0.7377|3540|0.5018, -0.5307, -0.4172, -0.6451, -0.2596, -0.4410, 0.0408, 0.0926|738.4
8|1.0000, -1.0000, -0.3221, -0.5705, -0.6582, -0.1432, -0.4844, 0.4976|4460|0.3157, -0.6795, -0.4300, -0.3942, -0.2052, -0.5127, 0.0237, 0.1464|738.6
9|0.5608, -1.0000, -0.0648, -0.3067, 0.0835, -0.1055, 0.0075, -0.1904|5740|0.5389, -0.7979, -0.3748, -0.3954, -0.2260, -0.4591, -0.0579, 0.1294|992.0
10|0.1960, -1.0000, -0.0648, -0.3067, 0.0835, -0.1055, 0.0075, -0.1904|7360|0.5550, -0.7990, -0.4159, -0.3656, -0.2998, -0.4204, -0.0386, -0.0182|1214.0
11|1.0000, -1.0000, -0.3221, -0.0502, -0.1122, 0.0147, -0.0086, -0.0003|15100|0.7039, -0.6905, -0.3712, -0.3523, -0.2933, -0.1574, -0.0041, -0.0048|1559.8
12|1.0000, -1.0000, -0.3221, -0.0502, -0.1122, 0.0147, -0.0086, -0.0003|21540|0.6576, -0.8016, -0.3478, -0.3629, -0.1854, -0.1419, 0.0416, 0.0097|1764.2
13|0.2547, -1.0000, 0.0498, -0.0375, 0.0452, -0.0889, 0.0098, -0.2474|11200|0.6857, -0.8087, -0.2794, -0.3072, -0.1366, -0.2077, 0.0403, 0.0292|1888.8
14|0.5608, -1.0000, -0.0798, -0.0502, -0.1122, 0.0147, -0.0102, -0.0972|49680|0.6489, -0.6547, -0.2722, -0.2650, -0.0807, -0.1147, 0.0578, -0.0219|3113.2
15|1.0000, -1.0000, -0.1155, -0.2625, 0.0835, -0.1055, -0.0032, 0.2396|28760|0.5999, -0.8825, -0.3213, -0.2873, -0.0582, -0.0594, 0.0284, -0.0405|3756.0
16|0.5608, -1.0000, -0.0798, -0.0502, -0.1122, 0.0147, -0.0991, -0.0972|184500|0.6367, -0.9345, -0.2838, -0.2402, -0.0317, -0.0602, 0.0186, -0.0394|8494.0
17|0.5608, -1.0000, -0.0798, -0.0502, -0.1122, -0.0084, -0.0102, -0.0972|75300|0.5717, -0.9422, -0.1994, -0.1898, -0.0401, -0.0945, -0.0079, -0.0077|9367.2
18|0.2547, -1.0000, -0.0648, -0.0502, -0.1122, -0.1055, -0.0102, -0.0972|37800|0.5946, -0.9630, -0.1307, -0.1298, -0.0450, -0.0542, -0.0093, 0.0046|7421.4
19|0.5608, -1.0000, -0.0283, -0.0502, -0.1067, -0.0084, -0.0102, -0.0972|126280|0.5558, -0.9646, -0.1004, -0.0986, -0.0513, -0.0677, -0.0077, -0.0184|11301.2
20|0.5608, -1.0000, -0.0798, -0.0502, -0.0932, 0.0113, -0.0102, 0.0178|138880|0.5440, -0.9462, -0.0814, -0.0797, -0.0739, -0.0633, -0.0097, -0.0266|13770.0
21|0.5608, -1.0000, -0.0798, -0.1248, -0.1154, 0.0039, -0.0102, 0.0820|284280|0.5748, -0.9364, -0.0782, -0.0705, -0.0955, -0.0595, -0.0116, -0.0072|22117.0
22|0.2547, -1.0000, -0.0283, -0.0502, -0.1122, -0.0085, 0.0098, -0.0061|147700|0.5397, -0.8748, -0.0925, -0.0639, -0.0948, -0.0379, -0.0126, -0.0189|15569.2
23|0.2547, -1.0000, -0.0283, -0.0502, -0.1122, -0.0085, 0.0098, -0.0061|196140|0.6352, -0.9786, -0.0897, -0.0571, -0.1060, -0.0575, -0.0295, -0.0315|17964.0
24|0.5608, -1.0000, -0.0798, -0.0502, -0.0123, -0.0038, -0.0088, 0.0253|213100|0.6015, -0.9200, -0.0876, -0.0594, -0.0968, -0.0568, -0.0275, -0.0153|28127.4
25|0.5608, -1.0000, -0.0798, -0.0502, -0.0123, -0.0038, -0.0088, 0.0253|144160|0.5748, -1.0000, -0.0718, -0.0587, -0.0934, -0.0484, -0.0188, -0.0007|26919.2
26|0.5608, -1.0000, -0.0283, -0.0515, -0.0167, 0.0037, 0.0098, -0.0972|266940|0.5689, -0.9200, -0.0644, -0.0534, -0.0916, -0.0423, -0.0083, -0.0023|36005.4
27|0.5608, -1.0000, -0.0798, -0.0502, -0.0123, -0.0038, 0.0098, 0.0253|371120|0.5441, -0.9600, -0.0647, -0.0515, -0.0836, -0.0276, -0.0120, -0.0020|53690.2
28|0.5608, -1.0000, -0.0283, -0.0502, -0.0167, -0.0199, 0.0098, 0.0173|419780|0.5788, -0.9208, -0.0657, -0.0513, -0.0725, -0.0205, -0.0162, 0.0045|51605.8
29|0.5608, -1.0000, -0.0283, -0.0502, -0.0123, 0.0006, -0.0088, 0.0253|395020|0.5731, -1.0000, -0.0615, -0.0492, -0.0657, -0.0135, -0.0206, 0.0022|59366.8
30|0.2547, -1.0000, -0.0283, -0.0375, -0.0167, -0.0199, 0.0098, 0.0173|696840|0.6045, -0.8864, -0.0639, -0.0509, -0.0629, -0.0121, -0.0192, 0.0062|82106.6
31|0.2547, -1.0000, -0.0283, -0.0375, -0.0167, -0.0199, 0.0098, 0.0173|836800|0.5918, -1.0000, -0.0537, -0.0532, -0.0424, -0.0135, -0.0133, 0.0113|104989.2
32|0.5608, -1.0000, -0.0283, -0.0502, -0.0167, -0.0199, 0.0098, 0.0173|1207960|0.6321, -1.0000, -0.0492, -0.0541, -0.0380, -0.0132, -0.0073, 0.0105|142528.4
