1|0.8437, -1.0000, -0.8369, -0.5466, 0.0585, 0.6727, 0.2388, -0.9663|3280|0.3233, -0.3110, -0.3991, -0.1151, 0.2417, 0.1553, -0.1604, 0.1091|111.6
2|0.8437, -1.0000, -0.8369, -0.5466, 0.0770, 0.6727, 0.2388, -0.9663|960|0.5279, -0.1111, -0.4802, -0.3990, 0.0163, 0.0655, -0.1255, -0.0152|173.0
3|0.7552, -0.3128, -1.0000, -0.0884, -0.1014, -0.7928, -0.6972, -0.9506|2720|0.6101, -0.0674, -0.6035, -0.6011, -0.2198, 0.2497, -0.1869, -0.0036|361.4
4|0.9274, -1.0000, -0.4010, -1.0000, 0.0770, 0.5746, 0.2388, -0.9663|1480|0.6653, -0.1315, -0.5805, -0.6644, -0.3404, 0.2138, -0.2152, 0.1090|429.2
5|0.2395, -0.8524, -0.2584, -0.1942, -0.9437, -0.4744, 0.0907, -0.5397|3400|0.7684, -0.2542, -0.4346, -0.6149, -0.3542, -0.0117, -0.0563, 0.0547|627.4
6|0.9274, -0.8524, -0.4010, -0.1942, -0.6292, -0.4744, -0.4256, 0.6229|4020|0.8088, -0.3820, -0.4237, -0.5369, -0.2620, -0.1851, -0.0397, -0.1009|730.2
7|0.8437, -1.0000, -0.8369, -0.5466, 0.0770, 0.6727, 0.2544, -0.9663|2660|0.8823, -0.5701, -0.3753, -0.4836, -0.1804, -0.2919, 0.0397, -0.2891|743.8
8|0.8437, -0.8810, -0.8369, -0.5466, 0.0770, 0.6727, 0.0907, -0.5808|4180|0.8855, -0.6445, -0.3536, -0.5314, -0.1590, -0.3195, 0.0500, -0.1581|907.0
9|0.2395, -0.8524, -0.4010, -0.1942, 0.0585, -0.4744, 0.2388, -0.5397|4280|0.8670, -0.8389, -0.3601, -0.5262, -0.1249, -0.4341, 0.0921, -0.2880|1101.6
10|0.8437, -1.0000, -0.8369, -0.5466, -0.0736, -0.5757, 0.2544, 0.0182|6580|0.8828, -0.8636, -0.3292, -0.5119, -0.1165, -0.4318, 0.0816, -0.2620|972.4
11|0.8536, -0.8810, -0.7334, -0.5250, -0.0712, -1.0000, 0.0907, -0.5808|4340|0.8988, -0.8542, -0.4170, -0.5759, -0.1361, -0.3086, 0.0950, -0.0981|1282.6
12|1.0000, -0.7765, -0.2007, -0.7765, -0.0474, 0.4461, 0.0704, 0.4836|5640|0.8654, -0.8731, -0.4455, -0.5499, -0.0899, -0.3845, 0.1188, -0.1450|1457.8
13|1.0000, -0.8810, -0.2584, -0.0642, -0.0610, -0.5757, 0.1353, -0.5808|5260|0.8769, -0.8759, -0.4476, -0.5036, -0.0492, -0.3608, 0.1104, -0.1515|1502.8
14|1.0000, -1.0000, -0.8369, -0.5466, -0.0474, -0.0342, 0.2544, 0.4836|4400|0.9234, -0.6403, -0.4187, -0.5623, -0.0479, -0.2452, 0.0753, -0.0759|1257.6
15|0.8536, -0.8810, -0.2584, -0.5466, -0.1014, 0.4461, 0.0907, 0.4836|8040|0.9147, -0.7627, -0.4683, -0.5113, -0.0456, -0.3361, 0.0822, -0.1620|1425.4
16|0.8536, -0.8810, -0.2584, -0.5466, -0.1014, 0.4461, 0.0907, 0.4836|7240|0.9085, -0.8847, -0.4523, -0.5446, -0.0476, -0.2148, 0.1002, -0.0112|1516.2
17|1.0000, -0.8664, -0.2007, -0.7765, 0.0585, 0.4461, 0.0892, 0.4836|6680|0.8481, -0.9182, -0.4243, -0.3492, -0.0597, -0.1010, 0.1129, 0.0791|1406.0
18|0.8395, -0.8810, -0.7334, -0.5466, -0.0600, 0.4461, 0.0907, 0.6126|6660|0.8982, -0.9135, -0.4590, -0.4915, -0.0576, -0.1784, 0.1202, 0.1535|1803.0
19|0.8536, -0.8810, -0.2584, -0.5466, -0.1014, 0.4461, 0.0907, 0.4836|11200|0.9124, -0.9030, -0.4282, -0.4458, -0.0700, -0.1193, 0.1158, 0.1174|2054.8
20|0.8536, -0.8524, -0.2007, -0.5466, -0.0474, 0.4461, 0.0704, 0.6126|9700|0.9192, -0.9159, -0.3831, -0.4108, -0.0691, -0.1132, 0.1272, 0.0729|1884.2
21|1.0000, -0.8810, -0.2584, -0.0642, -0.0610, -0.5757, 0.1353, -0.2716|9600|0.9276, -0.9143, -0.3358, -0.3927, -0.0635, -0.1843, 0.1337, 0.1182|2118.8
22|1.0000, -0.8810, -0.2584, -0.5466, -0.0610, 0.4461, 0.0907, 0.4836|8300|0.9156, -0.9091, -0.2929, -0.4099, -0.0660, -0.0112, 0.1300, 0.1136|2362.2
23|0.8536, -0.8524, -0.2007, -0.5466, -0.0712, 0.4461, 0.0704, 0.4836|7980|0.8933, -0.9209, -0.3216, -0.4812, -0.0665, 0.0895, 0.1348, 0.2416|2261.2
24|1.0000, -0.8810, -0.2584, -0.5164, -0.1014, 0.4461, 0.0907, 0.4836|10340|0.8691, -0.9179, -0.3067, -0.4890, -0.0729, 0.1237, 0.1296, 0.2847|2642.6
25|1.0000, -0.8810, -0.2584, -0.5164, -0.1014, 0.4461, 0.0907, 0.4836|10500|0.9044, -0.9245, -0.2903, -0.4793, -0.0730, 0.1424, 0.1276, 0.2382|2503.2
26|0.8536, -1.0000, -0.2584, -0.5466, -0.0610, 0.4461, 0.1353, 0.4836|13840|0.9037, -0.9298, -0.2991, -0.4957, -0.0796, 0.1542, 0.1090, 0.3513|2856.8
27|0.8536, -1.0000, -0.2584, -0.5466, -0.1014, -0.0342, 0.0907, 0.4836|11300|0.8958, -0.9343, -0.2676, -0.5144, -0.0804, 0.1896, 0.1008, 0.3757|2642.8
28|0.8536, -0.8810, -0.2584, -0.5466, -0.0610, -0.0342, 0.0907, 0.4836|10380|0.8990, -0.9396, -0.2666, -0.5259, -0.0824, 0.2119, 0.1013, 0.3872|3135.6
29|0.8536, -1.0000, -0.2584, -0.5466, -0.1014, -0.0342, 0.0907, 0.4836|9040|0.8960, -0.9492, -0.2531, -0.5175, -0.0811, 0.1975, 0.1026, 0.3776|2883.0
30|0.8536, -1.0000, -0.2584, -0.5466, -0.1014, -0.0342, 0.0907, 0.4836|10760|0.8858, -0.9575, -0.2447, -0.5273, -0.0860, 0.1741, 0.0974, 0.4224|3037.4
31|0.8536, -1.0000, -0.1953, -0.5466, -0.0610, -0.0342, 0.0704, 0.4836|9980|0.8741, -0.9649, -0.2429, -0.5361, -0.0875, 0.1717, 0.0964, 0.4508|3201.6
32|1.0000, -1.0000, -0.2584, -0.5164, -0.1014, -0.0342, 0.2544, 0.4836|15400|0.8755, -0.9613, -0.2393, -0.5394, -0.0862, 0.1723, 0.1039, 0.4697|3426.6
