1|1.0000, -0.9152, -0.5837, -0.2545, -0.4026, -0.3948, -0.5178, -0.3157|2400|0.2627, -0.1159, -0.0998, -0.1363, -0.0543, -0.0695, 0.0656, -0.0081|177.6
2|1.0000, -0.9152, -0.5837, -0.2545, -0.4026, -0.3948, -0.5178, -0.3157|3060|0.3335, -0.1000, -0.2612, -0.2616, -0.0692, -0.1798, 0.1379, 0.0196|294.6
3|0.9636, -1.0000, -0.6377, -0.2781, -0.4399, -0.4314, -0.5658, -0.3449|3700|0.3860, -0.2005, -0.5836, -0.4847, -0.1624, -0.1592, 0.1081, -0.0209|449.6
4|0.9168, -0.9152, -1.0000, -0.8771, -0.4026, -0.5895, -0.5178, 0.3726|2440|0.5874, -0.3641, -0.4832, -0.6780, -0.3147, -0.3206, -0.0606, -0.0928|521.6
5|1.0000, -1.0000, -0.5837, -0.2781, -0.4399, -0.4314, -0.5658, -0.3449|4020|0.6560, -0.4086, -0.6708, -0.7260, -0.4126, -0.3617, 0.0069, -0.0486|770.0
6|0.9168, -0.9152, -1.0000, -0.8771, -0.4026, -0.5895, -0.5178, 0.3726|6100|0.7468, -0.5593, -0.6073, -0.6493, -0.4509, -0.4228, -0.1315, 0.0217|893.2
7|1.0000, -1.0000, -0.5397, -0.2781, -0.4399, -0.4314, -0.5658, 0.1407|4300|0.7836, -0.6290, -0.6315, -0.6563, -0.4865, -0.4586, -0.0958, 0.1246|1024.0
8|1.0000, -1.0000, -0.5397, -0.2781, -0.5168, -0.5895, -0.4188, -0.3449|5620|0.7409, -0.7615, -0.6893, -0.6365, -0.4992, -0.4456, -0.1851, 0.1301|1056.6
9|0.4970, -1.0000, -0.7803, -0.2781, -0.4399, -0.9222, 0.0403, 0.1407|5480|0.7636, -0.8216, -0.6743, -0.6201, -0.5101, -0.4910, -0.1788, 0.0965|1071.6
10|1.0000, -0.9152, -0.4010, -0.2545, -0.5376, -0.5895, -0.5658, -0.3449|5500|0.8732, -0.8782, -0.6922, -0.6506, -0.5468, -0.5405, -0.2349, 0.1746|1276.4
11|1.0000, -0.9973, -0.7803, -0.2545, -0.4864, -0.4314, -0.5658, 0.1407|6480|0.9426, -0.8870, -0.6970, -0.6067, -0.3962, -0.5165, -0.3577, 0.1331|1238.2
12|0.8865, -0.9152, -0.6377, -0.2773, -0.5168, -0.5895, 0.0727, -0.3449|6420|0.9595, -0.8510, -0.7164, -0.6268, -0.4943, -0.5913, -0.3930, 0.1635|1502.0
13|1.0000, -0.9152, -0.4010, -0.2545, -0.4864, -0.9222, -0.5178, 0.3726|5000|0.9358, -0.8829, -0.6927, -0.4732, -0.4997, -0.5543, -0.3339, 0.1588|1337.2
14|1.0000, -1.0000, -0.7803, -0.2781, -0.4399, -0.5895, -0.5658, 0.3726|6560|0.9590, -0.9135, -0.6701, -0.6256, -0.4968, -0.5627, -0.3210, 0.1592|1494.6
15|1.0000, -1.0000, -0.7803, -0.2773, -0.5376, -0.3948, -0.5658, 0.3726|6640|0.9666, -0.9300, -0.7277, -0.5894, -0.5122, -0.5917, -0.3761, 0.2373|1524.4
16|0.9168, -0.9152, -1.0000, -0.2773, -0.5376, -0.5895, -0.5954, 0.0630|4800|0.9669, -0.9280, -0.7306, -0.5671, -0.4977, -0.5810, -0.3896, 0.2135|1431.4
17|0.7822, -0.9152, -1.0000, -0.2773, -0.3706, -0.5895, -0.3804, 0.0630|5420|0.9640, -0.9130, -0.7598, -0.5077, -0.5009, -0.5393, -0.4266, 0.2255|1601.2
18|0.8865, -1.0000, -1.0000, -0.2781, -0.4200, -0.5895, -0.4311, 0.1407|5540|0.9485, -0.9324, -0.7122, -0.4608, -0.4955, -0.5938, -0.4147, 0.2030|1509.4
19|1.0000, -1.0000, -0.7803, -0.2781, -0.4399, -0.5732, -0.5658, 0.3603|6980|0.9569, -0.9350, -0.6873, -0.3535, -0.4904, -0.5886, -0.3789, 0.1883|1871.6
20|1.0000, -0.9152, -0.4010, -0.2545, -0.5168, -0.4314, -0.5178, 0.3726|10160|0.9602, -0.9426, -0.6177, -0.3157, -0.4846, -0.6301, -0.3787, 0.1948|1744.8
21|0.9942, -0.9925, -0.4348, -0.2760, -0.5275, -1.0000, -0.4674, 0.0648|9020|0.9422, -0.8255, -0.5716, -0.2976, -0.4656, -0.6612, -0.3635, 0.1581|1682.6
22|0.8865, -0.9152, -1.0000, -0.2781, -0.0706, -0.5895, 0.0374, 0.3726|6520|0.9535, -0.8990, -0.5688, -0.2831, -0.4670, -0.6710, -0.3629, 0.1453|1846.2
23|1.0000, -0.8779, -0.4010, -0.2545, -0.5376, -0.5895, -0.4311, 0.3726|6900|0.9311, -0.8693, -0.5564, -0.2685, -0.4697, -0.6836, -0.3696, 0.1758|1787.8
24|0.8865, -0.9152, -1.0000, -0.2781, -0.0706, -0.5895, 0.0374, 0.3726|6820|0.9461, -0.9106, -0.5190, -0.2590, -0.4516, -0.6704, -0.3853, 0.2296|1969.4
25|0.8865, -0.9925, -0.4348, -0.2781, -0.5376, -0.5895, -0.3804, 0.0648|7900|0.9711, -0.9501, -0.4724, -0.2127, -0.4560, -0.6567, -0.4129, 0.2050|1774.6
26|0.9686, -1.0000, -0.4381, -0.3038, -0.4398, -0.7266, -0.4710, 0.4071|9200|0.9587, -0.9724, -0.4390, -0.2528, -0.4481, -0.6448, -0.3954, 0.1976|2071.0
27|1.0000, -1.0000, -0.6377, -0.2545, -0.5275, -0.5895, -0.4311, 0.3726|6920|0.9568, -0.9381, -0.4443, -0.2503, -0.4653, -0.6345, -0.3898, 0.2226|1938.8
28|0.8865, -0.9983, -0.4348, -0.2545, -0.5376, -0.5895, 0.0727, 0.3726|7260|0.9713, -0.9617, -0.4186, -0.2647, -0.3999, -0.6190, -0.3854, 0.2537|2027.4
29|0.1859, -1.0000, -0.4010, -0.2802, -0.5305, -0.6650, -0.4311, 0.0653|6520|0.9444, -0.9853, -0.4263, -0.2571, -0.4805, -0.6025, -0.3577, 0.2666|2002.4
30|0.9686, -1.0000, -0.4010, -0.2545, -0.2399, -0.6650, 0.0727, 0.3726|6980|0.9606, -0.9886, -0.3281, -0.2610, -0.4336, -0.6094, -0.3511, 0.2743|2050.6
31|0.9942, -0.9983, -0.4348, -0.2760, -0.4399, -0.5327, -0.5658, 0.3726|10160|0.9721, -0.9700, -0.3954, -0.2570, -0.4352, -0.5923, -0.3599, 0.2556|1983.2
32|1.0000, -1.0000, -0.4348, -0.2545, -0.5275, -0.6430, -0.5648, 0.0648|10220|0.9646, -0.9866, -0.4067, -0.2244, -0.4612, -0.5157, -0.3522, 0.2370|2029.8
