1|-0.0131, 0.2643, -0.7151, -1.0000, 0.3736, -0.7718, -0.5870, -0.7266|2340|0.0276, 0.1591, -0.1472, -0.2160, -0.0112, -0.1847, -0.0438, -0.0409|145.0
2|0.6730, -0.2534, -0.9091, -1.0000, -0.0088, -0.1603, 0.1009, 0.0996|3680|0.0536, 0.0999, -0.3460, -0.4216, -0.1211, -0.2571, -0.1491, -0.0598|253.6
3|0.6730, -0.2534, -0.9091, -1.0000, -0.0088, -0.1603, 0.1009, 0.0996|2860|0.2132, 0.0690, -0.5489, -0.6815, -0.0917, -0.2192, -0.0477, 0.0166|396.8
4|0.6730, -0.2534, -0.9091, -1.0000, -0.0088, -0.1603, -0.1441, 0.0996|2040|0.2980, -0.0686, -0.7324, -0.8023, -0.0985, -0.2648, -0.2257, -0.0597|454.6
5|0.7553, -0.3491, -0.7834, -0.7584, 0.4601, -1.0000, 0.0327, 0.6131|2100|0.4997, -0.1724, -0.7875, -0.4602, -0.1245, -0.2628, -0.1681, -0.0267|404.0
6|0.6329, -1.0000, -0.8069, -0.1865, -0.1422, 0.0888, -0.0320, 0.4414|2580|0.3970, -0.2923, -0.7839, -0.5859, -0.1092, -0.3757, -0.2600, -0.0039|610.8
7|0.5219, -1.0000, -0.9091, -1.0000, -0.1347, 0.3789, -0.0893, 0.8176|6260|0.3687, -0.4029, -0.7302, -0.6494, -0.0418, -0.4216, -0.2026, -0.0391|739.2
8|0.6329, -1.0000, -0.8069, -0.1865, -0.1422, 0.1314, -0.0320, 0.4414|6540|0.3555, -0.4836, -0.7060, -0.7379, -0.0503, -0.3648, -0.2044, 0.0544|884.8
9|0.6329, -1.0000, -0.8069, -0.1865, -0.1422, 0.1314, -0.0320, 0.4414|6300|0.4268, -0.4694, -0.7598, -0.7454, -0.0678, -0.3224, -0.2208, 0.1069|920.6
10|0.6329, -1.0000, -0.8069, -0.1865, -0.1422, 0.1314, -0.0320, 0.4414|6680|0.4455, -0.6597, -0.7609, -0.4812, -0.0665, -0.3226, -0.2696, 0.0106|1052.2
11|0.6329, -1.0000, -0.8069, -0.1865, -0.1422, 0.0888, 0.0327, 0.4414|6100|0.4218, -0.7601, -0.7632, -0.5921, -0.0664, -0.4196, -0.2866, 0.0964|989.6
12|0.6329, -1.0000, -0.8069, -0.1865, -0.1422, 0.1314, -0.0320, 0.4414|20180|0.4982, -0.8525, -0.7616, -0.5344, -0.0994, -0.4014, -0.2367, 0.0649|1597.8
13|0.6329, -1.0000, -0.8069, -0.1865, -0.1422, 0.1314, -0.0173, 0.4414|8200|0.4431, -0.7896, -0.7448, -0.4681, -0.1016, -0.3563, -0.1517, 0.1253|1494.6
14|0.6329, -1.0000, -0.8875, -0.1865, -0.1422, 0.0161, 0.0124, 0.4414|9160|0.5065, -0.8169, -0.7548, -0.4566, -0.0866, -0.3202, -0.1391, 0.2286|1604.6
15|0.3125, -1.0000, -0.3753, -0.3349, -0.1404, -0.2021, -0.0320, -0.0285|17400|0.5937, -0.8669, -0.6652, -0.4501, -0.0968, -0.2792, -0.1913, 0.2915|1843.6
16|0.6329, -1.0000, -0.8069, -0.1865, -0.1422, 0.1314, -0.0173, 0.4414|14360|0.6428, -0.8930, -0.6771, -0.4564, -0.1279, -0.2576, -0.1244, 0.1697|1883.2
17|0.7275, -0.8735, -1.0000, -0.2600, 0.1002, 0.1832, -0.0446, 0.1115|15700|0.6152, -0.9060, -0.4656, -0.4011, -0.1384, -0.1682, -0.1040, 0.1634|1992.0
18|0.8350, -1.0000, -0.8069, -0.1865, -0.1422, 0.0888, -0.0320, 0.3817|13260|0.6197, -0.9123, -0.6410, -0.3562, -0.1319, -0.1235, -0.0933, 0.2565|2073.6
19|0.6329, -1.0000, -0.8875, -0.2839, -0.1422, 0.0161, -0.0723, 0.4414|21580|0.6975, -0.9485, -0.6949, -0.3461, -0.1436, -0.0738, -0.1028, 0.3569|2811.6
20|0.9632, -1.0000, -0.2937, -0.1865, -0.1422, 0.0553, -0.0575, 0.4414|10760|0.7057, -0.9585, -0.7049, -0.3266, -0.1434, 0.0139, -0.0619, 0.3608|2559.2
21|0.6329, -1.0000, -0.2937, -0.2751, -0.1422, 0.0161, -0.0575, 0.4414|19900|0.6541, -0.6736, -0.6777, -0.2973, -0.1372, 0.0430, -0.0338, 0.3790|2420.0
22|0.6877, -1.0000, -0.8069, -0.1865, -0.1015, 0.1351, -0.0410, 0.4414|13920|0.6485, -0.8561, -0.7289, -0.2961, -0.1461, 0.0577, -0.0286, 0.3922|2997.8
23|0.6329, -1.0000, -0.8875, -0.2839, -0.1422, 0.0161, -0.0723, 0.4414|26680|0.6286, -0.9936, -0.7465, -0.2925, -0.1402, 0.0676, -0.0325, 0.3898|4180.8
24|0.6877, -0.8735, -0.2097, -0.1964, -0.1015, 0.0161, -0.0378, 0.3151|52620|0.6003, -0.9924, -0.7107, -0.2621, -0.1405, 0.0663, -0.0390, 0.3783|4863.8
25|0.6877, -0.8735, -0.2097, -0.1964, -0.1015, 0.0161, -0.0378, 0.3151|25840|0.5891, -0.9924, -0.6996, -0.2383, -0.1421, 0.0594, -0.0381, 0.3652|4597.0
26|0.6329, -1.0000, -0.8069, -0.1865, -0.1404, 0.0161, -0.0378, 0.3817|21980|0.5902, -0.9949, -0.6620, -0.2406, -0.1403, 0.0646, -0.0392, 0.3581|3881.0
27|0.6329, -1.0000, -0.8875, -0.1865, -0.1422, 0.0161, -0.0723, 0.4414|17940|0.6013, -0.9339, -0.6110, -0.2497, -0.1400, 0.0695, -0.0356, 0.3650|4582.8
28|0.6877, -0.8735, -0.2097, -0.1964, -0.1015, 0.0161, -0.0378, 0.3151|25140|0.5960, -0.9671, -0.6207, -0.2528, -0.1346, 0.0721, -0.0301, 0.3491|3895.2
29|0.6877, -0.8735, -0.2097, -0.1964, -0.1015, 0.0161, -0.0378, 0.3151|23000|0.5926, -0.9835, -0.5778, -0.2685, -0.1368, 0.0786, -0.0320, 0.2941|4685.6
30|0.6877, -1.0000, -0.2097, -0.1964, -0.1404, 0.0161, -0.0575, 0.3151|33460|0.6487, -0.9719, -0.5128, -0.2730, -0.1335, 0.0825, -0.0230, 0.2804|4883.8
31|0.6877, -1.0000, -0.2097, -0.1964, -0.1404, 0.0161, -0.0575, 0.3151|33500|0.6752, -0.9782, -0.4456, -0.2919, -0.1353, 0.0882, -0.0250, 0.2776|5253.4
32|0.6877, -1.0000, -0.2097, -0.1964, -0.1404, 0.0161, -0.0575, 0.3151|26000|0.7103, -0.9757, -0.3862, -0.2917, -0.1362, 0.0959, -0.0185, 0.2542|5136.8
