1|-0.2801, -0.5865, -0.8057, -1.0000, 0.4353, -0.1294, 0.3054, -0.8427|1480|0.0943, 0.0191, -0.1505, -0.2104, 0.0821, -0.0691, -0.0930, 0.0013|113.8
2|-0.2801, -0.5865, -0.8057, -1.0000, 0.4353, -0.9213, 0.3054, -0.8427|1920|0.1596, -0.0930, -0.2040, -0.4923, 0.0612, -0.1762, -0.1384, -0.0762|185.0
3|0.0671, -0.9684, -0.7857, -0.6570, 0.1480, 0.9471, 0.0972, -0.7480|1980|0.2089, -0.1506, -0.3404, -0.6242, 0.0578, -0.1463, -0.0279, -0.1836|264.6
4|0.0671, -0.8372, -0.7857, -0.6570, 0.1480, -0.1205, 0.0972, -0.6017|1780|0.2302, -0.2230, -0.5616, -0.7772, 0.0145, -0.2204, 0.1752, -0.3741|327.4
5|0.1104, -1.0000, -0.7160, -1.0000, -0.2464, -0.2304, 1.0000, -0.3539|1840|0.2224, -0.3470, -0.5984, -0.8511, 0.0040, -0.2426, 0.2033, -0.4448|449.6
6|0.0671, -0.8372, -0.7160, -0.6570, 0.1480, -0.2304, 0.0972, -0.9101|2620|0.2156, -0.2787, -0.6810, -0.8834, -0.0526, -0.3129, 0.2105, -0.4113|519.0
7|0.0801, -1.0000, -0.9385, -1.0000, 0.1768, -0.1440, 0.1162, 0.7723|6320|0.2758, -0.3681, -0.7179, -0.8582, -0.0154, -0.2255, 0.0710, -0.3974|736.2
8|0.1104, -1.0000, -0.6022, -0.7847, 0.0608, -0.3628, 0.5218, -0.3705|5240|0.2830, -0.5814, -0.7148, -0.8650, -0.0450, -0.1864, 0.1025, -0.2920|759.0
9|0.1104, -1.0000, -0.7160, -0.7847, 0.1768, -0.1440, 0.1162, 0.7723|7180|0.3028, -0.7343, -0.6671, -0.8750, -0.0907, -0.2106, 0.1344, -0.1795|893.8
10|0.0801, -1.0000, -0.9385, -0.7847, 0.1768, -0.1440, 0.1162, 0.7723|8520|0.2533, -0.8543, -0.7178, -0.8391, -0.1028, -0.1911, 0.1925, -0.1792|1230.6
11|0.0801, -1.0000, -0.9385, -1.0000, -0.0003, 0.1754, -0.9314, -0.3705|3860|0.2350, -0.9280, -0.7514, -0.7616, -0.0817, -0.1584, 0.1667, -0.1533|1003.0
12|0.2452, -1.0000, -0.6022, -0.7847, 0.0608, 0.1048, 0.1162, 0.7723|4260|0.1809, -0.9617, -0.7353, -0.8272, -0.0267, -0.1593, 0.2451, -0.1950|1252.4
13|0.1104, -1.0000, -0.6022, -0.7847, 0.0608, -0.3628, 0.5218, -0.3705|5340|0.1795, -0.9564, -0.7470, -0.8229, -0.0335, -0.1720, 0.2627, -0.1051|1302.8
14|0.1224, -1.0000, -0.7160, -0.7847, -0.2363, -0.3453, 0.1070, 0.8564|5360|0.1983, -0.9651, -0.7477, -0.8165, 0.0144, -0.2297, 0.2731, -0.0271|1182.2
15|1.0000, -1.0000, -0.9385, -0.6570, -0.2464, -0.3453, -0.5614, -0.3705|4900|0.2180, -0.9762, -0.7486, -0.8050, 0.0185, -0.1725, 0.1880, 0.0785|1171.4
16|0.1104, -1.0000, -0.6022, -0.7847, -0.2813, -0.3628, 0.5218, 0.7723|4640|0.2616, -0.9581, -0.7569, -0.7979, 0.0006, -0.2346, 0.2009, 0.0497|1278.6
17|0.2452, -1.0000, -0.9385, -0.7847, -0.3608, -0.1440, 0.1162, 0.6409|6740|0.2865, -0.9376, -0.7801, -0.7878, -0.0150, -0.2198, 0.2183, 0.1029|1312.8
18|1.0000, -1.0000, -0.9385, -0.6570, -0.2464, -0.3453, -0.5614, -0.3705|4980|0.2819, -0.9746, -0.7717, -0.7783, -0.0384, -0.2259, 0.2155, 0.3109|1335.0
19|0.2452, -1.0000, -0.7160, -0.7847, 0.0608, -0.0543, 0.5218, -0.1234|9700|0.2846, -0.9934, -0.7753, -0.7700, -0.0281, -0.2447, 0.1882, 0.3501|1498.8
20|0.0671, -1.0000, -0.7160, -0.7847, 0.0608, -0.1440, 0.5218, 0.7723|6420|0.3345, -0.9760, -0.7866, -0.7245, -0.0683, -0.2243, 0.1138, 0.3816|1383.8
21|1.0000, -1.0000, -0.9385, -0.7847, 0.0608, -0.3453, 0.5218, 0.6409|8580|0.3166, -0.9991, -0.7540, -0.7547, -0.0757, -0.1825, 0.1265, 0.4214|1656.0
22|1.0000, -1.0000, -0.6022, -0.7847, -0.2813, -0.3628, 0.5218, 0.7723|7460|0.3613, -0.9994, -0.7651, -0.7605, -0.0560, -0.1912, 0.2142, 0.5009|1528.6
23|1.0000, -1.0000, -0.6022, -0.7847, -0.2813, -0.1440, 0.1070, 0.7723|7940|0.4743, -1.0000, -0.7747, -0.7588, -0.0515, -0.2123, 0.2873, 0.4947|1480.8
24|1.0000, -1.0000, -0.9385, -0.7847, 0.1768, -0.1440, 0.5218, 0.7723|7960|0.5572, -0.9997, -0.7367, -0.7266, -0.0853, -0.2201, 0.2878, 0.4765|1680.4
25|0.1104, -1.0000, -0.7857, -0.6570, 0.0608, -0.3628, -0.1737, -0.3225|5780|0.5762, -1.0000, -0.7475, -0.7522, -0.0911, -0.2221, 0.3404, 0.5258|1718.2
26|1.0000, -1.0000, -0.6022, -0.6570, -0.3091, -0.3864, -0.5614, 0.6409|9260|0.5837, -0.9917, -0.7575, -0.7604, -0.1229, -0.2220, 0.3165, 0.5411|1785.6
27|1.0000, -1.0000, -0.6022, -0.7847, 0.0608, -0.3906, -0.5614, 0.6409|6800|0.6101, -1.0000, -0.7390, -0.7656, -0.0808, -0.1883, 0.2456, 0.5933|1808.2
28|1.0000, -1.0000, -0.6022, -0.7847, -0.2813, -0.1440, 0.1070, 0.6409|7380|0.6490, -1.0000, -0.7297, -0.7720, -0.0643, -0.1747, 0.2355, 0.6318|1803.6
29|1.0000, -1.0000, -0.6022, -0.7847, -0.2813, -0.1440, 0.1070, 0.6409|8600|0.6097, -1.0000, -0.7212, -0.7771, -0.1145, -0.1734, 0.2368, 0.6759|1912.2
30|1.0000, -1.0000, -0.8633, -0.7847, -0.2813, -0.1440, 0.1070, 0.8564|4740|0.6806, -1.0000, -0.7223, -0.7783, -0.1101, -0.1577, 0.2706, 0.6750|1825.2
31|1.0000, -1.0000, -0.7160, -0.7847, -0.2363, -0.1440, 0.5786, 0.6409|6360|0.6907, -1.0000, -0.7305, -0.7783, -0.1163, -0.1484, 0.2738, 0.6588|1840.8
32|0.2452, -1.0000, -0.7160, -0.7847, 0.0608, 0.1048, 0.1070, 0.7723|5880|0.7627, -1.0000, -0.7135, -0.7783, -0.1437, -0.1694, 0.1869, 0.6474|1828.0
