1|0.8866, -0.6634, -0.9082, -0.3038, 0.2843, -0.2184, 1.0000, 0.5357|2520|-0.0407, -0.1209, -0.1842, -0.1816, 0.0354, -0.0866, -0.0550, 0.0965|205.0
2|0.5035, -1.0000, -0.3597, -0.3653, -0.8137, -0.9093, -0.7605, 0.1899|1700|0.0847, -0.1648, -0.3502, -0.5057, -0.0927, -0.3258, -0.0375, 0.1147|289.2
3|0.8809, -0.3376, -0.4615, -0.6876, -0.3071, -0.4797, 0.0680, 0.6591|3100|0.0773, -0.3112, -0.3771, -0.6605, -0.2074, -0.3839, -0.1976, 0.1263|467.8
4|0.6403, -1.0000, -0.4002, -0.7270, -0.4096, -0.5273, -0.9294, 0.9005|2720|0.1919, -0.5708, -0.4072, -0.6755, -0.3191, -0.4176, -0.2944, 0.0544|635.2
5|-0.4771, -1.0000, -0.8197, -0.7012, 0.5662, -0.7577, 0.5154, -0.2989|6660|0.2705, -0.5196, -0.4000, -0.6164, -0.2227, -0.4666, -0.3143, 0.0949|726.0
6|0.4738, -1.0000, -0.7644, -0.3653, -0.1703, -0.9093, -0.9294, -0.0517|3120|0.3302, -0.5269, -0.4326, -0.6373, -0.2110, -0.4312, -0.3899, 0.1550|731.8
7|0.3305, -1.0000, -0.4002, -0.1869, -0.4096, -0.7577, -0.9294, -0.0517|5460|0.3540, -0.7429, -0.4787, -0.5182, -0.2819, -0.5916, -0.4177, 0.1892|813.8
8|0.3305, -1.0000, -0.4002, -0.1869, -0.0062, -0.7577, -0.3596, -0.1041|4820|0.4012, -0.7840, -0.4610, -0.4994, -0.3348, -0.6405, -0.4525, 0.2357|1132.2
9|0.4738, -1.0000, -0.7644, -0.3653, -0.1703, -0.9093, -0.9294, -0.0517|5060|0.3984, -0.8593, -0.4547, -0.4461, -0.3209, -0.6252, -0.3647, 0.2375|1170.6
10|0.4738, -1.0000, -0.7644, -0.1869, -0.1703, -0.7577, -0.5575, -0.0517|3980|0.3346, -0.9023, -0.4684, -0.3068, -0.3362, -0.6112, -0.3314, 0.2323|1005.4
11|0.3305, -1.0000, -0.4002, -0.1869, -0.2957, -0.9093, -0.0915, -0.0517|5800|0.3723, -0.9268, -0.4471, -0.3466, -0.3537, -0.7190, -0.3450, 0.0811|1390.2
12|0.4738, -1.0000, -0.3597, -0.3653, -0.3357, 0.0479, 0.0680, -0.0517|4680|0.3478, -0.9575, -0.4658, -0.2911, -0.3618, -0.7476, -0.3722, 0.0112|1484.4
13|0.4738, -1.0000, -0.3597, -0.3653, -0.3357, 0.0479, 0.0680, -0.0517|6200|0.3130, -0.9789, -0.3803, -0.2576, -0.3600, -0.7615, -0.2741, 0.0113|1320.8
14|0.3305, -1.0000, -0.4002, -0.1869, -0.3233, 0.0479, -0.0915, -0.1041|9500|0.3188, -0.9425, -0.3876, -0.2295, -0.3540, -0.7196, -0.2428, 0.0280|1496.2
15|0.1079, -1.0000, -0.4444, -0.1869, -0.4096, -0.7577, -0.3596, 0.1269|4700|0.2941, -0.9102, -0.3991, -0.2470, -0.3506, -0.6745, -0.2003, 0.0435|1283.0
16|0.4738, -1.0000, -0.3597, -0.3653, -0.3357, 0.0479, 0.0680, -0.0517|5460|0.3048, -0.9070, -0.4332, -0.2552, -0.3630, -0.7040, -0.1570, 0.0645|1509.8
17|0.4738, -1.0000, -0.3597, -0.3653, -0.3357, 0.0479, 0.0680, -0.0517|7040|0.3505, -0.9769, -0.4264, -0.2304, -0.3735, -0.6528, -0.1571, -0.0038|1705.0
18|0.4738, -1.0000, -0.4002, -0.1869, -0.3357, 0.0479, -0.0915, -0.0517|8640|0.3645, -0.9908, -0.4001, -0.2333, -0.3532, -0.5670, -0.1168, 0.0375|1659.0
19|0.3305, -1.0000, -0.7644, -0.3653, -0.1703, 0.0479, -0.0915, -0.1041|7460|0.3418, -0.9890, -0.3845, -0.2334, -0.3695, -0.5302, -0.1198, -0.0024|1743.4
20|0.4738, -1.0000, -0.4002, -0.1869, -0.3357, 0.0479, -0.0915, -0.0517|17080|0.3557, -1.0000, -0.3878, -0.2552, -0.3379, -0.4306, -0.0982, -0.0018|2821.0
21|0.3305, -1.0000, -0.0799, -0.1869, -0.2546, 0.0479, -0.0915, -0.1041|17400|0.3345, -1.0000, -0.3855, -0.2507, -0.3435, -0.2519, -0.0682, -0.0029|2329.4
22|0.4738, -1.0000, -0.2125, -0.1869, -0.3357, 0.0479, 0.0680, 0.1269|23020|0.3493, -1.0000, -0.3855, -0.2970, -0.3265, -0.1822, -0.0326, 0.0018|2887.8
23|0.5035, -1.0000, -0.2125, -0.1869, -0.2293, 0.0479, 0.0680, -0.0517|27080|0.4235, -0.9342, -0.4053, -0.3488, -0.3923, -0.0828, 0.0009, -0.0179|2891.4
24|0.3305, -1.0000, -0.0799, -0.1869, -0.2546, 0.0479, -0.0915, -0.1041|22200|0.3863, -0.9515, -0.3658, -0.2864, -0.3641, -0.0839, 0.0066, -0.0325|2723.0
25|0.3305, -1.0000, -0.0799, -0.1869, -0.2546, 0.0479, -0.0915, -0.1041|21880|0.4102, -0.9734, -0.3439, -0.2846, -0.3360, -0.0210, 0.0010, -0.0272|3566.2
26|0.4738, -1.0000, -0.2125, -0.1869, -0.3357, 0.0479, 0.0067, -0.0517|28780|0.3944, -0.9918, -0.3064, -0.2797, -0.3240, -0.0069, 0.0036, -0.0172|4026.2
27|0.5035, -1.0000, -0.0799, -0.1869, -0.2293, 0.0479, -0.0915, -0.0517|20100|0.3868, -1.0000, -0.2836, -0.2550, -0.3213, 0.0147, -0.0243, -0.0424|4699.4
28|0.4738, -1.0000, -0.2125, -0.1869, -0.0598, 0.0479, 0.0680, -0.0517|46900|0.3905, -1.0000, -0.2534, -0.2394, -0.2659, 0.0426, -0.0114, -0.0547|5354.6
29|0.4738, -1.0000, -0.0799, -0.1869, -0.3233, 0.0479, -0.0915, -0.0517|46200|0.3759, -1.0000, -0.2188, -0.2176, -0.2485, 0.0422, -0.0182, -0.0588|5809.8
30|0.5035, -1.0000, -0.0799, -0.1869, -0.2293, 0.0479, -0.0915, -0.0517|42500|0.4023, -1.0000, -0.1847, -0.2004, -0.2630, 0.0443, -0.0352, -0.0621|6714.4
31|0.5035, -1.0000, -0.0799, -0.1869, -0.3233, 0.0479, 0.0680, -0.1041|22880|0.4136, -1.0000, -0.1811, -0.1869, -0.2510, 0.0424, -0.0321, -0.0590|6446.4
32|0.5035, -1.0000, -0.3597, -0.1869, -0.0115, 0.0479, 0.0680, -0.0517|33460|0.4120, -1.0000, -0.1584, -0.1869, -0.2315, 0.0446, -0.0324, -0.0563|9804.0
