1|0.2605, -1.0000, -0.9718, -0.8150, -0.6645, -0.0806, -0.2224, 0.2498|4060|0.0373, -0.2360, -0.0490, -0.0852, -0.0720, 0.0534, -0.0835, 0.1429|246.8
2|1.0000, -0.9372, -0.2171, -0.2168, -0.4971, -0.8437, 0.1310, 0.6840|2100|0.1436, -0.3058, -0.1806, -0.1242, -0.2272, -0.0178, -0.2140, 0.1169|277.8
3|0.5096, -1.0000, -0.5362, -0.2248, -0.1441, -0.0463, -0.4355, -0.1808|3120|0.0841, -0.4451, -0.2765, -0.1490, -0.2976, 0.0149, -0.1310, 0.0190|276.0
4|0.2605, -1.0000, -0.9718, -0.1808, -0.6645, -0.0806, -0.1021, 0.0839|4480|0.2761, -0.6548, -0.4492, -0.3205, -0.3521, -0.0301, -0.2486, 0.1560|593.2
5|-0.1595, -1.0000, -0.9718, -0.1808, -0.6645, -0.0806, -0.1021, 0.0839|4120|0.2825, -0.6551, -0.6691, -0.4247, -0.3832, -0.0555, -0.3391, 0.0847|833.8
6|1.0000, -1.0000, -0.5362, -0.1808, 0.0571, -0.0806, -0.1021, 0.0283|7300|0.2823, -0.8042, -0.7233, -0.3849, -0.4380, -0.1184, -0.3682, 0.1336|976.6
7|1.0000, -1.0000, -0.5362, -0.1808, 0.0571, -0.0806, -0.1021, 0.0283|10940|0.3594, -0.8885, -0.7375, -0.3697, -0.4267, -0.0955, -0.3438, 0.0912|1279.4
8|0.6314, -1.0000, -0.9718, -0.1808, -0.1786, -0.0806, -0.1021, 0.0839|9320|0.3503, -0.7696, -0.5969, -0.4217, -0.3727, -0.0822, -0.2664, 0.0668|1213.0
9|0.4222, -1.0000, -0.4443, -0.1808, 0.0164, 0.1882, 0.1325, 0.0839|16060|0.3410, -0.9445, -0.7168, -0.4232, -0.2584, -0.0972, -0.1312, 0.0365|1908.0
10|0.4222, -0.9644, -1.0000, -0.1863, -0.1194, -0.0383, -0.2627, 0.0864|12840|0.3993, -0.9731, -0.8305, -0.2821, -0.2216, -0.0838, -0.2043, 0.0363|1792.8
11|1.0000, -1.0000, -0.9718, -0.1808, -0.1786, -0.0806, -0.3609, 0.0283|19940|0.4042, -0.9806, -0.7917, -0.2636, -0.2095, -0.0634, -0.1225, 0.0489|1770.6
12|0.7484, -1.0000, -0.4975, -0.1353, 0.0122, 0.1408, 0.1276, 0.0219|17860|0.3881, -0.9780, -0.7297, -0.2572, -0.2271, -0.1318, -0.1446, 0.0193|1669.2
13|0.4222, -1.0000, -0.4443, -0.1808, 0.0164, 0.1882, -0.0244, 0.0839|21680|0.4263, -0.9471, -0.8043, -0.2316, -0.1704, -0.1391, -0.0940, 0.0179|2271.4
14|0.0356, -1.0000, -0.6648, -0.1808, -0.0046, 0.0733, -0.0521, 0.0839|24800|0.4413, -0.8843, -0.7710, -0.2421, -0.0962, -0.0335, -0.0566, -0.0102|2302.0
15|0.0356, -1.0000, -0.6648, -0.1808, -0.0046, 0.0733, -0.0521, 0.0839|20980|0.4602, -0.9573, -0.6447, -0.2641, -0.0611, -0.0011, -0.0088, -0.0484|2757.6
16|0.0356, -1.0000, -0.6648, -0.1808, -0.0046, 0.0733, -0.0521, 0.0839|20860|0.4353, -0.9736, -0.7570, -0.2915, -0.0778, -0.0048, 0.0078, -0.0478|3285.2
17|0.3842, -1.0000, -0.4443, -0.1695, 0.0164, -0.0349, 0.1276, 0.0628|44720|0.4950, -0.8613, -0.8161, -0.2308, -0.0779, 0.0052, 0.0531, 0.0009|3856.4
18|0.4222, -1.0000, -0.8515, -0.1808, -0.0068, -0.0449, 0.1595, 0.0219|21000|0.4631, -0.9749, -0.7969, -0.2299, -0.0778, 0.0057, 0.0588, 0.0097|3912.6
19|0.3536, -1.0000, -0.6193, -0.1808, -0.0564, -0.0349, -0.0744, 0.0864|14860|0.4752, -0.9375, -0.8113, -0.1736, -0.0610, 0.0107, 0.0393, 0.0471|3312.0
20|0.3536, -1.0000, -0.6193, -0.1808, -0.0564, -0.0349, -0.0744, 0.0864|20560|0.4925, -0.9255, -0.7811, -0.1846, -0.0809, 0.0186, 0.0298, 0.0683|3465.0
21|0.3842, -1.0000, -0.8515, -0.1844, -0.1087, -0.0349, -0.0390, 0.0628|25720|0.4903, -0.9377, -0.7283, -0.1684, -0.0741, 0.0166, 0.0109, 0.0673|3745.2
22|0.3536, -1.0000, -0.6193, -0.1808, -0.0068, 0.0369, -0.0744, 0.0839|29100|0.4406, -0.9611, -0.6803, -0.2154, -0.0523, -0.0005, -0.0023, 0.0737|4203.4
23|0.3842, -1.0000, -0.9098, -0.1808, -0.0068, 0.0733, -0.2400, 0.0874|32060|0.4330, -0.9738, -0.7349, -0.1999, -0.0287, 0.0148, 0.0029, 0.0765|5575.6
24|0.4222, -1.0000, -0.6648, -0.1490, -0.0564, 0.0733, -0.0744, 0.0839|50140|0.4647, -0.9768, -0.7581, -0.2047, -0.0249, 0.0018, -0.0271, 0.0793|6054.6
25|0.3536, -1.0000, -0.8515, -0.1808, 0.0100, -0.0390, -0.0520, 0.1088|44000|0.4506, -0.9602, -0.7492, -0.1773, -0.0256, 0.0035, -0.0432, 0.0841|7655.8
26|0.3536, -1.0000, -0.6785, -0.1286, -0.0564, -0.0349, -0.0744, 0.0839|33580|0.4543, -1.0000, -0.7136, -0.1646, -0.0280, 0.0116, -0.0573, 0.0860|6266.0
27|0.3842, -1.0000, -0.6193, -0.1808, -0.0068, -0.0390, -0.0520, 0.1088|53340|0.3853, -1.0000, -0.7038, -0.1658, -0.0284, 0.0151, -0.0590, 0.0879|7311.8
28|0.3536, -1.0000, -0.0614, -0.1490, -0.0068, -0.0390, 0.1310, 0.0839|110720|0.3907, -1.0000, -0.6627, -0.1669, -0.0206, 0.0151, -0.0569, 0.0906|8695.4
29|0.4222, -1.0000, -0.0614, -0.1808, -0.0564, 0.0733, 0.1310, 0.0839|228980|0.3970, -1.0000, -0.6059, -0.1624, -0.0227, 0.0134, -0.0253, 0.0872|14892.6
30|0.3536, -1.0000, -0.0614, -0.1490, -0.0564, -0.0349, -0.0521, 0.0839|298700|0.3911, -1.0000, -0.4850, -0.1649, -0.0232, 0.0135, -0.0006, 0.0866|26405.6
31|0.3536, -1.0000, -0.0614, -0.1490, -0.0564, -0.0349, -0.0521, 0.0839|194200|0.3938, -1.0000, -0.3230, -0.1663, -0.0207, 0.0025, 0.0219, 0.0860|25046.0
32|0.3842, -1.0000, -0.0614, -0.1083, -0.0068, -0.0390, -0.0520, 0.0839|272400|0.4178, -1.0000, -0.2242, -0.1658, -0.0238, 0.0089, 0.0370, 0.0895|42067.6
