1|-0.1778, -0.8140, -0.9907, -1.0000, 0.4990, -0.6110, -0.9864, 0.2692|1760|-0.1892, -0.0612, -0.1025, -0.1189, -0.0309, 0.0380, -0.1131, -0.2217|93.6
2|-0.1778, -0.8140, -0.9907, -1.0000, -0.2000, -0.6110, -0.9864, 0.2692|1620|-0.1039, -0.1124, -0.2327, -0.2282, -0.0704, -0.0704, -0.2078, -0.0677|139.0
3|0.6790, 0.8074, -0.9854, -0.7672, 0.1506, 0.0480, -0.7301, 0.1665|760|-0.1207, -0.2106, -0.2279, -0.2585, -0.2349, -0.1786, -0.2125, -0.1285|119.2
4|-0.4739, -1.0000, -0.6977, -0.7256, -0.2043, -0.2921, 0.2384, 0.3813|2600|-0.1661, -0.3091, -0.2811, -0.4830, -0.3123, -0.2155, -0.3051, -0.0446|284.8
5|-0.4739, -1.0000, -0.6977, -0.7256, -0.2043, -0.2921, 0.2384, 0.3813|2560|-0.1577, -0.3718, -0.3326, -0.6063, -0.3821, -0.2754, -0.2967, -0.0108|433.4
6|0.1147, -0.4092, -0.6977, -0.7256, -0.2043, -0.0047, -0.4777, 1.0000|3200|-0.0997, -0.5597, -0.3050, -0.6280, -0.3657, -0.3550, -0.2442, -0.0257|375.8
7|0.6890, -0.8140, -1.0000, -0.2943, 0.1629, -0.0584, 0.0199, 0.1716|10080|-0.0078, -0.5799, -0.3981, -0.5729, -0.3820, -0.2962, -0.2089, -0.0003|566.8
8|0.4613, -1.0000, -1.0000, -0.7786, 0.2729, -0.5126, 0.2384, 0.3813|7900|0.1000, -0.5644, -0.4552, -0.5569, -0.2970, -0.3023, -0.1433, 0.0884|610.0
9|0.4613, -0.6440, -1.0000, -0.7786, 0.2729, -0.5126, 0.4741, 0.1689|5740|0.1917, -0.6326, -0.5258, -0.7075, -0.1851, -0.3519, -0.0688, 0.0943|720.2
10|0.4613, -1.0000, -1.0000, -0.7786, 0.2729, -0.5126, 0.0199, -0.0381|4460|0.2560, -0.6386, -0.5389, -0.6559, -0.0651, -0.3356, -0.0935, 0.0956|839.2
11|0.4613, -1.0000, -1.0000, -0.7786, 0.2729, -0.5126, 0.0199, -0.0119|4060|0.3022, -0.6708, -0.5639, -0.6833, -0.0130, -0.2978, 0.0579, -0.0028|863.0
12|0.6890, -1.0000, -0.1139, -0.0478, -0.0629, -0.3243, -0.1249, -0.6302|3940|0.2669, -0.6882, -0.4398, -0.5981, 0.0081, -0.3373, -0.0251, -0.0421|736.8
13|0.4613, -1.0000, -1.0000, -0.7786, -0.0484, 0.0836, 0.1224, 0.1689|5200|0.2207, -0.7078, -0.5903, -0.5374, 0.0483, -0.3188, 0.0122, -0.0089|748.6
14|0.5375, -1.0000, -0.6565, -0.9565, 0.3934, -0.1321, 0.4741, 0.2325|4560|0.2553, -0.8109, -0.6002, -0.7248, 0.0966, -0.2839, 0.0395, 0.0659|1070.2
15|-0.1199, -1.0000, -0.1139, -0.0478, -0.0629, -0.3243, 0.1224, -0.6302|3880|0.2615, -0.8065, -0.6304, -0.7073, 0.1204, -0.2397, 0.1284, 0.0608|1042.8
16|0.4613, -1.0000, -0.1139, -0.0478, -0.1369, -0.5126, -0.1897, 0.0029|10660|0.2753, -0.8635, -0.6143, -0.6348, 0.0471, -0.2909, 0.1470, 0.0400|1261.2
17|0.4672, -1.0000, -0.4798, -0.3748, 0.1940, -0.0171, 0.2797, 0.1886|8860|0.2955, -0.9244, -0.6145, -0.6005, 0.1201, -0.2714, 0.2033, 0.0516|1406.4
18|0.4672, -1.0000, -0.4798, -0.3748, 0.1940, -0.0171, 0.2797, 0.1886|8840|0.3266, -0.8760, -0.6034, -0.5797, 0.1311, -0.2293, 0.2352, 0.0900|1321.4
19|0.4672, -1.0000, -0.4798, -0.3748, 0.1940, -0.0171, 0.2797, 0.1886|9180|0.3217, -0.9795, -0.5229, -0.6189, 0.1239, -0.1469, 0.3063, 0.0325|1524.6
20|0.4423, -1.0000, -0.0629, -0.4669, 0.1528, 0.1203, 0.0340, 0.2325|8260|0.3709, -0.9922, -0.5270, -0.6175, 0.1156, -0.0998, 0.2973, 0.0531|1746.2
21|0.4672, -1.0000, -0.1260, -0.3748, 0.1940, -0.0171, 0.2797, 0.0120|15380|0.4151, -0.9899, -0.4819, -0.5932, 0.1198, -0.0806, 0.3005, 0.0459|1974.4
22|0.4672, -1.0000, -0.1260, -0.3748, 0.1940, -0.0171, 0.2797, 0.0120|14580|0.4257, -0.9800, -0.4313, -0.5502, 0.1262, -0.0632, 0.2269, 0.0600|2488.0
23|0.8465, -1.0000, -0.1260, -0.3748, 0.1528, 0.0630, 0.0340, 0.2325|36680|0.4721, -1.0000, -0.3659, -0.5186, 0.1422, -0.0744, 0.2362, 0.0731|3096.0
24|0.8465, -1.0000, -0.1260, -0.3748, 0.1528, 0.0630, 0.0340, 0.2325|35140|0.4298, -0.9967, -0.2865, -0.4763, 0.1458, -0.0239, 0.1980, 0.0656|3717.6
25|0.8465, -1.0000, -0.0629, -0.3748, 0.1940, -0.0171, 0.0340, 0.0120|24720|0.4175, -1.0000, -0.2333, -0.4377, 0.1288, -0.0109, 0.1812, 0.0929|4152.0
26|0.8465, -1.0000, -0.1260, -0.3748, 0.1528, 0.0630, 0.0340, 0.2325|53880|0.4517, -0.9994, -0.2005, -0.3813, 0.1384, -0.0019, 0.1801, 0.0932|5055.2
27|0.4613, -1.0000, -0.0629, -0.3748, 0.1940, 0.0630, 0.0340, 0.2325|32720|0.4648, -0.9996, -0.1732, -0.4041, 0.1245, 0.0027, 0.1863, 0.1144|5598.2
28|0.8465, -1.0000, -0.1260, -0.3748, 0.1528, 0.0630, 0.0340, 0.2325|35660|0.5633, -0.9990, -0.1615, -0.3999, 0.1461, 0.0129, 0.1607, 0.1301|6561.8
29|0.4613, -1.0000, -0.1260, -0.3748, 0.1940, -0.0171, 0.2797, 0.1536|51800|0.6056, -0.5965, -0.1354, -0.3884, 0.1343, 0.0248, 0.1314, 0.1569|7007.6
30|0.4613, -1.0000, -0.1040, -0.3093, 0.1261, 0.0520, 0.0340, 0.2325|35140|0.5981, -0.9624, -0.1231, -0.3612, 0.1378, 0.0213, 0.1255, 0.1534|6000.2
31|0.4613, -1.0000, -0.1040, -0.3093, 0.1261, 0.0520, 0.0340, 0.2325|56380|0.5983, -0.9812, -0.1201, -0.3721, 0.1252, 0.0279, 0.1324, 0.1612|7324.0
32|1.0000, -1.0000, -0.1040, -0.3093, 0.1528, 0.0630, 0.0281, 0.2087|53860|0.5850, -0.9851, -0.1215, -0.3660, 0.1403, 0.0268, 0.1423, 0.1594|9514.4
