1|-1.0000, 0.9584, -0.9042, -0.5833, -0.5086, -1.0000, 0.8708, 0.3322|1060|0.1360, 0.1509, -0.2035, -0.1369, -0.0233, -0.2771, 0.0419, -0.0425|139.0
2|0.2606, 0.6083, -1.0000, -0.6813, -0.5086, -0.8269, 0.1782, -0.1627|1300|0.3051, 0.1545, -0.3472, -0.2978, -0.0557, -0.3123, 0.1382, -0.2147|239.8
3|1.0000, -0.3160, -0.3275, -0.4579, -0.4578, -0.6547, 0.7118, -0.2253|1620|0.4577, 0.2107, -0.3608, -0.4703, -0.1584, -0.4674, 0.1722, -0.1558|330.0
4|1.0000, -0.9829, -0.9042, -0.8051, -0.1888, -0.0770, -0.6606, -0.1951|5960|0.5995, 0.0810, -0.5066, -0.5424, -0.0805, -0.6031, 0.1873, -0.0305|562.6
5|1.0000, -0.3160, -0.4666, -0.4579, 0.0274, -0.6547, 0.7118, -0.2253|2460|0.7863, -0.0083, -0.5040, -0.5504, -0.1115, -0.5289, 0.1612, -0.0345|686.4
6|1.0000, -0.9829, -0.3275, -0.3073, -0.4578, -0.0770, -0.6606, -0.4765|3240|0.8007, -0.1704, -0.5407, -0.5254, -0.1586, -0.5145, 0.1331, -0.0842|720.8
7|1.0000, -0.9829, -0.3275, -0.3073, -0.4578, -0.0770, -0.6606, -0.4765|3760|0.8576, -0.3417, -0.5385, -0.4966, -0.1450, -0.4583, 0.0066, -0.0669|893.8
8|1.0000, -0.9829, -0.3275, -0.3073, -0.4578, -0.0770, -0.6606, -0.4765|4240|0.8482, -0.4496, -0.4860, -0.4551, -0.1893, -0.4129, -0.0400, -0.1404|965.0
9|1.0000, -0.9829, -0.3275, -0.3073, -0.4578, -0.0770, -0.6606, -0.4765|3480|0.7885, -0.6625, -0.4437, -0.4225, -0.1922, -0.3802, 0.0700, -0.1820|1070.0
10|1.0000, -0.9829, -0.4666, -0.3073, -0.0185, -0.0770, 0.3197, -0.2253|7980|0.8827, -0.7148, -0.4335, -0.3800, -0.2127, -0.3365, 0.1773, -0.2016|1341.0
11|1.0000, -1.0000, -0.4666, -0.4579, -0.0185, -0.0783, 0.3253, -0.1167|10200|0.8712, -0.8231, -0.3959, -0.3632, -0.2247, -0.2318, 0.1671, -0.2291|1771.8
12|1.0000, -0.9829, -0.4666, -0.4579, -0.0185, -0.0783, 0.3197, -0.4848|10780|0.8612, -0.8689, -0.4060, -0.3761, -0.2521, -0.1972, 0.1587, -0.2346|1697.2
13|1.0000, -0.9829, -0.4666, -0.4579, -0.0185, -0.0783, 0.3253, -0.0506|11140|0.8504, -0.8948, -0.4153, -0.3730, -0.2401, -0.1701, 0.1050, -0.2792|1764.6
14|1.0000, -0.9829, -0.4666, -0.4579, -0.0185, -0.0783, 0.3197, -0.4848|10340|0.7494, -0.9352, -0.3924, -0.3635, -0.2219, -0.1542, 0.1393, -0.2817|1715.8
15|1.0000, -0.9829, -0.3275, -0.4579, -0.4578, 0.1009, 0.7118, -0.2253|8740|0.8602, -0.9589, -0.3802, -0.3641, -0.1842, -0.1190, 0.0664, -0.2440|2074.8
16|0.6023, -1.0000, -0.4666, -0.4579, -0.0185, -0.0783, 0.3197, -0.0885|9800|0.8766, -0.9767, -0.3918, -0.3749, -0.1271, -0.1092, 0.1250, -0.2325|2344.0
17|0.6023, -1.0000, -0.4666, -0.4579, -0.0185, -0.0783, 0.3197, -0.0885|14120|0.8685, -0.9892, -0.4036, -0.3915, -0.0889, -0.0984, 0.1226, -0.2164|2653.0
18|1.0000, -1.0000, -0.4666, -0.3073, -0.0185, -0.0783, 0.3197, -0.0506|13780|0.8518, -0.9875, -0.3897, -0.3943, -0.0665, -0.0657, 0.1778, -0.2157|2996.2
19|1.0000, -1.0000, -0.3275, -0.3073, -0.0185, 0.0064, 0.3197, -0.0885|14140|0.8767, -0.9887, -0.3963, -0.3960, -0.0672, -0.0619, 0.1945, -0.1728|2681.8
20|1.0000, -0.9829, -0.4666, -0.4579, -0.0185, -0.0770, 0.3197, -0.0885|12840|0.8967, -0.9909, -0.4047, -0.3988, -0.0640, -0.0516, 0.2491, -0.1305|2971.4
21|1.0000, -0.9829, -0.4666, -0.3073, -0.0185, -0.0783, 0.3197, -0.0506|15520|0.8967, -0.9327, -0.3977, -0.3954, -0.0431, -0.0589, 0.3115, -0.1051|3379.4
22|1.0000, -0.9829, -0.4666, -0.3073, -0.0185, -0.0783, 0.3197, -0.0885|12360|0.8798, -0.9935, -0.4123, -0.3932, -0.0384, -0.0603, 0.3128, -0.0957|3583.6
23|1.0000, -0.9829, -0.3889, -0.4579, -0.0185, -0.0783, 0.3197, -0.0506|14480|0.9135, -0.9942, -0.4129, -0.3892, -0.0458, -0.0556, 0.3218, -0.1000|3804.6
24|1.0000, -1.0000, -0.3275, -0.3073, -0.0185, 0.0064, 0.3197, -0.0885|16200|0.9321, -0.9947, -0.4132, -0.3867, -0.0318, -0.0475, 0.3023, -0.0651|3569.8
25|1.0000, -1.0000, -0.3275, -0.3073, -0.0185, 0.0064, 0.3197, -0.0885|18860|0.9206, -0.9954, -0.4003, -0.3859, -0.0187, -0.0536, 0.2877, -0.0675|3818.2
26|0.6023, -1.0000, -0.3889, -0.4579, -0.0185, -0.0783, 0.3197, -0.0885|12160|0.8969, -0.9882, -0.3960, -0.3761, -0.0186, -0.0434, 0.2956, -0.0569|3805.4
27|1.0000, -1.0000, -0.3275, -0.3849, -0.0185, -0.0783, 0.3197, 0.1138|17060|0.9490, -0.9961, -0.3847, -0.3770, -0.0188, -0.0341, 0.3170, -0.0542|3772.6
28|1.0000, -1.0000, -0.3889, -0.3073, -0.0185, 0.0064, 0.3197, -0.0885|24240|0.9456, -0.9959, -0.3781, -0.3759, -0.0184, -0.0349, 0.3166, -0.0358|3350.4
29|1.0000, -1.0000, -0.3275, -0.3073, -0.0185, 0.0064, 0.3197, -0.0885|13080|0.9485, -0.9957, -0.3750, -0.3632, -0.0187, -0.0300, 0.3160, -0.0419|3983.0
30|1.0000, -1.0000, -0.4666, -0.4579, -0.0185, -0.0783, 0.3197, 0.1138|21540|0.9395, -0.9950, -0.3758, -0.3580, -0.0185, -0.0338, 0.3159, -0.0359|4488.0
31|1.0000, -0.9829, -0.3176, -0.2510, -0.0185, -0.0770, 0.3197, 0.1138|12060|0.9485, -0.9954, -0.3671, -0.3538, -0.0187, -0.0323, 0.3172, -0.0229|3824.4
32|1.0000, -1.0000, -0.3554, -0.3073, -0.0185, 0.0064, 0.3197, 0.1138|22740|0.9423, -0.9933, -0.3661, -0.3487, -0.0185, -0.0414, 0.3153, 0.0039|4576.0
