1|0.4816, -1.0000, -0.7226, -0.4852, -0.4455, -0.5486, -0.5950, -0.5718|2180|-0.0725, -0.0249, -0.0711, -0.1786, 0.1909, -0.1727, -0.1478, -0.0349|109.8
2|0.4816, -1.0000, -0.7226, -0.4852, -0.4455, -0.5486, -0.5950, -0.5718|3720|-0.0898, -0.1585, -0.2687, -0.3671, 0.1052, -0.2997, -0.2268, -0.1502|240.4
3|0.9993, -1.0000, -0.7226, -0.6529, -0.4455, 0.6773, -0.2820, -0.9527|3240|0.1698, -0.2117, -0.2689, -0.4431, -0.0929, -0.3779, -0.0859, -0.3024|282.4
4|0.3611, -0.4934, -1.0000, -0.4280, 0.0287, 0.3760, 0.1694, 1.0000|3100|0.2872, -0.2754, -0.4102, -0.4925, -0.0828, -0.3762, 0.1331, -0.2724|391.0
5|0.7087, -1.0000, -0.4516, -0.4852, -0.2750, -0.5831, -0.5950, -0.5718|2080|0.3629, -0.3829, -0.4408, -0.4268, -0.1301, -0.4241, 0.0075, -0.2948|421.4
6|0.7087, -1.0000, -0.4516, -0.4852, -0.2750, -0.5831, -0.6015, -0.5718|3300|0.4216, -0.5733, -0.4028, -0.4506, -0.1849, -0.5092, -0.2553, -0.3960|658.0
7|0.2842, -1.0000, -0.4516, -0.0940, -0.4455, -0.5831, -0.4901, 0.2815|2400|0.6230, -0.7035, -0.1348, -0.4575, -0.2340, -0.5484, -0.2965, -0.5201|458.2
8|0.4816, -1.0000, -0.7226, -0.0940, -0.4455, -0.8413, -0.5950, -0.7337|4120|0.6491, -0.6145, -0.3215, -0.4575, -0.2758, -0.5667, -0.2782, -0.5108|767.4
9|0.7087, -1.0000, -0.4516, -0.4852, -0.2750, -0.5831, -0.6015, 0.2815|5720|0.6693, -0.7461, -0.4086, -0.4405, -0.3088, -0.5261, -0.3365, -0.4129|1010.4
10|0.7087, -1.0000, -0.1703, -0.0940, -0.2895, -0.5831, -0.4901, 0.3860|4080|0.6655, -0.8564, -0.4653, -0.4384, -0.3153, -0.6003, -0.4179, -0.3021|1093.0
11|0.7087, -1.0000, -0.4516, -0.2832, -0.2750, -0.7644, -0.5950, -0.1603|4640|0.6679, -0.9450, -0.4307, -0.3739, -0.3287, -0.6019, -0.4856, -0.2471|1249.8
12|0.7087, -1.0000, -0.1703, 0.0114, -0.2895, -0.5831, -0.4901, 0.3860|3720|0.7011, -0.9556, -0.4328, -0.3521, -0.3364, -0.5693, -0.4002, -0.2269|1341.4
13|0.7087, -1.0000, -0.4516, -0.2832, -0.2750, -0.3517, -0.5950, -0.1603|10180|0.7498, -0.9848, -0.4387, -0.3398, -0.3287, -0.5622, -0.4748, -0.1405|1804.8
14|0.7087, -1.0000, -0.4516, -0.2832, -0.2750, -0.3517, -0.5950, -0.1603|6780|0.7386, -0.9835, -0.4423, -0.3188, -0.3245, -0.5460, -0.5038, -0.1349|1787.8
15|0.9717, -1.0000, -0.6192, -0.2832, -0.2750, -0.3517, -0.6015, -0.1603|5060|0.7876, -0.9456, -0.4506, -0.2996, -0.3327, -0.5548, -0.5101, -0.0614|1709.0
16|0.9717, -1.0000, -0.6192, -0.2832, -0.2750, -0.3517, -0.6015, -0.1603|7140|0.8107, -0.9768, -0.4428, -0.2720, -0.3370, -0.5673, -0.5379, -0.0521|1730.4
17|0.7087, -1.0000, -0.1703, -0.0940, -0.4455, -0.5831, -0.4901, 0.3860|8180|0.8144, -1.0000, -0.4397, -0.2674, -0.3390, -0.5466, -0.4774, 0.0092|2193.2
18|0.7087, -1.0000, -0.1703, -0.0940, -0.2750, -0.3517, -0.4901, 0.2815|6240|0.8465, -1.0000, -0.4432, -0.2927, -0.3522, -0.5157, -0.4570, 0.0694|1911.0
19|0.7087, -1.0000, -0.1703, -0.0940, -0.2750, -0.3517, -0.5950, -0.1603|8640|0.8329, -0.9879, -0.4524, -0.3060, -0.3630, -0.5295, -0.4739, 0.1169|1908.0
20|0.9717, -1.0000, -0.4516, -0.0940, -0.4455, -0.3517, -0.6015, 0.3860|6880|0.8473, -0.9927, -0.4412, -0.2839, -0.3592, -0.5116, -0.5159, 0.0571|1904.0
21|1.0000, -1.0000, -0.4516, -0.2832, -0.2750, -0.3517, -0.6015, 0.3860|10660|0.8365, -0.9976, -0.4017, -0.2257, -0.3471, -0.4871, -0.5125, 0.0411|1987.8
22|0.7087, -1.0000, -0.1703, -0.0940, -0.2750, -0.5831, -0.6015, 0.2815|8620|0.8272, -0.9903, -0.3744, -0.2013, -0.3537, -0.4561, -0.5119, 0.0388|2117.0
23|0.9717, -1.0000, -0.4516, -0.2832, -0.4455, -0.3517, -0.6015, -0.1603|7580|0.7782, -0.9927, -0.3547, -0.1981, -0.3394, -0.4308, -0.5239, -0.0393|2031.0
24|0.7087, -1.0000, -0.1703, -0.0940, -0.2750, -0.3517, -0.4901, -0.1603|8460|0.8074, -0.9976, -0.3470, -0.1824, -0.2799, -0.4237, -0.5268, -0.0498|2487.2
25|0.7087, -1.0000, -0.1703, -0.0940, -0.2750, -0.3517, -0.4901, 0.2815|10920|0.7776, -0.9976, -0.3062, -0.1497, -0.2602, -0.4025, -0.5048, 0.0080|2393.8
26|0.7087, -1.0000, -0.4516, -0.2832, -0.2750, -0.3517, -0.5950, -0.1603|10160|0.7613, -0.9976, -0.2608, -0.1346, -0.2802, -0.3646, -0.5123, -0.0290|2570.0
27|0.7087, -1.0000, -0.1703, -0.0940, -0.2750, -0.3517, -0.4901, -0.1603|8800|0.7367, -0.9800, -0.2265, -0.1264, -0.2854, -0.3580, -0.5019, -0.0077|2574.0
28|0.7087, -1.0000, -0.1703, -0.0940, -0.2750, -0.3517, -0.4901, 0.1683|10780|0.7534, -1.0000, -0.1979, -0.1095, -0.2832, -0.3564, -0.5119, -0.0352|2817.2
29|0.7087, -1.0000, -0.1703, -0.0940, -0.2750, -0.3517, -0.5950, -0.1603|14840|0.7718, -1.0000, -0.1911, -0.0989, -0.2881, -0.3541, -0.5334, -0.0452|3285.6
30|0.7087, -1.0000, -0.1703, -0.0940, -0.2750, -0.3517, -0.4901, -0.1603|13380|0.7616, -0.9863, -0.1733, -0.0982, -0.2880, -0.3555, -0.5242, -0.1108|3720.8
31|0.9717, -1.0000, -0.1703, -0.0940, -0.2750, -0.3517, -0.4901, -0.1603|13240|0.7586, -1.0000, -0.1731, -0.0918, -0.2835, -0.3541, -0.5229, -0.1224|3268.2
32|0.7087, -1.0000, -0.1703, -0.0940, -0.2750, -0.3517, -0.4901, -0.1603|13600|0.7692, -1.0000, -0.1703, -0.0940, -0.2886, -0.3517, -0.5134, -0.1038|3393.4
