1|1.0000, -0.3673, -0.9642, -0.3325, -0.7612, 0.2498, -0.7652, 0.4689|1040|-0.0295, -0.0253, -0.1702, -0.2630, -0.1785, -0.1421, -0.1354, -0.0577|162.0
2|0.9111, -0.4540, -0.5230, -0.8844, -0.5576, 0.4993, 0.1286, -0.4366|1160|0.0906, -0.1317, -0.2920, -0.5344, -0.1326, -0.2982, -0.1440, -0.1212|219.4
3|0.4826, -0.6515, -0.7940, -1.0000, -0.1974, -0.6453, 0.8458, -0.3436|1900|0.1856, -0.2676, -0.3037, -0.6582, -0.1663, -0.3823, -0.0981, -0.1708|357.4
4|0.4826, -0.6515, -0.7940, -1.0000, -0.1974, -0.6453, 0.8458, -0.3436|2300|0.2985, -0.4662, -0.3871, -0.7422, -0.2673, -0.3502, -0.0177, -0.1219|533.0
5|0.5600, -0.7769, -0.3601, -0.1367, -0.2291, -0.7487, -1.0000, -0.3986|2940|0.3247, -0.6443, -0.4130, -0.8155, -0.2743, -0.3231, 0.0912, -0.1883|658.4
6|0.9111, -0.8041, -0.6831, -1.0000, -0.3938, 0.6482, 0.1286, 0.1905|2300|0.4179, -0.6813, -0.5040, -0.8126, -0.2755, -0.3228, 0.1309, -0.2102|671.8
7|0.9111, -0.8041, -0.6831, -1.0000, -0.3938, 0.6482, 0.1286, 0.1905|2720|0.4009, -0.7458, -0.5511, -0.6942, -0.2183, -0.2981, 0.2036, -0.0894|745.6
8|0.4826, -1.0000, -0.4812, -0.7433, -0.1974, 0.4993, -0.1660, -0.1923|2940|0.4671, -0.7681, -0.5267, -0.8218, -0.2651, -0.1562, 0.1854, -0.0286|879.8
9|0.4973, -1.0000, -0.5230, -1.0000, -0.5576, 0.6482, -0.2492, 0.4689|5040|0.5445, -0.7639, -0.5565, -0.8884, -0.2591, -0.0628, 0.0994, 0.0481|842.6
10|0.4973, -1.0000, -0.6831, -0.6885, -0.2568, -0.9844, -0.2492, 0.4689|5300|0.5686, -0.8076, -0.5352, -0.8986, -0.2313, -0.0271, 0.0439, 0.1566|939.4
11|0.9770, -1.0000, -0.7940, -1.0000, -0.1974, 0.6482, -0.1660, 0.1470|6620|0.5435, -0.7952, -0.5318, -0.9202, -0.2085, 0.0868, 0.0797, 0.1407|985.0
12|0.9770, -0.8041, -0.9387, -1.0000, -0.2100, -0.7629, 0.1286, 0.1905|3320|0.6905, -0.8628, -0.5430, -0.9026, -0.2071, 0.0392, 0.0299, 0.1455|1010.0
13|0.9770, -1.0000, -0.7940, -0.7433, -0.2905, 0.1371, -0.1660, 0.1470|4800|0.7817, -0.8784, -0.6093, -0.8835, -0.2300, 0.0926, -0.0335, 0.0781|1182.8
14|0.9770, -0.8041, -0.9387, -1.0000, -0.2100, -0.7629, 0.1286, 0.1905|3820|0.8335, -0.8716, -0.5930, -0.8836, -0.2809, 0.0454, -0.0718, 0.1551|1028.6
15|0.8802, -1.0000, -0.7940, -0.7433, -0.2100, 0.6482, -0.1660, -0.1923|4760|0.8364, -0.8802, -0.6273, -0.8579, -0.2623, -0.0919, -0.0306, 0.0996|1079.0
16|0.4826, -0.8041, -0.7940, -1.0000, -0.2100, 0.6482, -0.1660, 0.6579|3500|0.8165, -0.8731, -0.7052, -0.8876, -0.2408, -0.1441, -0.0137, 0.0533|1187.4
17|0.8802, -1.0000, -0.7940, -0.8083, -0.2100, 0.0920, 0.3662, -0.1923|4560|0.8337, -0.8874, -0.7444, -0.8641, -0.2647, -0.1564, -0.0160, 0.0851|1251.2
18|0.9925, -0.8230, -0.6992, -0.8983, -0.2150, 0.4993, -0.0347, 0.6335|4080|0.8101, -0.8451, -0.7706, -0.8673, -0.2628, -0.0948, 0.0050, 0.0623|1365.2
19|1.0000, -1.0000, -0.6916, -0.7433, -0.1974, -0.9844, -0.0343, 0.6579|5700|0.8788, -0.8811, -0.7766, -0.8443, -0.2515, -0.1834, -0.0033, 0.1627|1484.6
20|0.8802, -1.0000, -0.7940, -0.7433, 0.2879, 0.1154, 0.1286, -0.1923|4780|0.9113, -0.9045, -0.7701, -0.8350, -0.2373, -0.2412, 0.0260, 0.1943|1485.2
21|0.9925, -1.0000, -0.6831, -0.7433, -0.2905, -0.6453, -0.0380, 0.6579|7180|0.9295, -0.8846, -0.7610, -0.8282, -0.2111, -0.2557, 0.0724, 0.2497|1604.2
22|0.9925, -1.0000, -0.9387, -1.0000, -0.2100, -0.6453, 0.1286, 0.6579|8080|0.9476, -0.8901, -0.7493, -0.8173, -0.2370, -0.3772, 0.0547, 0.3437|1579.4
23|0.8802, -1.0000, -1.0000, -0.7433, 0.2879, 0.1154, 0.1286, 0.8271|10060|0.9523, -0.9189, -0.7667, -0.8055, -0.2163, -0.2947, 0.0494, 0.3439|1608.2
24|0.9770, -1.0000, -0.7940, -0.7433, -0.2905, -0.6453, -0.0380, 0.6579|7840|0.9545, -0.9348, -0.7626, -0.7938, -0.2086, -0.2755, 0.0446, 0.3787|1677.8
25|0.9770, -1.0000, -0.7940, -0.7433, -0.2905, -0.6453, -0.0380, 0.6579|7080|0.9499, -0.9485, -0.7601, -0.7837, -0.1954, -0.3082, 0.0514, 0.3814|1692.2
26|0.9925, -1.0000, -0.6831, -0.3579, -0.1974, -0.6453, -0.0380, 0.6335|5960|0.9471, -0.9401, -0.7532, -0.7625, -0.2498, -0.3365, 0.0461, 0.4077|1486.4
27|0.8802, -1.0000, -0.6831, -0.7897, 0.2879, 0.1154, -0.0380, 0.6579|7420|0.9407, -0.9579, -0.7502, -0.7572, -0.2579, -0.3072, 0.0413, 0.3447|1957.0
28|0.8802, -1.0000, -0.7940, -0.8083, -0.1488, 0.1154, 0.3662, 0.6579|5840|0.9372, -0.9643, -0.7493, -0.7481, -0.2487, -0.2822, 0.0573, 0.3823|1609.2
29|0.8802, -1.0000, -0.6831, -0.7897, 0.2879, 0.1154, -0.0380, 0.6579|5140|0.9285, -0.9741, -0.7439, -0.7484, -0.2385, -0.2768, 0.0532, 0.3477|1692.4
30|0.9925, -1.0000, -0.6831, -0.7433, -0.2100, 0.1154, 0.1286, 0.6335|7820|0.9158, -0.9868, -0.7451, -0.7188, -0.2580, -0.2773, 0.0466, 0.3939|1669.0
31|0.9925, -1.0000, -0.6831, -0.7433, -0.2100, 0.1154, 0.1286, 0.6335|8320|0.9031, -0.9924, -0.7358, -0.7222, -0.2469, -0.2720, 0.0455, 0.3958|1801.6
32|0.9925, -1.0000, -0.7940, -0.7433, -0.2100, 0.1154, 0.3662, 0.6335|5880|0.9133, -0.9925, -0.7427, -0.7301, -0.2983, -0.1906, 0.0517, 0.4461|1904.8
