1|0.7028, -0.5128, -1.0000, -0.8633, -0.7994, 0.2952, -0.9542, -0.1174|1340|-0.0445, -0.1897, -0.1176, -0.2210, -0.0812, -0.0046, -0.0392, 0.0585|129.0
2|0.4429, -0.8099, -0.4275, -0.7122, 0.1949, -0.3796, 0.1736, 1.0000|3480|-0.0049, -0.3190, -0.4178, -0.4880, -0.3004, -0.0817, -0.2259, 0.0836|339.6
3|0.1279, -0.8099, -0.4275, -0.7122, 0.1949, 0.1162, 0.1736, 1.0000|6480|0.0566, -0.3784, -0.5939, -0.6007, -0.2628, -0.0939, -0.1605, 0.1052|584.2
4|-0.5190, -0.0344, -0.9556, -0.9014, -0.2009, 0.1080, 0.1400, -0.4239|2120|0.1849, -0.6004, -0.5374, -0.6354, -0.1376, -0.2136, -0.0284, 0.2270|712.6
5|0.4429, -0.8099, -0.4275, -0.7122, 0.1949, -0.3796, 0.1736, 1.0000|4520|0.2560, -0.8431, -0.5037, -0.6269, -0.0316, -0.1376, 0.2032, 0.2420|864.2
6|0.4429, -0.8099, -0.4275, -0.7122, 0.1949, -0.3796, 0.1736, 1.0000|4120|0.3206, -0.8948, -0.4865, -0.6637, 0.0834, -0.2197, 0.1941, 0.3767|1094.6
7|0.4429, -0.8099, -0.4275, -0.7122, 0.1949, -0.4862, 0.1736, 1.0000|3920|0.3453, -0.7938, -0.4630, -0.1773, 0.1070, -0.2241, 0.2407, 0.4624|618.8
8|0.6515, -1.0000, -0.4839, -0.7663, 0.4260, 0.1888, 0.9379, 0.2094|4700|0.3621, -0.8452, -0.5027, -0.4824, 0.0902, -0.2303, 0.1295, 0.2737|906.2
9|0.4429, -0.8099, -0.4275, -0.7122, 0.1949, -0.3796, 0.1736, 1.0000|4160|0.3854, -0.8577, -0.5119, -0.6537, 0.0650, -0.1965, 0.1925, 0.2088|1082.6
10|0.1181, -1.0000, -0.8829, -0.5775, -0.1317, -0.3118, -0.8035, 0.2094|5580|0.3796, -0.9020, -0.5006, -0.7301, 0.0856, -0.1421, 0.2014, 0.2520|1340.8
11|0.5468, -1.0000, -0.5466, -0.8794, -0.1626, 0.2331, 0.2143, 0.2586|12760|0.4441, -0.9099, -0.5275, -0.7668, 0.0977, 0.0048, 0.2882, 0.4279|1541.4
12|0.5468, -1.0000, -0.5466, -0.7122, 0.1949, 0.1138, 0.2143, 0.2586|6180|0.4536, -0.9251, -0.5024, -0.7784, 0.0526, 0.0246, 0.3447, 0.3355|1415.0
13|0.5468, -1.0000, -0.5466, -0.8794, -0.1626, 0.2331, 0.2143, 0.2586|5840|0.4788, -0.9677, -0.4758, -0.7971, 0.0248, 0.1221, 0.3740, 0.2927|1578.8
14|0.5468, -1.0000, -0.5466, -0.8794, 0.2885, 0.1888, 0.2143, 0.2586|5500|0.5046, -0.9800, -0.5054, -0.8352, -0.0304, 0.1842, 0.3253, 0.3150|1484.4
15|0.4429, -1.0000, -0.2982, -0.7122, 0.1949, 0.1888, 0.1736, 0.2094|6100|0.5377, -0.9800, -0.5135, -0.8240, -0.0293, 0.1989, 0.2647, 0.3322|1763.2
16|0.5468, -1.0000, -0.5466, -0.8794, -0.1626, 0.2331, 0.2143, 0.2586|7980|0.5358, -0.9829, -0.5080, -0.8261, -0.0184, 0.1942, 0.2303, 0.3659|1920.6
17|0.5468, -1.0000, -0.5466, -0.7122, -0.1626, 0.2331, 0.2143, 0.2586|10340|0.5740, -0.8351, -0.5389, -0.8514, 0.0279, 0.2066, 0.2719, 0.3542|1813.6
18|0.5468, -1.0000, -0.5466, -0.8794, -0.1626, 0.2331, 0.2143, 0.2586|5440|0.5640, -0.9010, -0.5229, -0.7565, 0.0038, 0.2144, 0.2374, 0.3935|1627.6
19|0.5468, -1.0000, -0.5466, -0.8794, 0.1949, 0.1138, 0.2143, 0.2586|5320|0.5572, -0.9592, -0.5514, -0.8638, -0.0512, 0.2190, 0.1910, 0.3213|1765.2
20|0.5468, -1.0000, -0.5466, -0.8794, -0.1626, 0.2331, 0.2143, 0.2586|6760|0.5639, -0.9886, -0.5448, -0.8568, -0.0536, 0.2154, 0.1969, 0.3403|1844.8
21|0.5468, -1.0000, -0.5466, -0.8794, -0.1626, 0.2331, 0.2143, 0.2586|6660|0.5539, -0.9943, -0.5385, -0.8599, -0.0767, 0.2168, 0.1666, 0.3298|1877.8
22|0.5468, -1.0000, -0.5466, -0.8794, -0.1626, 0.2331, 0.2143, 0.2586|5440|0.5537, -0.9886, -0.5308, -0.8380, -0.0595, 0.2143, 0.1631, 0.3288|1605.0
23|0.5468, -1.0000, -0.5466, -0.7122, 0.2885, 0.2331, 0.2143, 0.2094|7380|0.5507, -0.9981, -0.5389, -0.8388, -0.0519, 0.2095, 0.1892, 0.3086|1893.2
24|0.5468, -1.0000, -0.5466, -0.7122, 0.1949, 0.2331, 0.2143, 0.2094|7120|0.5495, -1.0000, -0.5389, -0.8339, -0.0214, 0.2132, 0.1892, 0.2992|1895.6
25|0.5468, -1.0000, -0.5466, -0.7122, 0.2885, 0.2331, 0.2143, 0.2094|8420|0.5522, -1.0000, -0.5430, -0.8380, -0.0117, 0.2131, 0.1852, 0.2948|2068.8
26|0.5468, -1.0000, -0.5466, -0.8794, 0.1949, 0.1138, 0.2143, 0.2586|6700|0.5549, -1.0000, -0.5412, -0.8319, -0.0057, 0.2157, 0.2091, 0.2908|1819.2
27|0.5468, -1.0000, -0.5466, -0.7122, 0.1949, 0.2331, 0.2143, 0.2586|8240|0.5549, -1.0000, -0.5412, -0.8220, 0.0112, 0.2127, 0.2144, 0.3249|1821.0
28|0.5468, -1.0000, -0.5466, -0.7122, 0.2885, 0.2331, 0.2143, 0.2094|7840|0.5549, -1.0000, -0.5412, -0.8279, -0.0172, 0.2215, 0.2120, 0.3535|1988.0
29|0.5468, -1.0000, -0.5466, -0.7122, 0.2885, 0.2331, 0.2143, 0.2094|13480|0.5495, -1.0000, -0.5448, -0.8220, -0.0235, 0.2277, 0.2123, 0.3615|2120.2
30|0.5468, -1.0000, -0.5466, -0.7122, 0.2885, 0.2331, 0.2143, 0.2094|7520|0.5468, -1.0000, -0.5466, -0.8072, 0.0034, 0.2291, 0.2119, 0.3827|2186.4
31|0.5468, -1.0000, -0.5466, -0.7122, 0.2885, 0.2331, 0.2143, 0.2094|9120|0.5468, -1.0000, -0.5466, -0.7881, 0.0189, 0.2318, 0.2111, 0.3644|2359.4
32|0.5468, -1.0000, -0.5466, -0.7122, 0.2885, 0.2331, 0.2143, 0.2094|10840|0.5468, -1.0000, -0.5466, -0.7639, 0.0480, 0.2322, 0.2123, 0.3516|2231.2
