1|0.6369, -0.8545, -0.6028, -0.9565, 0.1775, 0.4142, 0.0145, -1.0000|2140|-0.0038, -0.0312, -0.1009, -0.0435, -0.0082, 0.0207, 0.2214, 0.0944|115.2
2|0.0740, -0.4099, -0.9751, -0.9279, 0.2168, -0.0774, 1.0000, -0.2524|2240|0.1327, -0.2262, -0.2098, -0.3370, -0.1313, -0.1263, 0.1923, 0.1181|256.8
3|0.9408, -1.0000, -0.4390, -0.4971, -0.7373, 0.5859, 0.0474, -0.5818|2260|0.1670, -0.3821, -0.3588, -0.5065, -0.2079, -0.2034, 0.1122, 0.1516|428.6
4|0.1734, -1.0000, -0.5912, -0.2872, -0.1671, -0.3521, 0.0273, -0.0013|7060|0.2751, -0.4139, -0.6109, -0.5218, -0.3979, -0.2113, 0.1027, 0.1903|630.4
5|-0.0303, -0.7508, -0.6327, -0.5773, -0.1269, -1.0000, -0.4409, 0.5473|3160|0.2580, -0.6197, -0.6122, -0.5338, -0.3672, -0.3295, 0.0226, 0.2601|724.0
6|0.1734, -1.0000, -0.5912, -0.2872, -0.1671, -0.1363, 0.0273, -0.0013|3640|0.3363, -0.6892, -0.5713, -0.5704, -0.3415, -0.2084, -0.0645, 0.2745|709.8
7|0.1474, -0.8499, -1.0000, -0.2441, -0.0964, -0.1158, 0.0232, -0.0011|3080|0.3529, -0.6038, -0.7059, -0.6082, -0.3217, -0.2352, -0.0362, 0.1854|783.8
8|0.7208, -1.0000, -0.7012, -0.3407, -0.1982, -0.4177, 0.0324, -0.0010|8300|0.3205, -0.5847, -0.7527, -0.5263, -0.3555, -0.1872, -0.1359, 0.2029|917.2
9|1.0000, -0.3213, -0.7176, -0.6829, -0.1543, -0.2542, 0.2753, 0.2889|4480|0.2868, -0.5620, -0.7518, -0.4880, -0.2762, -0.1348, -0.0942, 0.1942|945.8
10|0.1474, -1.0000, -0.7318, -0.1650, -0.1055, 0.0538, 0.0338, 0.0005|4940|0.2749, -0.6105, -0.7010, -0.5594, -0.2693, -0.1801, -0.0575, 0.1685|1112.8
11|0.1474, -1.0000, -0.7318, -0.1650, -0.1055, 0.0538, -0.0495, 0.0005|20520|0.2429, -0.7175, -0.6566, -0.4523, -0.2645, -0.1531, -0.0903, 0.1627|1522.8
12|0.1474, -1.0000, -0.9751, -0.1650, -0.0400, -0.1116, -0.0495, 0.0005|15980|0.2400, -0.7650, -0.6689, -0.4988, -0.2534, -0.0778, -0.0856, 0.1147|1750.4
13|0.3911, -1.0000, -0.8007, -0.1409, -0.0014, 0.0602, -0.0650, -0.0044|30320|0.2329, -0.8648, -0.6544, -0.5016, -0.2163, -0.0456, -0.0811, 0.0581|2268.4
14|0.4714, -1.0000, -0.6751, -0.3102, -0.0015, 0.0790, -0.0581, 0.1323|15260|0.2853, -0.9133, -0.6577, -0.3828, -0.1838, -0.0118, -0.1176, 0.0394|2624.2
15|0.4714, -1.0000, -0.7318, -0.1650, -0.0400, -0.0799, -0.0495, 0.0005|27580|0.2804, -0.8231, -0.6479, -0.3028, -0.1150, -0.0218, -0.0649, 0.0525|3788.8
16|0.3911, -1.0000, -0.9751, -0.1650, -0.0014, 0.0602, -0.0650, -0.0044|19960|0.2945, -0.9705, -0.5356, -0.2416, -0.0830, -0.0169, -0.0817, 0.0398|3326.2
17|0.3911, -1.0000, -0.6751, -0.1650, -0.0400, 0.0790, -0.0495, 0.1323|34900|0.2762, -0.9489, -0.6456, -0.2332, -0.0715, -0.0265, -0.0514, 0.0343|4256.8
18|0.1474, -1.0000, -0.2638, -0.1650, -0.0400, 0.0110, -0.0495, 0.0005|34080|0.3074, -0.9800, -0.6619, -0.2126, -0.0365, -0.0064, -0.0256, 0.0560|4711.2
19|0.4714, -1.0000, -0.6751, -0.1650, -0.0195, 0.0790, -0.0581, 0.1323|58200|0.3041, -0.9101, -0.4875, -0.2282, -0.0237, -0.0316, -0.0324, 0.0781|4605.2
20|0.5835, -1.0000, -0.2638, -0.1650, -0.0485, -0.0448, -0.0495, 0.0005|33800|0.3536, -0.9610, -0.6010, -0.2124, -0.0266, -0.0340, -0.0354, 0.0850|5973.2
21|0.5835, -1.0000, -0.2638, -0.1650, -0.0485, -0.0448, -0.0495, 0.0005|50940|0.3559, -0.9905, -0.6020, -0.1711, -0.0268, -0.0077, -0.0336, 0.0774|6611.6
22|0.1474, -1.0000, -0.6327, -0.1650, -0.0485, -0.0036, -0.0519, 0.1481|30460|0.3732, -0.8487, -0.5917, -0.1657, -0.0261, -0.0008, -0.0297, 0.0653|6717.4
23|0.3911, -1.0000, -0.6751, -0.1650, -0.0400, 0.0790, -0.0009, 0.1323|52620|0.3445, -0.9249, -0.5568, -0.1618, -0.0336, 0.0060, -0.0281, 0.0532|7490.4
24|0.3911, -1.0000, -0.6327, -0.1699, -0.0485, -0.0036, -0.0519, 0.1481|41440|0.3916, -0.7958, -0.5347, -0.1345, -0.0350, -0.0001, -0.0280, 0.0369|6583.0
25|0.3914, -1.0000, -0.2638, -0.1650, -0.0485, 0.0784, -0.0344, 0.0004|52300|0.3695, -0.9347, -0.5215, -0.1473, -0.0344, -0.0061, -0.0267, 0.0342|8633.0
26|0.3911, -1.0000, -0.1773, -0.1142, 0.0000, -0.0101, 0.0009, 0.0005|174300|0.3790, -0.9591, -0.5259, -0.1473, -0.0362, 0.0023, -0.0290, 0.0422|11252.8
27|0.3911, -1.0000, -0.1773, -0.1142, 0.0000, -0.0101, 0.0009, 0.0005|72200|0.3629, -0.9994, -0.5086, -0.1523, -0.0253, 0.0038, -0.0310, 0.0451|10778.0
28|0.3911, -1.0000, -0.1773, -0.1142, 0.0000, -0.0101, 0.0009, 0.0005|117800|0.3664, -1.0000, -0.4133, -0.1414, -0.0241, -0.0029, -0.0299, 0.0342|13353.4
29|0.3911, -1.0000, -0.1773, -0.1142, 0.0000, -0.0101, 0.0009, 0.0005|74100|0.3560, -1.0000, -0.3300, -0.1283, -0.0196, -0.0012, -0.0192, 0.0264|14542.4
30|0.5804, -1.0000, -0.1773, -0.1142, -0.0485, -0.0036, 0.0009, 0.0005|156480|0.3520, -1.0000, -0.2827, -0.1267, -0.0200, 0.0011, -0.0162, 0.0209|20512.6
31|0.3914, -1.0000, -0.0452, -0.1637, -0.0485, -0.0036, -0.0344, 0.0005|111080|0.4117, -1.0000, -0.2677, -0.1220, -0.0203, 0.0068, -0.0115, 0.0206|21087.6
32|0.3914, -1.0000, -0.0452, -0.1271, -0.0485, 0.0784, -0.0344, 0.1481|405240|0.4224, -1.0000, -0.2164, -0.1192, -0.0174, 0.0123, -0.0121, 0.0227|29170.8
