1|-1.0000, -0.7453, -0.8356, -0.9088, -0.7356, -0.3410, -0.9055, -0.3794|2100|-0.2261, -0.0778, -0.2860, 0.0748, -0.2035, 0.2509, 0.1080, 0.0569|129.4
2|0.5664, 0.8738, -0.9058, -1.0000, 0.5892, -0.3316, 0.5097, -0.9798|1760|0.1903, -0.1266, -0.5119, -0.4083, -0.0645, 0.0853, -0.0252, 0.0360|253.4
3|0.8826, -0.0829, -1.0000, -0.9950, -0.0072, -0.0040, -0.3512, 0.3651|2480|0.3587, -0.0623, -0.5717, -0.5887, -0.0804, -0.1986, -0.0846, -0.0845|380.2
4|0.4196, 0.8738, -0.9058, -1.0000, 0.5892, -0.3316, 0.5097, -0.9798|1580|0.3730, -0.0565, -0.5826, -0.6878, -0.1336, -0.2919, -0.0966, 0.0299|430.6
5|0.8086, -0.9832, -0.7763, -1.0000, 0.5892, -0.3316, 0.4375, -0.9798|2260|0.5258, -0.0102, -0.5943, -0.6431, -0.2917, -0.4420, -0.1139, 0.0874|471.2
6|-0.0526, -0.3334, -0.4857, -0.7120, 0.1977, -0.7355, 0.3500, 1.0000|3140|0.4553, -0.2423, -0.6638, -0.4786, -0.2485, -0.3728, -0.0790, 0.0692|556.0
7|1.0000, -0.3088, -1.0000, -0.5365, -0.4619, -0.7498, 0.1199, 0.5333|2140|0.6395, -0.1774, -0.7117, -0.7124, -0.2194, -0.4423, 0.0387, 0.0667|646.0
8|0.6733, -1.0000, -0.9058, -1.0000, 0.4627, -0.3316, 0.8150, -0.6116|3400|0.6878, -0.2684, -0.6874, -0.6704, -0.2948, -0.4282, 0.0443, 0.0808|785.8
9|1.0000, -0.5019, -0.5997, -0.1454, -0.8436, -0.3959, -0.0382, -0.3794|4540|0.3531, -0.5368, -0.7208, -0.6772, -0.2555, -0.4026, 0.1125, -0.0928|724.6
10|1.0000, -0.3088, -0.5997, -0.5365, 0.1977, -0.3316, 0.5097, 0.5333|3280|0.6820, -0.5448, -0.7556, -0.5144, -0.4032, -0.4759, 0.0265, -0.0718|870.4
11|0.8293, -1.0000, -0.9058, -1.0000, 0.4627, -0.3316, 0.8150, -0.6116|3400|0.7129, -0.5742, -0.7236, -0.5908, -0.3623, -0.4377, 0.0729, -0.0120|968.0
12|1.0000, -1.0000, -0.5997, -0.1454, -0.8436, -0.3316, -0.0382, -0.6116|2940|0.8289, -0.5479, -0.7439, -0.5319, -0.3773, -0.4579, 0.1513, -0.0867|879.0
13|0.8293, -1.0000, -0.9058, -1.0000, 0.4627, -0.4483, 0.8150, -0.6116|5120|0.8801, -0.6264, -0.7164, -0.5970, -0.1960, -0.4832, 0.2218, -0.1027|1073.4
14|0.8293, -1.0000, -0.9058, -1.0000, 0.4627, -0.4483, 0.8150, -0.6116|4000|0.8407, -0.7539, -0.6835, -0.5846, -0.2267, -0.4349, 0.2747, -0.2629|1173.2
15|0.8293, -1.0000, -0.9058, -1.0000, 0.4627, -0.0305, 0.8150, -0.6116|4000|0.8203, -0.7580, -0.6552, -0.5947, -0.2600, -0.3610, 0.2671, -0.2605|1211.0
16|1.0000, -1.0000, -0.0319, -0.5365, 0.1977, -0.0033, 0.5097, 0.5333|4200|0.8117, -0.8075, -0.6348, -0.5335, -0.3107, -0.3371, 0.2669, -0.3115|1060.8
17|0.8293, -1.0000, -0.9058, -1.0000, 0.4627, -0.0305, 0.8150, -0.6116|6360|0.8369, -0.8582, -0.6791, -0.5647, -0.3307, -0.3281, 0.2390, -0.3327|1327.6
18|0.8460, -1.0000, -0.5997, -0.1454, -0.8436, -0.3316, -0.0309, -0.6116|5380|0.8382, -0.8384, -0.6645, -0.5365, -0.3637, -0.2973, 0.2136, -0.3400|1244.8
19|1.0000, -1.0000, -0.0319, -0.5365, 0.1977, -0.0033, 0.5097, 0.5333|4300|0.8823, -0.7184, -0.6544, -0.4755, -0.4442, -0.3027, 0.1559, -0.3825|1132.6
20|0.8460, -1.0000, -0.5997, -0.5365, 0.1977, -0.3316, 0.5097, 0.5333|7360|0.8369, -0.7819, -0.6309, -0.5306, -0.3395, -0.1608, 0.1951, -0.2895|1266.8
21|0.7226, -1.0000, -0.0319, -0.1454, -0.8436, -0.0033, -0.0382, -0.3794|6080|0.8347, -0.8724, -0.5885, -0.5805, -0.3070, -0.2071, 0.2334, -0.1566|1243.8
22|1.0000, -1.0000, -1.0000, -0.1454, -0.8436, -0.7498, -0.4009, -0.6116|4860|0.8101, -0.9115, -0.4863, -0.5630, -0.3782, -0.2091, 0.1522, -0.0346|1263.4
23|0.7226, -1.0000, -0.0319, -0.1454, -0.8436, -0.0033, -0.0382, -0.3794|4180|0.7807, -0.9730, -0.3878, -0.5574, -0.3496, -0.1649, 0.1123, 0.0910|1464.8
24|0.7226, -1.0000, -0.0319, -0.1454, -0.8436, -0.0033, -0.0382, -0.3794|7680|0.7947, -1.0000, -0.2969, -0.5139, -0.3607, -0.1344, 0.1203, 0.1489|1705.4
25|1.0000, -1.0000, -0.0319, -0.1454, -0.8436, -0.0033, -0.0309, 0.2295|9680|0.7811, -1.0000, -0.1742, -0.3956, -0.4289, -0.0813, 0.0408, 0.2670|1823.6
26|0.7226, -1.0000, -0.0319, -0.1950, -0.4619, -0.0033, -0.0382, -0.3794|7040|0.7799, -1.0000, -0.0960, -0.4015, -0.4365, -0.0442, 0.0335, 0.3071|1808.6
27|1.0000, -1.0000, -0.0319, -0.1454, -0.8436, -0.0033, -0.0309, 0.2295|11380|0.7774, -1.0000, -0.1108, -0.3334, -0.4782, -0.0621, 0.0184, 0.2092|2309.4
28|0.7226, -1.0000, -0.0319, -0.1454, -0.8436, -0.0033, -0.0382, 0.2295|13200|0.7766, -1.0000, -0.0732, -0.2718, -0.5958, -0.0257, -0.0182, 0.0892|2548.6
29|0.7226, -1.0000, -0.0319, -0.1454, -0.8436, -0.0033, -0.0382, 0.2295|9620|0.7742, -0.9800, -0.0374, -0.2516, -0.6170, -0.0107, -0.0243, 0.0312|2880.8
30|0.7226, -1.0000, -0.0319, -0.1454, -0.8436, -0.0033, -0.0382, 0.2295|15780|0.7615, -1.0000, -0.0376, -0.2135, -0.6149, -0.0107, -0.0206, -0.0446|3452.8
31|0.7226, -1.0000, -0.0319, -0.1454, -0.8436, -0.0033, -0.0309, 0.2295|11060|0.7726, -1.0000, -0.0319, -0.1891, -0.6340, -0.0033, -0.0148, -0.1298|3412.6
32|0.7226, -1.0000, -0.0319, -0.1454, -0.8436, -0.0033, -0.0309, 0.2295|15140|0.7615, -1.0000, -0.0319, -0.1729, -0.6663, -0.0033, -0.0257, -0.0324|3720.0
