1|0.0726, -0.6579, -0.5116, -0.6089, -0.1584, -0.6671, -0.2792, 1.0000|1680|0.1419, -0.0007, -0.0816, -0.1100, -0.1175, 0.0036, 0.0911, -0.0742|159.4
2|0.0726, -0.6579, -0.5116, -0.6089, -0.1584, -0.6671, -0.2792, 1.0000|2700|0.1823, -0.1399, -0.2699, -0.3723, -0.0524, -0.0417, 0.1239, -0.0775|266.0
3|1.0000, -1.0000, -0.2674, -0.8519, -0.1610, 0.5053, 0.3162, -0.0442|2320|0.1362, -0.2276, -0.3740, -0.5780, -0.1982, -0.1463, 0.0355, -0.0618|380.2
4|1.0000, -1.0000, -0.4711, -0.8519, -0.1610, 0.5053, 0.3162, -0.0816|2840|0.2995, -0.4739, -0.4873, -0.7058, -0.2415, -0.1935, -0.0760, -0.0772|631.0
5|0.7701, -1.0000, -0.9077, -0.9064, -0.0967, 0.1523, 0.0158, -0.0442|3400|0.3086, -0.5912, -0.5376, -0.7117, -0.4028, -0.2023, -0.0718, 0.0906|611.2
6|1.0000, -1.0000, -0.4711, -0.8519, -0.1610, 0.5053, 0.3162, -0.0816|4220|0.4846, -0.6371, -0.5438, -0.7507, -0.3837, -0.2537, 0.0044, -0.0031|852.4
7|1.0000, -1.0000, -0.4711, -0.8519, -0.1610, 0.5053, 0.3162, -0.0816|4220|0.6297, -0.7459, -0.5762, -0.7624, -0.3432, -0.2248, 0.0244, 0.0740|1039.0
8|0.7701, -1.0000, -1.0000, -0.2984, -0.0967, -0.2822, -0.0021, 0.0413|5500|0.7332, -0.7482, -0.6347, -0.7902, -0.3301, -0.1806, 0.0344, 0.2266|1063.4
9|0.7419, -1.0000, -0.9077, -0.8517, -0.1447, 0.3310, 0.1568, 0.0413|4540|0.7682, -0.7747, -0.6432, -0.7666, -0.2801, -0.2057, 0.0659, 0.2397|1206.4
10|1.0000, -1.0000, -0.4711, -0.8519, -0.1610, 0.5053, 0.3162, -0.0816|6300|0.7991, -0.8291, -0.6806, -0.7886, -0.3328, -0.1995, 0.1127, 0.1838|1320.6
11|1.0000, -1.0000, -1.0000, -0.8519, -0.1610, 0.3010, 0.3162, -0.0442|6040|0.8034, -0.7796, -0.6918, -0.8124, -0.3022, -0.1528, 0.1083, 0.2062|1385.4
12|1.0000, -1.0000, -0.4711, -0.8519, -0.1610, 0.5053, 0.3162, -0.0816|4600|0.8509, -0.8766, -0.6187, -0.7989, -0.3173, 0.0293, 0.1693, 0.1085|1411.8
13|1.0000, -1.0000, -0.4711, -0.8519, -0.1610, 0.5053, 0.3162, -0.0442|5400|0.8403, -0.8940, -0.6502, -0.7854, -0.2070, 0.0313, 0.1900, 0.1482|1490.2
14|0.7701, -1.0000, -0.9077, -0.8008, -0.1746, -0.5590, 0.0158, 1.0000|6380|0.8693, -0.8787, -0.6564, -0.7816, -0.1961, 0.1001, 0.1961, 0.1054|1477.2
15|1.0000, -1.0000, -0.4711, -0.2984, -0.1610, -0.6671, 0.3162, -0.0442|7140|0.8769, -0.9113, -0.6635, -0.7879, -0.2005, 0.1215, 0.2145, 0.1623|1842.4
16|0.9798, -1.0000, -0.9077, -0.8519, -0.1447, 0.3310, 0.3162, 0.0229|5400|0.8863, -0.9255, -0.6359, -0.7826, -0.1924, 0.1514, 0.2413, 0.1438|1553.4
17|1.0000, -1.0000, -0.4711, -0.8519, -0.1610, 0.5053, 0.3162, -0.0816|7080|0.8587, -0.7655, -0.6302, -0.8035, -0.1716, 0.1848, 0.2277, 0.1078|1312.6
18|0.6546, -1.0000, -0.2654, -0.6807, -0.1610, 0.4295, 0.2688, 0.2378|8340|0.7970, -0.9098, -0.5784, -0.8059, -0.1535, 0.2274, 0.2331, 0.1092|1650.8
19|1.0000, -1.0000, -0.4711, -0.8519, -0.1610, 0.5053, 0.3162, -0.0816|8540|0.8550, -0.9435, -0.5966, -0.8103, -0.1437, 0.2004, 0.2219, 0.1165|1615.2
20|0.9798, -1.0000, -0.4711, -0.6198, -0.0967, 0.5053, 0.1568, 0.0413|8340|0.8647, -0.9579, -0.5572, -0.8032, -0.1329, 0.2942, 0.2217, 0.1040|1561.0
21|0.6546, -1.0000, -0.2654, -0.6807, -0.1610, 0.4295, 0.2688, 0.2378|5180|0.8581, -0.8878, -0.4948, -0.7852, -0.1252, 0.3416, 0.2241, 0.1403|1493.2
22|0.9798, -1.0000, -0.4711, -0.6198, -0.0967, 0.4109, 0.1568, 0.0413|6900|0.9023, -0.9354, -0.5156, -0.7407, -0.1332, 0.3229, 0.2149, 0.1219|1864.8
23|1.0000, -0.9950, -0.4687, -0.8476, -0.1444, 0.5028, 0.1561, 0.2510|5560|0.9111, -0.9630, -0.4785, -0.6760, -0.1342, 0.3493, 0.2131, 0.1448|1570.6
24|0.9798, -1.0000, -0.4711, -0.4806, -0.1610, 0.4109, 0.1568, 0.0413|6960|0.8288, -0.9438, -0.4705, -0.7223, -0.1342, 0.3595, 0.2217, 0.1358|1777.0
25|0.9798, -1.0000, -0.3215, -0.6198, -0.0967, 0.4109, 0.3162, -0.0816|7120|0.8962, -0.7772, -0.4514, -0.7378, -0.1361, 0.4033, 0.1955, 0.1957|1927.4
26|0.9798, -1.0000, -0.4711, -0.6198, -0.0967, 0.4109, 0.1568, 0.0291|11960|0.8872, -0.9253, -0.4398, -0.7153, -0.1296, 0.4164, 0.1647, 0.1755|1824.2
27|0.7701, -1.0000, -0.3215, -0.4806, -0.0967, 0.5053, 0.1568, 0.0413|9680|0.9182, -0.9832, -0.4104, -0.6882, -0.1291, 0.4368, 0.1667, 0.1544|2172.0
28|0.9017, -1.0000, -0.3215, -0.6198, -0.1610, 0.3310, 0.3162, 0.2523|9840|0.9157, -0.9798, -0.4196, -0.7111, -0.1309, 0.4129, 0.1539, 0.1138|2106.4
29|0.9017, -1.0000, -0.3215, -0.6198, -0.1610, 0.3310, 0.3162, 0.2523|8480|0.9060, -0.9001, -0.3907, -0.6990, -0.1233, 0.3844, 0.1348, 0.1552|2205.0
30|0.9017, -1.0000, -0.3215, -0.6198, -0.1610, 0.3310, 0.3162, 0.2523|16300|0.9194, -0.9368, -0.3916, -0.6316, -0.1285, 0.3692, 0.1373, 0.1569|2299.6
31|1.0000, -1.0000, -0.2654, -0.4806, -0.1556, 0.3010, 0.1561, 0.0229|10540|0.7349, -0.9783, -0.3563, -0.6337, -0.1165, 0.3532, 0.1690, 0.1631|2269.2
32|0.9798, -1.0000, -0.4711, -0.6198, -0.1048, 0.4109, 0.3698, 0.2510|10880|0.7503, -0.9945, -0.3516, -0.5889, -0.1257, 0.3207, 0.1555, 0.2054|2115.2
