1|-0.1859, -1.0000, -0.6450, -0.4748, -0.0210, -0.7002, -0.1772, -1.0000|1740|-0.0725, -0.0235, -0.0957, -0.2923, 0.0691, -0.0907, -0.0654, 0.0743|132.2
2|0.0472, -0.9725, -0.5145, -0.5377, -0.1651, 0.0122, -1.0000, 0.6145|3440|0.0453, -0.1023, -0.1595, -0.3841, 0.0168, -0.1280, -0.0514, 0.1038|251.8
3|0.0486, -1.0000, -0.5291, -0.5530, -0.0129, 0.0126, -0.2357, 0.6319|5080|0.0554, -0.2482, -0.3327, -0.5309, -0.0497, -0.1530, -0.1105, 0.0643|446.0
4|-0.1859, -1.0000, -0.6450, -0.4748, -0.0210, -0.7002, 0.1970, -1.0000|3600|0.0654, -0.2402, -0.5603, -0.5528, -0.1597, -0.2577, -0.0826, 0.0446|450.4
5|1.0000, -0.0217, -0.9801, -0.6042, -0.1651, -0.2931, 0.1602, 0.0382|2420|0.1034, -0.1832, -0.3375, -0.4396, -0.1015, -0.2793, -0.0684, -0.0366|365.2
6|1.0000, -0.1584, -0.5308, -0.3685, -0.0838, -0.5434, -0.0864, 0.1545|3300|0.2915, -0.3193, -0.5744, -0.5805, -0.1867, -0.3222, 0.0531, -0.0235|525.4
7|0.6594, -1.0000, -0.9755, -0.4748, -0.0210, -0.7002, -0.1598, 0.6825|5940|0.3594, -0.4468, -0.6409, -0.5820, -0.1801, -0.3068, 0.0393, -0.0196|570.8
8|0.6095, -1.0000, -0.9755, -0.5069, 0.0150, -0.2979, 0.6480, 0.5730|2920|0.4020, -0.5144, -0.5880, -0.6162, -0.2427, -0.3371, 0.0410, -0.0296|614.0
9|0.6095, -1.0000, -0.9755, -0.5069, 0.0150, -0.2979, -0.1797, 0.6050|5120|0.4605, -0.4873, -0.6156, -0.6321, -0.1942, -0.3632, 0.0914, -0.0083|631.2
10|0.6095, -1.0000, -0.9755, -0.5069, 0.0150, -0.2979, -0.1797, 0.6050|11860|0.4904, -0.5582, -0.7183, -0.6025, -0.1743, -0.4101, 0.0861, -0.0740|1015.4
11|0.7854, -1.0000, -0.8894, -0.4648, -0.0192, -0.3548, -0.1904, 0.1354|10520|0.5035, -0.5965, -0.7068, -0.5588, -0.1346, -0.4373, 0.0313, 0.1014|881.0
12|0.6095, -1.0000, -0.7302, -0.5069, 0.0473, 0.0007, 0.2461, 0.1067|7220|0.5309, -0.6125, -0.8133, -0.6172, -0.1161, -0.4867, 0.0723, 0.2388|1024.8
13|1.0000, -1.0000, -1.0000, -1.0000, -0.0025, -0.5434, -0.0864, 0.8877|5020|0.5981, -0.5997, -0.6534, -0.6397, -0.0612, -0.3339, 0.0913, 0.2925|883.8
14|0.6095, -1.0000, -1.0000, -0.5069, 0.1213, 0.0007, 0.2461, 0.6050|11580|0.5278, -0.6144, -0.7765, -0.6504, -0.0233, -0.3710, 0.0352, 0.2084|1143.2
15|0.6095, -1.0000, -1.0000, -0.5069, 0.1213, 0.0007, 0.2461, 0.6050|11260|0.5290, -0.7546, -0.7896, -0.6257, -0.0254, -0.2706, 0.0624, 0.2281|1385.2
16|0.6759, -1.0000, -0.7654, -0.3685, 0.0322, -0.5493, 0.1289, 0.1523|7860|0.5175, -0.8089, -0.7706, -0.5931, -0.0131, -0.2585, 0.0953, 0.3151|1482.4
17|0.7867, -1.0000, -0.7302, -0.3094, 0.0473, 0.0007, 0.2749, 0.0095|16080|0.4360, -0.9031, -0.7847, -0.5235, -0.0119, -0.2717, 0.1409, 0.3002|1596.4
18|0.6248, -1.0000, -0.7654, -0.3685, 0.0078, 0.0007, 0.1289, 0.1523|10020|0.4771, -0.9024, -0.7608, -0.4671, 0.0071, -0.2744, 0.1564, 0.2371|1564.0
19|0.7867, -1.0000, -0.7302, -0.1456, 0.0473, 0.0007, 0.2749, 0.0095|9920|0.4856, -0.9399, -0.7956, -0.5336, -0.0073, -0.2904, 0.1287, 0.1881|1611.8
20|0.7867, -1.0000, -0.7302, -0.1456, 0.0473, 0.0007, 0.2749, 0.0095|10780|0.5532, -0.9043, -0.6731, -0.5145, -0.0084, -0.2623, 0.1320, 0.1306|1714.8
21|0.7867, -1.0000, -0.7302, -0.1456, 0.0473, 0.0007, 0.2749, 0.0095|9520|0.5809, -0.9615, -0.7124, -0.5121, -0.0343, -0.2588, 0.1424, 0.0471|1852.2
22|0.6095, -1.0000, -1.0000, -0.1456, -0.1579, 0.0007, -0.0533, 0.0095|21080|0.5882, -0.9576, -0.5444, -0.4831, -0.0243, -0.2345, 0.1322, 0.0864|2152.0
23|0.4782, -1.0000, -0.2551, -0.1456, -0.1218, 0.0007, 0.1551, 0.1703|30640|0.5459, -0.9675, -0.6356, -0.4814, -0.0517, -0.2725, 0.1209, 0.0653|2482.2
24|0.6759, -1.0000, -0.0052, -0.3094, -0.0476, -0.0092, 0.1157, 0.1523|15920|0.5975, -0.9822, -0.6431, -0.4714, -0.0437, -0.2367, 0.1337, 0.0585|2443.0
25|0.4782, -1.0000, -0.0052, -0.1456, -0.0476, 0.0007, -0.1190, 0.1523|133200|0.6111, -0.9505, -0.6564, -0.4355, -0.0434, -0.1597, 0.1542, 0.1322|4488.6
26|0.4782, -1.0000, -0.0052, -0.1456, -0.0476, 0.0007, -0.1190, 0.1523|87480|0.6287, -0.9537, -0.6024, -0.3713, -0.0497, -0.1324, 0.1086, 0.1517|4687.4
27|0.4782, -1.0000, -0.0052, -0.1456, -0.0476, 0.0007, -0.1190, 0.1523|132720|0.6304, -0.9712, -0.5533, -0.3277, -0.0201, -0.1290, 0.0754, 0.0885|6553.6
28|0.4782, -1.0000, -0.0052, -0.1456, -0.0476, 0.0007, -0.1190, 0.1523|309720|0.6322, -0.9744, -0.4643, -0.2691, -0.0442, -0.0854, 0.0498, 0.0830|10082.2
29|0.6759, -1.0000, -0.0052, -0.1456, -0.0476, -0.0092, -0.1190, 0.1523|191300|0.6065, -0.9897, -0.4633, -0.2198, -0.0498, -0.0509, 0.0364, 0.0693|10550.4
30|0.4782, -1.0000, -0.0052, -0.1456, -0.0476, 0.0007, -0.1190, 0.1523|209320|0.5813, -0.9949, -0.3704, -0.1778, -0.0657, -0.0147, -0.0039, 0.0965|20710.0
31|0.6095, -1.0000, -0.0052, -0.1456, -0.0476, 0.0007, -0.0533, 0.0095|217440|0.5776, -0.9726, -0.2421, -0.1567, -0.0607, -0.0057, -0.0022, 0.1067|35715.0
32|0.4782, -1.0000, -0.0052, -0.1456, -0.0476, 0.0007, -0.1190, 0.1523|219700|0.5757, -0.9800, -0.1486, -0.1476, -0.0649, 0.0028, -0.0268, 0.1127|35128.8
