1|0.0924, -1.0000, -0.6274, -0.7543, -0.5893, 0.2942, 0.4310, 0.5366|1700|0.0212, 0.0973, -0.1910, -0.1575, -0.0421, 0.0389, 0.1015, 0.0797|113.4
2|0.6129, -0.0637, -0.4778, -0.7672, 0.1247, 0.8152, 0.2056, -0.3564|1220|0.0321, 0.1173, -0.3678, -0.4227, -0.1315, -0.1284, 0.1364, 0.1156|230.2
3|0.2743, -0.7457, -0.7149, -0.7672, -0.7127, 0.1275, 0.2056, -1.0000|2080|0.0827, 0.0812, -0.3862, -0.5888, -0.2170, -0.2622, 0.1959, 0.0709|286.4
4|0.0924, -1.0000, -0.6274, -0.7543, -0.7073, 0.2942, 0.4310, -0.7075|2200|0.1226, 0.0295, -0.5538, -0.6280, -0.2269, -0.3231, 0.1721, -0.0778|330.2
5|0.8106, 0.2476, -0.6935, -1.0000, 0.5239, -0.6214, 0.5542, 0.2538|1660|0.1638, -0.1232, -0.6453, -0.6820, -0.1578, -0.3739, 0.1704, -0.1423|461.2
6|-0.0041, -0.5300, -0.7149, -0.5140, -0.0046, -1.0000, 0.2056, 0.9888|2740|0.1611, -0.2518, -0.6904, -0.7074, -0.2035, -0.4155, 0.2093, -0.1944|557.2
7|0.8106, -0.7457, -0.6935, -0.7543, 0.5239, -0.6214, 0.5542, 0.5366|3240|0.1994, -0.3881, -0.6982, -0.6916, -0.1559, -0.5264, 0.2375, -0.1255|687.4
8|-0.2199, -1.0000, -0.5950, -0.4284, 0.2133, -0.9108, 0.0641, -0.7075|2940|0.2432, -0.5036, -0.6342, -0.7217, -0.0957, -0.4786, 0.2600, -0.2581|687.2
9|0.5113, -0.3679, -1.0000, -1.0000, 0.2008, -0.0070, 0.0641, -0.6023|3340|0.2292, -0.5285, -0.7173, -0.6166, -0.0680, -0.5355, 0.2307, -0.0982|693.4
10|0.9379, -0.5644, -0.5932, -0.8756, -0.3305, 0.1455, -0.0605, 1.0000|3340|0.2702, -0.6137, -0.6421, -0.7034, -0.1770, -0.5068, 0.1852, 0.0648|672.8
11|1.0000, -0.9200, -0.8556, -0.6341, 0.0593, -0.2558, 0.6837, 0.6620|4700|0.2562, -0.6370, -0.6697, -0.7235, -0.2591, -0.4300, 0.2307, 0.0398|846.0
12|-0.0041, -0.5286, -0.5476, -0.7431, 0.0481, -0.2173, 0.4246, 0.8762|2120|0.2842, -0.6628, -0.6636, -0.6079, -0.1445, -0.4432, 0.2882, -0.1548|621.6
13|0.8106, -1.0000, -0.6935, -0.5552, -0.0049, -0.9108, 0.4310, -0.9618|3360|0.3195, -0.6354, -0.6305, -0.6645, -0.1618, -0.5453, 0.3126, -0.2142|849.0
14|0.8106, -0.7457, -0.7723, -0.5552, 0.0481, -0.2173, 0.2666, 0.5366|3920|0.4439, -0.7229, -0.6045, -0.6515, -0.1052, -0.5865, 0.2641, -0.0842|791.8
15|0.8106, -1.0000, -0.6935, -0.5552, -0.0049, -0.9108, 0.2666, 0.5366|3820|0.5355, -0.7438, -0.6667, -0.5993, -0.1029, -0.6323, 0.3055, -0.0531|842.4
16|0.8106, -1.0000, -0.6935, -0.5552, -0.0049, -0.9108, 0.2666, 0.5366|3780|0.5141, -0.7521, -0.6830, -0.5988, -0.0714, -0.6541, 0.2261, 0.0609|991.0
17|0.8106, -1.0000, -0.6935, -0.5552, -0.0049, -0.9108, 0.2666, 0.5366|3720|0.4788, -0.7913, -0.6992, -0.6279, -0.0341, -0.6602, 0.2429, -0.0833|1091.4
18|0.5113, -0.8537, -1.0000, -0.6549, -0.0049, -0.7775, -0.0605, 0.5444|5720|0.4551, -0.8450, -0.6946, -0.5727, -0.0345, -0.6908, 0.2092, 0.0224|917.8
19|-0.0776, -1.0000, -0.7149, -0.5552, -0.0011, 0.0001, 0.5002, 0.0964|4140|0.4247, -0.8790, -0.7462, -0.5675, -0.0302, -0.7049, 0.2139, 0.0006|892.0
20|0.2720, -0.9834, -0.7614, -0.3620, -0.0051, -0.2866, 0.3515, -0.3683|3820|0.2835, -0.8117, -0.5962, -0.6578, -0.0494, -0.6538, 0.3107, -0.1456|807.2
21|0.8106, -1.0000, -0.8244, -0.5862, -0.0058, -0.9108, 0.5049, -0.3628|4560|0.4972, -0.8295, -0.7211, -0.6082, -0.0567, -0.6285, 0.3197, -0.1079|973.0
22|0.5121, -0.8537, -0.5950, -0.5552, -0.6038, -0.2173, -0.2699, 0.5444|5020|0.4226, -0.8885, -0.7697, -0.6151, -0.0258, -0.5415, 0.3211, -0.0228|1204.0
23|-0.0619, -1.0000, -1.0000, -0.6549, -0.0011, 0.0001, 0.5002, 0.0964|6660|0.3714, -0.8404, -0.7560, -0.6098, -0.0256, -0.4847, 0.3108, 0.0373|1203.4
24|-0.0619, -1.0000, -0.6935, -0.6549, -0.0011, 0.0001, 0.4310, 0.0964|7420|0.4045, -0.9136, -0.7416, -0.6626, -0.0153, -0.4625, 0.3659, -0.0053|1197.4
25|1.0000, -1.0000, -0.9552, -0.5802, 0.2440, -0.3596, 0.5002, -0.4967|9160|0.3807, -0.9525, -0.7702, -0.6600, -0.0297, -0.3744, 0.4129, 0.0463|1352.2
26|1.0000, -1.0000, -0.9552, -0.5802, 0.2440, -0.3596, 0.5002, -0.4967|7320|0.4303, -0.9721, -0.7240, -0.6165, -0.0555, -0.3084, 0.4622, 0.1797|1395.6
27|0.8106, -1.0000, -0.8244, -0.6096, -0.0012, 0.3675, 0.5589, 0.5366|6380|0.4756, -0.9805, -0.7084, -0.5915, -0.0339, -0.2467, 0.4424, 0.1203|1378.0
28|0.7400, -1.0000, -0.7523, -0.4362, -0.0014, 0.0001, 0.4610, -0.3676|7680|0.4380, -0.9828, -0.7337, -0.6048, -0.0366, -0.1812, 0.4099, 0.0926|1378.0
29|0.8106, -1.0000, -0.6935, -0.3775, -0.0052, 0.0001, 0.5001, 0.0964|7920|0.5910, -0.9795, -0.7205, -0.5855, -0.0322, -0.2339, 0.3860, 0.0693|1547.0
30|0.8106, -1.0000, -0.5950, -0.3681, -0.0049, 0.0001, 0.5049, 0.1220|9160|0.6828, -0.9789, -0.7364, -0.5397, -0.0323, -0.2347, 0.3791, 0.0750|1725.8
31|0.8106, -1.0000, -0.6935, -0.3775, -0.0052, 0.0001, 0.4310, 0.0964|11220|0.6827, -0.9792, -0.7186, -0.5563, -0.0230, -0.2290, 0.3657, 0.0733|1949.4
32|0.8106, -1.0000, -0.6935, -0.3775, -0.0052, 0.0001, 0.4310, 0.0964|8980|0.6410, -0.9758, -0.6795, -0.5541, -0.0228, -0.2227, 0.3402, 0.1031|1841.2
