1|0.0972, -0.5021, -0.5675, -1.0000, 0.0216, -0.4008, 0.0292, -0.1174|1560|0.1289, -0.0218, -0.1452, -0.2275, 0.0033, 0.1050, -0.1066, 0.1183|116.4
2|0.8983, -0.7512, -0.2733, -0.5694, -0.4086, -0.1686, -0.2372, 1.0000|2320|0.1192, -0.0580, -0.2604, -0.3669, -0.0564, 0.0439, -0.0783, 0.1273|196.0
3|0.8983, -0.5021, -0.2733, -0.5694, 0.0216, -0.1686, -0.2372, 1.0000|2860|0.1198, -0.1727, -0.3084, -0.5885, -0.2178, -0.0575, -0.1132, 0.1681|418.6
4|0.8983, -0.8692, -0.9825, -0.9082, -0.4086, 0.2335, 0.0506, 1.0000|4340|0.0932, -0.3522, -0.5574, -0.3085, -0.1845, -0.1157, -0.0531, 0.1908|338.4
5|0.8983, -0.7512, -0.2733, -0.5694, -0.4086, -0.1686, -0.2372, 1.0000|3220|0.2276, -0.4046, -0.5108, -0.6138, -0.1029, -0.1569, 0.0450, 0.3015|538.0
6|0.0922, -0.1937, -1.0000, -0.9205, 0.0373, -0.8673, -0.1822, -0.2033|2800|0.3130, -0.4983, -0.5524, -0.7908, -0.1160, -0.2162, 0.1491, 0.3350|657.4
7|0.0938, -0.8847, -1.0000, -0.6531, 0.0380, -0.7062, 0.0515, 0.1607|3800|0.3627, -0.4753, -0.6372, -0.8287, -0.1147, -0.3225, 0.1469, 0.3253|881.2
8|0.0938, -0.8847, -1.0000, -0.6531, 0.0380, -0.7062, 0.0515, 0.1607|5260|0.3764, -0.5797, -0.7161, -0.7920, -0.1567, -0.3611, 0.1579, 0.3831|1052.0
9|0.8983, -0.9085, -0.5675, -0.8323, 0.1051, -0.3526, 0.5886, 0.4246|6580|0.4364, -0.5417, -0.7083, -0.7300, -0.1702, -0.2617, 0.1149, 0.4684|927.4
10|0.9888, -1.0000, -0.6247, -0.9161, -0.0945, -0.3881, 0.6479, 0.4674|4360|0.4496, -0.6236, -0.6796, -0.7949, -0.1467, -0.1894, 0.1698, 0.3667|1170.6
11|0.8983, -0.8692, -0.4777, -0.8323, 0.1051, -0.1460, 0.5886, 0.5902|8980|0.6233, -0.7174, -0.6295, -0.8100, -0.1791, -0.1830, 0.0141, 0.4108|1406.4
12|0.0922, -0.8692, -0.5675, -0.8323, 0.0373, -0.3526, 0.5886, 0.4246|4600|0.6846, -0.7494, -0.6280, -0.8066, -0.2159, -0.1771, -0.0694, 0.4211|1310.6
13|0.8983, -1.0000, -0.7871, -1.0000, 0.0216, -0.4771, 0.1670, 0.4067|5120|0.6905, -0.8027, -0.6216, -0.8001, -0.1734, -0.2058, -0.0791, 0.4177|1426.8
14|0.9888, -1.0000, -0.5675, -0.5694, -0.0945, 0.2995, -0.2372, 0.7118|9960|0.7553, -0.8379, -0.6039, -0.7579, -0.1262, -0.2030, -0.0744, 0.4025|1676.6
15|0.8983, -1.0000, -0.6247, -0.8323, -0.4499, -0.3881, 0.0292, 0.4067|6380|0.8120, -0.9016, -0.5872, -0.7628, -0.1193, -0.2186, -0.0926, 0.3467|1407.0
16|1.0000, -1.0000, -0.5675, -0.7122, -0.0945, 0.2995, 0.0283, 0.4067|11720|0.8795, -0.9344, -0.6017, -0.7554, -0.1309, -0.2148, -0.0998, 0.4414|1718.0
17|0.9220, -1.0000, -0.4777, -0.3706, -0.0945, -0.4008, 0.0292, 0.5297|6820|0.8958, -0.9486, -0.6133, -0.7527, -0.1443, -0.2393, -0.0729, 0.4377|1491.8
18|0.8983, -1.0000, -0.7871, -0.7122, -0.0735, -0.3881, -0.2372, 0.5533|6960|0.9125, -0.9538, -0.5833, -0.7599, -0.1544, -0.2221, -0.1157, 0.5015|1717.0
19|1.0000, -1.0000, -0.5675, -0.7122, -0.0945, 0.2995, 0.0283, 0.4067|10180|0.9334, -0.8640, -0.5829, -0.7325, -0.1666, -0.2286, -0.1261, 0.5528|1820.0
20|0.9888, -1.0000, -0.5182, -0.5694, -0.0945, 0.2483, 0.0317, 0.7118|14480|0.9427, -0.7217, -0.6006, -0.6184, -0.1391, -0.2072, -0.1069, 0.5462|1822.0
21|0.9888, -1.0000, -0.5675, -0.5694, -0.0945, 0.2483, -0.2372, 0.7118|7260|0.9067, -0.8715, -0.6059, -0.6948, -0.1027, -0.2085, -0.1594, 0.5765|1831.8
22|0.9220, -1.0000, -0.5675, -0.5109, 0.0989, 0.2483, 0.0283, 0.4067|5980|0.8503, -0.9321, -0.5772, -0.6746, -0.0862, -0.1471, -0.1719, 0.5509|1854.0
23|0.6372, -1.0000, -0.3923, -0.4922, -0.3110, -0.2682, -0.1639, 0.4920|6300|0.7636, -0.9339, -0.5568, -0.5952, -0.0896, -0.1048, -0.1812, 0.5557|1680.4
24|0.9888, -1.0000, -0.5675, -0.7122, -0.0945, -0.4320, 0.0326, 0.4067|7780|0.8568, -0.9523, -0.4965, -0.5874, -0.0902, -0.1625, -0.1419, 0.5649|2054.4
25|0.3903, -1.0000, -0.5182, -0.3706, -0.1025, -0.3881, 0.0094, 0.4674|6060|0.7649, -0.9798, -0.4741, -0.5760, -0.0963, -0.0560, -0.1383, 0.5528|1650.8
26|0.9888, -1.0000, -0.5675, -0.5694, -0.0945, 0.2483, 0.0317, 0.4067|13160|0.8552, -0.9771, -0.5401, -0.5746, -0.0828, -0.1089, -0.1342, 0.5602|2370.2
27|0.9888, -1.0000, -0.3923, -0.4922, -0.1025, -0.2682, -0.2120, 0.4674|9740|0.8872, -0.9852, -0.5475, -0.6160, -0.0837, -0.0729, -0.1456, 0.5601|2246.4
28|0.9888, -1.0000, -0.5675, -0.5694, -0.0945, 0.2483, 0.0317, 0.4067|14720|0.9043, -1.0000, -0.5441, -0.6106, -0.0933, -0.0110, -0.1508, 0.5386|2402.0
29|0.9220, -1.0000, -0.5182, -0.4922, -0.0945, 0.2995, -0.1639, 0.4674|14780|0.9395, -1.0000, -0.5539, -0.6132, -0.1045, 0.0236, -0.1415, 0.5231|2391.8
30|1.0000, -1.0000, -0.5182, -0.7122, -0.0945, 0.2995, 0.0283, 0.4674|9800|0.9526, -0.8600, -0.5434, -0.6132, -0.1014, 0.0903, -0.1203, 0.5121|2526.2
31|0.9888, -1.0000, -0.5675, -0.4922, -0.0945, 0.2483, -0.1639, 0.4067|10420|0.9716, -0.9400, -0.5492, -0.6065, -0.1106, 0.1487, -0.1195, 0.4831|2615.2
32|0.9888, -1.0000, -0.5182, -0.3706, -0.1025, 0.2483, 0.0317, 0.0886|13400|0.9568, -1.0000, -0.5599, -0.5975, -0.1021, 0.1487, -0.0705, 0.4679|3180.6
