1|0.8920, 0.2200, -1.0000, -0.9959, -0.2344, -0.5686, 0.7887, 0.5095|1020|-0.0321, -0.0450, -0.1125, -0.0508, -0.0309, -0.0504, 0.1058, -0.1192|106.2
2|0.6193, -0.5576, -0.8189, -0.6446, 0.3835, -1.0000, -0.1063, -0.3467|2000|-0.0367, 0.0205, -0.3146, -0.2647, -0.1147, -0.0550, 0.0168, -0.1551|144.6
3|0.8920, 0.2200, -1.0000, -0.9959, -0.2344, -0.1490, 0.7887, 0.5095|3600|0.0253, -0.0214, -0.3521, -0.3987, -0.2921, -0.2282, 0.0749, -0.2398|242.0
4|-0.0472, -0.7433, -0.5756, -0.6453, 0.2832, -0.3581, 1.0000, -0.4622|2820|0.1111, 0.0050, -0.5543, -0.5698, -0.1843, -0.3362, 0.1796, -0.2116|363.2
5|-0.0472, -0.1112, -0.5756, -1.0000, -0.5829, -0.5480, 0.1893, -0.0005|1680|0.0353, -0.0389, -0.5884, -0.7224, -0.1734, -0.3277, 0.2423, -0.1058|384.0
6|-0.0472, -0.1112, -0.5756, -1.0000, 0.5292, -0.3536, 0.1893, -0.0007|2240|0.1591, -0.1332, -0.6982, -0.7740, -0.0874, -0.3846, 0.2503, -0.0084|476.4
7|-0.0239, -0.8973, -0.5756, -0.6453, 0.2295, 0.0666, 1.0000, -0.0005|4240|0.2604, -0.1781, -0.7008, -0.8041, -0.2023, -0.4094, 0.2842, -0.0252|636.0
8|0.6193, -0.5576, -0.8189, -0.7192, -0.8087, 0.0742, -0.1063, -0.0005|4500|0.3379, -0.3081, -0.7392, -0.7557, -0.2487, -0.4344, 0.3039, -0.0276|677.0
9|0.8920, -0.8973, -0.6354, -0.7727, 0.1780, -0.4411, 0.7887, 0.5095|2540|0.4127, -0.4569, -0.7466, -0.7297, -0.2965, -0.5128, 0.3893, -0.0030|668.6
10|-0.0757, -0.6057, -0.8189, -0.6453, -0.5829, -0.8468, -0.0624, -0.0005|4760|0.3958, -0.6102, -0.7839, -0.6959, -0.3008, -0.5194, 0.3593, -0.0659|891.4
11|0.6193, -0.5576, -0.8189, -0.6446, 0.1121, -1.0000, -0.1063, 0.5095|4560|0.4242, -0.6495, -0.7300, -0.6854, -0.3157, -0.6621, 0.2632, -0.0148|907.6
12|0.4876, -0.7975, -0.8189, -0.4659, -0.8348, -1.0000, -0.1076, -0.3467|2940|0.5696, -0.6358, -0.7653, -0.5871, -0.3526, -0.7333, 0.2424, -0.0259|900.8
13|0.8920, -0.8973, -0.6354, -0.7727, 0.1780, -0.4411, 0.7887, 0.5095|5960|0.5483, -0.5807, -0.7118, -0.6791, -0.3014, -0.6657, 0.2061, 0.0393|861.0
14|0.8920, -0.6057, -0.8189, -0.5774, -0.8348, -0.5686, -0.0624, 0.5095|4040|0.5220, -0.6673, -0.8130, -0.7369, -0.3188, -0.6048, 0.2019, 0.0791|908.2
15|0.9426, -0.8973, -0.6354, -0.7727, 0.4275, -1.0000, 0.7887, 0.0943|2880|0.5804, -0.6992, -0.7867, -0.8184, -0.1855, -0.6194, 0.3311, 0.0906|1133.0
16|0.8920, -0.8973, -0.6354, -0.7727, 0.1780, -0.4411, 0.7887, 0.5095|7080|0.5651, -0.7401, -0.7616, -0.7905, -0.2088, -0.6611, 0.3564, -0.0087|1060.2
17|0.9880, -0.6057, -0.8189, -1.0000, 0.2950, 0.2844, 1.0000, -0.0005|5580|0.6957, -0.7548, -0.7287, -0.7699, -0.1459, -0.7192, 0.1776, 0.0736|1030.6
18|0.9880, -0.7753, -0.8189, -0.4659, -0.8348, -0.8468, -0.1076, -0.0285|5480|0.7145, -0.7209, -0.7571, -0.7787, -0.2823, -0.6707, 0.1922, 0.0441|1024.2
19|0.8920, -0.7753, -0.8189, -0.5582, 0.1780, -0.8468, -0.1289, -0.0285|4280|0.7336, -0.7518, -0.7605, -0.7023, -0.2755, -0.5704, 0.1639, 0.0970|1283.6
20|0.8920, -0.8973, -0.6354, -0.6446, -0.8348, -0.3604, -0.1096, -0.0005|3060|0.7640, -0.7771, -0.7553, -0.7632, -0.2757, -0.6092, 0.0920, 0.1070|1012.8
21|0.4944, -0.9146, -0.7984, -0.6875, -0.0298, -0.4916, -0.0674, 0.5679|6200|0.7607, -0.8429, -0.7376, -0.7508, -0.2674, -0.6357, 0.1338, 0.1785|1186.2
22|0.8920, -1.0000, -0.6354, -0.6900, 0.4275, -0.3604, -0.0674, -0.0005|6520|0.7785, -0.7923, -0.7428, -0.6789, -0.2528, -0.6611, 0.1079, 0.2248|1096.8
23|0.8920, -0.9257, -0.7081, -1.0000, -0.0298, -0.4916, -0.0624, 0.5679|5840|0.8289, -0.7936, -0.7351, -0.7281, -0.2540, -0.6867, 0.0616, 0.2301|1181.0
24|0.8920, -0.8973, -0.7081, -0.5582, -0.5829, -1.0000, -0.0674, 0.5679|5760|0.8806, -0.8520, -0.7508, -0.7183, -0.2103, -0.6402, -0.0125, 0.1912|1177.0
25|0.8920, -0.9257, -0.8189, -0.7727, -0.5829, -1.0000, -0.0624, 0.5679|5780|0.8924, -0.9058, -0.7646, -0.7701, -0.1351, -0.6318, -0.0639, 0.2392|1318.0
26|0.8000, -0.9257, -0.8189, -0.7727, 0.2389, -0.3604, -0.0674, -0.0238|6480|0.8927, -0.8887, -0.7684, -0.7895, -0.1265, -0.6112, -0.0639, 0.2051|1292.8
27|0.8920, -0.8973, -0.7081, -0.6900, -0.0298, -0.2195, -0.0674, 0.5679|5580|0.8522, -0.8889, -0.7872, -0.8040, -0.0891, -0.5374, -0.0487, 0.2293|1301.8
28|0.8920, -0.9257, -0.7081, -0.6446, -0.0298, -0.4916, -0.0624, 0.5679|5160|0.8994, -0.9163, -0.7866, -0.7922, -0.0676, -0.4568, -0.0555, 0.2563|1340.8
29|0.9635, -1.0000, -0.7650, -0.6900, -0.0213, -0.2195, -0.0674, 0.5679|6760|0.9010, -0.9119, -0.7768, -0.7961, -0.1302, -0.4358, -0.0801, 0.2547|1571.8
30|0.9635, -1.0000, -0.7650, -0.6900, -0.0213, -0.2195, -0.0674, 0.5679|6320|0.9111, -0.9137, -0.7910, -0.7777, -0.0597, -0.4150, -0.0966, 0.2984|1892.0
31|0.8920, -0.9257, -0.7408, -0.6900, -0.0232, 0.0357, -0.0624, -0.0267|8780|0.9241, -0.9236, -0.7966, -0.7680, -0.0342, -0.3723, -0.0902, 0.2427|1775.2
32|0.9880, -0.8973, -0.6354, -0.6900, -0.0298, -0.3604, -0.0624, -0.0238|7000|0.9276, -0.9199, -0.8009, -0.7706, -0.0519, -0.4022, -0.0839, 0.2034|1734.4
