1|0.4651, -1.0000, -0.9305, -0.6277, 0.4211, -0.1775, 0.2974, 0.2846|1020|0.0752, 0.0156, -0.1025, -0.1887, 0.1045, -0.1716, 0.0639, -0.1960|84.0
2|0.4651, -1.0000, -0.9305, -0.6277, 0.4211, -0.1775, 0.2974, 0.2846|3540|0.1397, 0.1128, -0.1496, -0.2628, -0.0515, -0.3664, -0.0050, -0.2302|165.0
3|0.4651, -1.0000, -0.9305, -0.6277, 0.4211, -0.1775, 0.2974, 0.2846|3320|0.1775, 0.0078, -0.2396, -0.4296, -0.0854, -0.4328, -0.1282, -0.0822|319.6
4|0.4651, -1.0000, -0.9305, -0.6277, 0.4211, 0.1631, 0.2974, 0.2846|7940|0.3210, -0.2383, -0.4305, -0.4749, 0.0336, -0.3869, -0.0257, -0.0580|633.6
5|0.4651, -1.0000, -0.9305, -0.6277, 0.4211, 0.1631, 0.2974, 0.2846|7960|0.3997, -0.4536, -0.5625, -0.5976, -0.0217, -0.3613, 0.0512, -0.0480|921.4
6|0.4651, -1.0000, -0.9305, -0.6277, 0.4211, -0.1775, 0.2974, 0.2846|5500|0.4909, -0.6496, -0.6602, -0.6688, -0.0418, -0.3220, 0.0158, 0.0817|1032.8
7|0.4651, -1.0000, -0.9305, -0.6277, 0.4211, 0.1631, 0.2974, 0.2846|6920|0.5448, -0.7740, -0.7239, -0.6654, -0.0917, -0.2748, 0.0312, 0.0789|1225.4
8|0.1971, -1.0000, -0.9305, -0.6277, -0.3038, -0.1531, 0.2974, 0.4049|5420|0.4578, -0.8797, -0.7833, -0.6291, -0.0975, -0.1863, 0.0869, 0.1984|1319.4
9|0.4651, -1.0000, -0.9305, -0.6277, 0.4211, -0.1775, 0.4382, 0.2846|6860|0.4657, -0.9196, -0.8220, -0.6353, -0.1435, -0.1334, 0.1405, 0.2000|1439.4
10|0.1971, -1.0000, -0.9305, -0.6277, -0.3038, -0.1531, 0.2974, 0.4049|4940|0.4948, -0.9563, -0.8411, -0.6462, -0.1181, -0.1314, 0.2031, 0.2195|1353.4
11|0.4651, -1.0000, -0.9305, -0.6277, -0.6680, -0.1801, 0.1812, 0.2887|6280|0.4833, -0.9615, -0.8833, -0.6634, -0.1536, -0.1256, 0.1826, 0.2915|1497.6
12|0.7453, -1.0000, -0.6408, -0.3700, -0.2627, 0.1276, 0.2612, 0.2846|8760|0.4275, -0.9639, -0.8182, -0.6512, -0.1870, -0.1210, 0.1780, 0.2817|1557.2
13|0.5300, -1.0000, -0.6408, -0.5170, -0.2130, 0.1276, 0.2974, 0.2846|7500|0.4543, -0.9801, -0.8635, -0.6408, -0.2032, -0.0972, 0.2150, 0.2876|1711.0
14|0.5300, -1.0000, -0.6408, -0.7862, -0.2130, 0.1276, 0.2974, 0.2846|6300|0.4846, -0.9360, -0.8587, -0.6349, -0.2008, -0.0990, 0.2325, 0.2947|1507.6
15|0.4718, -1.0000, -0.9305, -0.6277, -0.3038, -0.1775, 0.2974, 0.2846|6700|0.4388, -0.9361, -0.8121, -0.6324, -0.1857, -0.1157, 0.2495, 0.2985|1533.2
16|0.5300, -1.0000, -0.6408, -0.5170, -0.2130, -0.1801, 0.2974, 0.2846|6180|0.4398, -0.9779, -0.7932, -0.6456, -0.1989, -0.1655, 0.2584, 0.3178|1874.2
17|0.5300, -1.0000, -0.6408, -0.7862, -0.1022, 0.1276, 0.2974, 0.2846|7120|0.4322, -0.9985, -0.7985, -0.6616, -0.2276, -0.1401, 0.2919, 0.3001|1851.8
18|0.4718, -1.0000, -0.8138, -0.5170, -0.0116, -0.4342, 0.2974, 0.2903|6940|0.4607, -0.9695, -0.7780, -0.6486, -0.2109, -0.1154, 0.2904, 0.2929|1716.6
19|0.5300, -1.0000, -0.6408, -0.7862, -0.2257, 0.1276, 0.3151, 0.2846|6260|0.4483, -0.9695, -0.7709, -0.6022, -0.2010, -0.1196, 0.2845, 0.2830|1906.4
20|0.5300, -1.0000, -0.6408, -0.5170, -0.0116, 0.1276, 0.2974, 0.4588|6640|0.4541, -0.9840, -0.7680, -0.5896, -0.1901, -0.1423, 0.2871, 0.2761|1853.8
21|0.1971, -1.0000, -0.6408, -0.5170, -0.0116, -0.4342, 0.2974, 0.2846|7520|0.4878, -1.0000, -0.7347, -0.5747, -0.1721, -0.1514, 0.2961, 0.2898|1950.2
22|0.4718, -1.0000, -0.8138, -0.5170, -0.2823, 0.1276, 0.2974, 0.4588|9500|0.4771, -1.0000, -0.7469, -0.5685, -0.1771, -0.1445, 0.2935, 0.2789|2101.2
23|0.4998, -1.0000, -0.8138, -0.6277, -0.0116, -0.1801, 0.2974, 0.4588|6140|0.4761, -1.0000, -0.7298, -0.5529, -0.1568, -0.0988, 0.2954, 0.2563|1887.2
24|0.5300, -1.0000, -0.6408, -0.5170, -0.0116, 0.1276, 0.2974, 0.2846|8760|0.4742, -1.0000, -0.7350, -0.5474, -0.1376, -0.1102, 0.2974, 0.2692|2190.4
25|0.4718, -1.0000, -0.8138, -0.5170, -0.0116, 0.1631, 0.2974, 0.2846|12740|0.4643, -1.0000, -0.7122, -0.5431, -0.1389, -0.0950, 0.2974, 0.2366|2189.6
26|0.5300, -1.0000, -0.6408, -0.6277, -0.0116, 0.1631, 0.2974, 0.2846|9440|0.4657, -1.0000, -0.7079, -0.5398, -0.1242, -0.0009, 0.2974, 0.2501|2230.6
27|0.5300, -1.0000, -0.6408, -0.5170, -0.0116, 0.1276, 0.2974, 0.2846|7220|0.4818, -1.0000, -0.7206, -0.5336, -0.1467, 0.0099, 0.2975, 0.2722|2281.6
28|0.4998, -1.0000, -0.6408, -0.5170, -0.0116, 0.1276, 0.2974, 0.2846|8080|0.4827, -1.0000, -0.6958, -0.5413, -0.1245, -0.0103, 0.2975, 0.3088|2099.8
29|0.4718, -1.0000, -0.6408, -0.5170, -0.0116, -0.4342, 0.2974, 0.4588|11500|0.4859, -1.0000, -0.6746, -0.5436, -0.1225, 0.0551, 0.2975, 0.3000|2666.8
30|0.4998, -1.0000, -0.3636, -0.5170, -0.0116, 0.1276, 0.2974, 0.2846|14640|0.4886, -0.9843, -0.6644, -0.5351, -0.1104, 0.0734, 0.2978, 0.2997|2738.6
31|0.5300, -1.0000, -0.3636, -0.5170, -0.0116, 0.1276, 0.2974, 0.4588|9340|0.4873, -1.0000, -0.6166, -0.5402, -0.0855, 0.0576, 0.2975, 0.3092|2575.6
32|0.4718, -1.0000, -0.3636, -0.5170, -0.0116, 0.1631, 0.2974, 0.2846|15860|0.5034, -1.0000, -0.5708, -0.5402, -0.0559, 0.0554, 0.2974, 0.3102|3131.2
