1|0.9512, -0.4188, -0.8261, -0.9526, -1.0000, -0.4998, 0.6766, 0.0472|2060|0.0777, -0.0875, -0.0709, -0.1447, 0.0414, -0.0404, 0.0777, 0.0232|139.2
2|-0.6871, -0.3930, -0.8283, -1.0000, -0.3538, -0.1877, -0.3824, 0.6063|2340|0.0855, -0.1485, -0.3248, -0.2339, -0.0267, 0.0095, 0.1254, -0.0531|198.6
3|-0.6486, -1.0000, -0.9424, -1.0000, -0.8287, -0.9693, 0.4362, 0.7592|2920|0.2223, -0.2507, -0.5691, -0.5452, -0.1021, 0.0149, 0.1308, -0.0111|466.0
4|1.0000, -0.4188, -0.8261, -0.8165, 0.4203, -0.3870, 0.6766, 0.0698|2540|0.3480, -0.2937, -0.7386, -0.7164, -0.2304, -0.1540, 0.1040, 0.0506|488.2
5|0.9512, -1.0000, -0.8261, -0.8165, 0.4203, -0.3870, 0.2139, 0.0698|2940|0.4424, -0.3868, -0.8390, -0.8354, -0.2689, -0.0741, 0.1119, 0.0378|684.4
6|1.0000, -0.5049, -0.8261, -1.0000, -0.3538, 0.0354, -0.3824, 0.6226|3800|0.5479, -0.4764, -0.8278, -0.8211, -0.3836, -0.1130, 0.1245, 0.0732|797.0
7|0.9512, -1.0000, -0.8261, -0.9526, -1.0000, -0.4998, 0.4362, 0.7592|3460|0.5393, -0.4939, -0.7280, -0.8916, -0.4331, -0.1913, 0.1205, 0.1189|705.8
8|0.9512, -1.0000, -0.9615, -0.9753, -0.2022, 0.4450, 1.0000, 0.0472|2480|0.6379, -0.5152, -0.7974, -0.9227, -0.5269, -0.1972, 0.1355, 0.1432|775.8
9|0.9512, -1.0000, -0.9615, -0.9753, -0.2022, 0.4450, 1.0000, 0.0472|4280|0.7616, -0.5771, -0.8362, -0.9115, -0.3898, -0.0784, 0.2347, 0.0904|999.4
10|1.0000, -1.0000, -0.9615, -0.8165, -0.2022, 0.4450, 0.6766, 0.4269|3500|0.8208, -0.6678, -0.8881, -0.8879, -0.3476, 0.0365, 0.3725, 0.0906|1054.6
11|0.9512, -1.0000, -0.9615, -0.9753, -0.2022, 0.4450, 1.0000, 0.4269|3000|0.8571, -0.7059, -0.8870, -0.8312, -0.2786, 0.1185, 0.3750, 0.1971|989.4
12|0.9512, -1.0000, -0.9615, -0.9753, -0.2022, 0.4450, 0.6766, 0.0472|4520|0.8775, -0.7783, -0.9012, -0.9351, -0.2606, 0.2056, 0.5235, 0.1759|1181.6
13|1.0000, -1.0000, -0.9615, -0.9753, -0.2022, 0.4450, 0.6766, 0.4269|4900|0.9083, -0.8709, -0.8991, -0.9440, -0.1612, 0.2913, 0.5425, 0.0904|1289.2
14|1.0000, -1.0000, -0.6034, -0.8165, 0.4704, 0.4450, 1.0000, 0.0698|5120|0.9439, -0.9387, -0.8107, -0.9203, -0.0957, 0.3770, 0.6450, 0.0909|1168.0
15|1.0000, -1.0000, -0.8861, -0.8165, 0.4704, 0.4450, 1.0000, 0.0472|5160|0.9589, -0.9475, -0.8954, -0.9069, -0.0299, 0.4104, 0.6922, 0.0686|1490.0
16|1.0000, -0.8304, -0.9615, -0.8165, 0.4704, 0.4450, 1.0000, -0.0698|6500|0.9617, -0.9489, -0.9211, -0.9123, -0.1086, 0.4322, 0.6641, 0.0617|1478.0
17|1.0000, -1.0000, -0.8861, -0.8165, 0.4704, 0.4450, 1.0000, 0.0472|7700|0.9677, -0.9462, -0.9279, -0.9278, -0.0799, 0.4096, 0.5828, 0.0926|1345.4
18|0.8790, -1.0000, -0.9615, -0.9753, -0.2022, 0.4450, 1.0000, 0.0472|6420|0.9598, -0.9374, -0.9257, -0.9227, -0.1037, 0.4117, 0.6569, 0.0743|1562.8
19|1.0000, -0.8304, -0.9615, -0.8165, 0.4704, 0.4450, 1.0000, -0.0698|6000|0.9536, -0.9396, -0.9337, -0.9193, -0.0756, 0.4315, 0.6524, 0.1192|1381.4
20|0.9512, -1.0000, -0.9615, -0.9753, 0.4704, 0.4450, 1.0000, 0.4269|5780|0.9461, -0.9238, -0.8856, -0.9191, -0.0666, 0.4260, 0.5846, 0.1220|1368.0
21|0.9512, -1.0000, -0.9615, -0.9753, -0.2022, 0.2742, 0.2139, -0.0606|7260|0.9340, -0.9819, -0.9151, -0.9321, -0.0652, 0.4234, 0.5605, 0.1002|1471.0
22|0.9512, -1.0000, -0.9615, -0.8165, -0.2022, 0.4450, 0.2729, 0.4269|5280|0.9100, -0.9841, -0.9039, -0.9228, -0.0560, 0.3870, 0.5644, 0.1149|1378.2
23|1.0000, -1.0000, -0.9615, -0.9753, 0.4704, 0.4450, 0.2139, 0.0472|5700|0.9471, -0.9864, -0.8902, -0.9100, -0.0742, 0.4277, 0.6047, 0.1081|1427.2
24|0.9512, -1.0000, -0.9615, -0.8165, -0.2022, 0.4450, 0.2729, 0.0698|4360|0.9541, -0.9663, -0.8731, -0.9000, -0.0811, 0.4302, 0.6215, 0.1218|1430.6
25|0.9512, -0.8304, -0.6034, -0.8776, 0.4704, 0.4450, 1.0000, 0.0472|6660|0.9607, -0.9813, -0.8702, -0.9039, -0.0609, 0.4286, 0.6331, 0.0879|1535.4
26|0.9512, -1.0000, -0.9615, -0.9753, -0.2022, 0.2742, 0.2139, -0.0606|5120|0.9663, -0.9447, -0.8765, -0.8984, -0.0708, 0.4244, 0.5957, 0.1252|1361.0
27|0.9512, -1.0000, -0.9615, -0.8165, -0.2022, 0.4450, 0.2729, 0.4269|5600|0.9683, -0.9612, -0.8271, -0.8909, -0.0816, 0.4189, 0.4748, 0.1260|1631.0
28|0.9512, -1.0000, -0.9615, -0.8165, -0.2022, 0.4450, 0.2729, -0.0606|5600|0.9678, -0.9915, -0.8534, -0.8854, -0.0878, 0.4211, 0.4174, 0.1205|1673.8
29|0.9512, -1.0000, -0.9615, -0.8165, 0.4704, 0.4450, 0.6766, 0.0698|7740|0.9515, -0.9949, -0.8420, -0.8799, -0.1013, 0.4152, 0.4206, 0.1612|1688.6
30|0.9512, -1.0000, -0.9615, -0.8165, -0.2022, 0.4450, 0.2729, 0.4269|10100|0.9405, -0.9949, -0.8507, -0.8551, -0.0811, 0.4094, 0.3994, 0.1652|1667.2
31|0.9512, -1.0000, -0.6034, -0.8776, -0.2022, 0.4450, 0.2729, 0.4269|7600|0.9624, -0.9949, -0.8676, -0.8415, -0.1432, 0.3987, 0.4005, 0.1865|1571.8
32|0.9512, -1.0000, -0.9615, -0.8165, -0.2022, 0.4450, 0.2729, 0.4269|5840|0.9629, -0.9983, -0.8672, -0.8555, -0.1311, 0.3991, 0.3902, 0.2100|1547.4
