1|1.0000, -0.7942, -0.2546, -0.6588, 0.0089, 0.0858, -0.8630, -0.0022|1520|0.0876, -0.0426, -0.1344, -0.0235, 0.0885, -0.0050, -0.0149, -0.0106|69.0
2|0.2418, -0.8747, -1.0000, -0.3503, -0.3542, -0.3015, 0.8912, 1.0000|1720|0.1519, -0.0747, -0.3126, -0.3509, 0.0126, -0.0614, -0.0023, -0.0915|199.6
3|0.1115, -0.4853, -0.7831, -1.0000, -0.2607, -0.6438, 0.2880, -0.8807|1480|0.2005, -0.1432, -0.3584, -0.5084, -0.0866, -0.1510, 0.0004, -0.0320|333.8
4|0.2418, -0.7942, -1.0000, -0.6588, 0.0089, 0.0858, 0.8912, -0.0017|2060|0.4092, -0.2997, -0.5011, -0.7087, -0.1692, -0.1076, -0.1545, -0.0311|533.6
5|0.9336, -0.9617, -0.5496, -1.0000, -0.5349, 0.2589, -0.5205, -0.6767|2880|0.4664, -0.4082, -0.5472, -0.8152, -0.1042, -0.0813, -0.1329, -0.0110|691.8
6|0.2418, -0.7942, -0.7831, -0.6588, 0.0089, 0.0850, 0.2880, 1.0000|2800|0.5748, -0.5441, -0.5269, -0.7828, -0.1430, -0.1125, -0.2831, 0.0415|725.2
7|0.9336, -0.9617, -0.5496, -0.7354, 0.0089, 0.0850, -0.5205, 0.0024|2380|0.5831, -0.6029, -0.4895, -0.8223, -0.1278, -0.0766, -0.3281, 0.0156|712.6
8|1.0000, -0.7942, -0.7831, -0.6588, 0.1900, 0.0850, 0.2880, 0.0024|4940|0.6499, -0.6856, -0.5032, -0.8283, -0.1112, -0.0300, -0.1983, 0.0526|932.4
9|1.0000, -0.7942, -0.8488, -0.6588, 0.1994, -0.2448, 0.2348, 0.0024|5700|0.6897, -0.7774, -0.5161, -0.7824, -0.1157, -0.0487, -0.1091, 0.1420|1039.6
10|0.9336, -0.9617, -0.5496, -0.7354, 0.0089, 0.0850, -0.5205, 0.0024|5520|0.7831, -0.7996, -0.5187, -0.7530, -0.0864, -0.0337, -0.0975, 0.0168|1396.2
11|0.9336, -0.9617, -0.5496, -0.5802, 0.0078, 0.0850, -0.7601, 0.0024|5500|0.5889, -0.8603, -0.6078, -0.7049, 0.0008, -0.0319, -0.0518, -0.0098|1180.0
12|1.0000, -1.0000, -0.5496, -0.5656, 0.1900, 0.0850, 0.2348, -0.0027|6720|0.7841, -0.8687, -0.5373, -0.7085, 0.0141, -0.0081, -0.1451, 0.0273|1423.6
13|1.0000, -1.0000, -0.5496, -0.5656, 0.1900, 0.0850, 0.2348, -0.0027|6120|0.7372, -0.8756, -0.4653, -0.7000, 0.0188, 0.0380, 0.0073, 0.0637|1292.4
14|1.0000, -1.0000, -0.5496, -0.5656, 0.1900, 0.0850, 0.2348, -0.0027|5500|0.7415, -0.7941, -0.5154, -0.6965, 0.0560, 0.0477, 0.1128, 0.0060|1521.0
15|0.8681, -1.0000, -0.5496, -0.5656, 0.1900, 0.0850, 0.2348, -0.0027|11540|0.7556, -0.9022, -0.4792, -0.6137, 0.0678, 0.0525, 0.0140, -0.0107|1784.6
16|0.8681, -1.0000, -0.5496, -0.5656, 0.1900, 0.0850, 0.2348, -0.0027|7300|0.8010, -0.8357, -0.4888, -0.4897, 0.0730, 0.0550, -0.0130, -0.0251|1665.2
17|0.2783, -1.0000, -0.3293, -0.4504, 0.0002, 0.0718, 0.2880, 0.0024|9920|0.7688, -0.8662, -0.4837, -0.5954, 0.0843, 0.0469, 0.0396, -0.0058|2186.2
18|1.0000, -1.0000, -0.3293, -0.4504, 0.0064, 0.0509, -0.3777, 0.0024|9060|0.7812, -0.8886, -0.5209, -0.5481, 0.0742, 0.0454, -0.0165, -0.0061|2223.4
19|1.0000, -0.7368, -0.3293, -0.4504, 0.0002, 0.0718, 0.2880, 0.0024|9560|0.7987, -0.9091, -0.4881, -0.5590, 0.0711, 0.0615, 0.1056, 0.0003|2753.6
20|0.9707, -1.0000, -0.3293, -0.4504, 0.0064, 0.0884, 0.2348, 0.0025|18120|0.7664, -0.9120, -0.4589, -0.5284, 0.0669, 0.0611, 0.1143, 0.0006|3105.0
21|0.9707, -1.0000, -0.3293, -0.4504, 0.0064, 0.0884, 0.2348, 0.0025|11960|0.7783, -0.9401, -0.4282, -0.5079, 0.0603, 0.0725, 0.0972, 0.0005|2970.8
22|1.0000, -1.0000, -0.3293, -0.4504, -0.0031, 0.0884, 0.2348, 0.0025|13320|0.7541, -0.9444, -0.4215, -0.5277, 0.0843, 0.0683, 0.1268, 0.0001|3399.8
23|0.9707, -1.0000, -0.3293, -0.4504, 0.0064, 0.0884, 0.2348, 0.0025|11640|0.8142, -0.9662, -0.3979, -0.5038, 0.0805, 0.0710, 0.1054, 0.0002|3637.4
24|0.9336, -1.0000, -0.3293, -0.4504, 0.0064, 0.0884, 0.1982, 0.0026|19540|0.8294, -0.9680, -0.3714, -0.4931, 0.0826, 0.0709, 0.1160, 0.0001|3142.6
25|0.9336, -1.0000, -0.3293, -0.4504, 0.0064, 0.0884, 0.1982, 0.0026|23780|0.8884, -0.9797, -0.3595, -0.4839, 0.0796, 0.0777, 0.1418, 0.0006|4532.0
26|0.8681, -1.0000, -0.3293, -0.4504, 0.0064, 0.0730, 0.2348, -0.0010|29160|0.8888, -0.9854, -0.3505, -0.4675, 0.0765, 0.0775, 0.1641, 0.0009|5004.6
27|0.9336, -1.0000, -0.3293, -0.4504, 0.1900, 0.0730, 0.2348, -0.0010|42220|0.8740, -0.9898, -0.3427, -0.4586, 0.0750, 0.0754, 0.1850, 0.0006|5249.0
28|0.9336, -1.0000, -0.3293, -0.4504, 0.0064, 0.0509, 0.1982, 0.0026|19500|0.9151, -0.9959, -0.3513, -0.4472, 0.0799, 0.0733, 0.1893, 0.0001|4098.2
29|0.8681, -1.0000, -0.3293, -0.4504, 0.1900, 0.0730, 0.2348, 0.0025|12640|0.9070, -0.9938, -0.3269, -0.4556, 0.0718, 0.0739, 0.2012, 0.0006|4729.6
30|0.8681, -1.0000, -0.1067, -0.4504, 0.1900, 0.0730, 0.2348, 0.0025|36700|0.9319, -1.0000, -0.3115, -0.4574, 0.0828, 0.0786, 0.1842, 0.0004|5663.6
31|0.9336, -1.0000, -0.3293, -0.4504, -0.0031, 0.0884, 0.2348, 0.0025|16540|0.9247, -1.0000, -0.3093, -0.4618, 0.0695, 0.0766, 0.1881, 0.0005|4171.8
32|1.0000, -1.0000, -0.3293, -0.4504, 0.1900, 0.0884, 0.1982, -0.0015|27520|0.9293, -1.0000, -0.3182, -0.4630, 0.0658, 0.0747, 0.1716, 0.0006|5108.8
