1|-0.0919, -0.6633, -1.0000, -0.2704, -0.5368, -0.9734, -0.2823, 0.7373|2320|-0.0340, -0.0657, -0.2373, -0.0352, -0.2814, -0.1100, -0.1853, -0.0530|139.6
2|-0.1326, -0.9039, -0.7907, -1.0000, 0.1638, 0.9839, 0.0052, 0.9617|2000|0.1087, -0.1461, -0.4080, -0.2634, -0.3299, -0.3679, -0.2154, 0.0066|307.0
3|0.0155, -0.5566, -1.0000, -0.7700, -0.3589, -0.3137, 0.0311, 0.6444|2120|-0.0270, -0.3202, -0.5510, -0.4244, -0.3981, -0.4271, -0.2704, 0.0125|402.4
4|0.0155, -1.0000, -0.1747, -0.5322, -0.0284, -0.0571, 0.0311, 0.6444|5080|0.1351, -0.5731, -0.6488, -0.5777, -0.4345, -0.4685, -0.2228, 0.0687|714.8
5|0.9317, -0.7507, -1.0000, -0.1657, -0.5771, -0.9942, -0.2982, -0.9564|3700|0.2258, -0.7075, -0.6745, -0.5490, -0.5191, -0.4659, -0.3360, 0.2372|855.2
6|0.0155, -1.0000, -0.1747, -0.5322, -0.0284, -0.0571, 0.0311, 0.6444|4640|0.2917, -0.7831, -0.7125, -0.5211, -0.5192, -0.5269, -0.3395, 0.1694|982.4
7|0.4504, -0.7399, -1.0000, -0.5479, -0.1379, -0.0571, -0.0594, 0.0266|3460|0.2918, -0.8375, -0.7752, -0.4807, -0.6074, -0.6059, -0.3595, 0.3683|1094.4
8|0.0123, -1.0000, -0.1747, -0.5322, -0.0284, -0.0571, 0.0311, 0.6444|4020|0.2954, -0.8512, -0.7428, -0.4805, -0.6232, -0.5545, -0.4158, 0.3927|1241.6
9|0.5677, -0.7399, -1.0000, -0.5091, -0.7757, -0.5186, -0.0594, 0.0266|3860|0.3757, -0.9113, -0.6838, -0.4676, -0.5852, -0.5986, -0.4232, 0.4095|1059.8
10|0.0123, -1.0000, -0.1747, -0.5322, -0.0008, -0.0571, 0.0311, 0.6444|8800|0.3944, -0.9068, -0.6299, -0.5019, -0.6371, -0.6129, -0.3926, 0.4382|1328.6
11|0.4504, -1.0000, -0.1747, -0.5322, -0.0008, -0.0571, 0.0311, 0.6444|6940|0.4102, -0.7886, -0.5700, -0.4497, -0.5959, -0.5301, -0.2519, 0.4770|1441.2
12|0.0123, -1.0000, -0.1747, -0.5322, -0.0008, -0.0571, 0.0311, 0.6444|5460|0.3955, -0.9198, -0.5246, -0.4960, -0.5399, -0.5178, -0.1705, 0.5478|1519.8
13|0.0123, -1.0000, -0.1747, -0.5322, -0.0008, -0.0571, -0.0431, 0.6444|7300|0.4109, -0.8828, -0.4810, -0.5196, -0.4943, -0.4312, -0.1199, 0.5531|1673.0
14|0.4504, -1.0000, -0.1747, -0.5322, -0.0008, 0.0014, 0.0311, 0.6444|11120|0.3863, -0.9112, -0.3951, -0.5125, -0.4270, -0.3341, -0.0583, 0.5883|2056.8
15|0.6713, -1.0000, -0.1747, -0.5322, -0.0008, -0.0571, 0.0311, 1.0000|6700|0.3490, -0.9542, -0.3413, -0.5077, -0.3906, -0.2923, -0.0250, 0.6006|1853.8
16|0.6713, -1.0000, -0.1747, -0.4947, -0.0008, -0.0571, 0.0494, 0.6444|8700|0.3388, -0.9775, -0.3102, -0.5187, -0.3330, -0.2303, 0.0077, 0.6229|2367.0
17|0.0123, -1.0000, -0.1747, -0.5322, -0.0008, -0.0571, 0.0311, 0.6444|6920|0.3030, -1.0000, -0.2210, -0.5204, -0.2406, -0.0733, 0.0311, 0.6504|2004.4
18|0.0123, -1.0000, -0.1747, -0.5322, -0.0008, -0.0571, 0.0494, 0.6444|13340|0.3502, -1.0000, -0.2064, -0.5158, -0.2180, -0.1114, 0.0310, 0.6421|2567.8
19|0.4504, -1.0000, -0.1747, -0.5322, -0.0008, 0.0014, 0.0311, 0.5675|9920|0.3789, -1.0000, -0.1999, -0.5222, -0.1770, -0.0497, 0.0259, 0.6623|3035.6
20|0.5911, -1.0000, -0.1538, -0.3619, -0.0007, -0.0503, 0.0435, 0.5675|10840|0.3643, -1.0000, -0.2304, -0.5180, -0.0842, -0.0299, 0.0288, 0.6198|3103.8
21|0.5911, -1.0000, -0.1538, -0.3619, -0.0004, -0.0503, 0.0435, 0.5675|21940|0.4131, -1.0000, -0.1921, -0.5078, -0.0654, -0.0206, 0.0292, 0.6178|4210.4
22|0.5911, -1.0000, -0.1538, -0.4357, -0.0007, -0.0503, 0.0435, 0.5675|25740|0.4651, -1.0000, -0.1803, -0.4766, -0.0330, -0.0169, 0.0203, 0.6126|4221.2
23|0.5911, -1.0000, -0.1538, -0.3619, -0.0004, -0.0503, 0.0435, 0.5675|44480|0.5694, -1.0000, -0.1678, -0.4866, -0.0106, 0.0028, 0.0249, 0.6134|5144.8
24|0.5911, -1.0000, -0.1538, -0.3619, -0.0004, -0.0503, 0.0435, 0.5675|37100|0.5937, -1.0000, -0.1598, -0.4552, -0.0306, -0.0001, 0.0341, 0.5956|4653.4
25|0.5677, -1.0000, -0.1747, -0.4357, -0.0002, 0.0014, -0.0431, 0.5675|40000|0.5832, -1.0000, -0.1585, -0.4346, -0.0305, -0.0058, 0.0390, 0.5944|5405.2
26|0.5911, -1.0000, -0.1538, -0.3619, -0.0004, -0.0503, 0.0494, 0.5675|20780|0.6112, -1.0000, -0.1603, -0.4227, -0.0205, -0.0082, 0.0393, 0.5919|4955.2
27|0.5911, -1.0000, -0.1538, -0.3619, -0.0004, -0.0503, 0.0435, 0.5675|18980|0.6185, -1.0000, -0.1576, -0.4024, -0.0305, -0.0329, 0.0425, 0.5844|5617.2
28|0.5911, -1.0000, -0.1538, -0.3619, -0.0004, -0.0503, 0.0435, 0.5675|33580|0.6171, -1.0000, -0.1570, -0.3934, -0.0105, -0.0354, 0.0424, 0.5775|7031.8
29|0.6713, -1.0000, -0.1747, -0.3619, -0.0004, 0.0151, 0.0435, 0.5675|18500|0.6163, -1.0000, -0.1580, -0.3829, -0.0005, -0.0367, 0.0426, 0.5798|5409.0
30|0.5911, -1.0000, -0.1538, -0.3619, -0.0004, -0.0503, 0.0435, 0.5675|20100|0.6163, -1.0000, -0.1535, -0.3778, -0.0005, -0.0369, 0.0429, 0.5759|6623.8
31|0.5911, -1.0000, -0.1538, -0.3619, -0.0007, -0.0503, 0.0435, 0.5675|42840|0.6159, -1.0000, -0.1557, -0.3756, -0.0005, -0.0314, 0.0425, 0.5736|6526.6
32|0.5911, -1.0000, -0.1538, -0.3619, -0.0004, 0.0014, 0.0435, 0.5675|33300|0.6095, -1.0000, -0.1574, -0.3683, -0.0005, -0.0314, 0.0432, 0.5836|6728.0
