1|1.0000, 0.0989, -0.3882, -0.6773, -0.4255, -0.1873, -0.1237, 0.4325|1220|0.2636, -0.1762, -0.1984, -0.3160, -0.0923, -0.2266, -0.1705, 0.1075|211.6
2|1.0000, 0.0989, -0.5374, -0.6773, -0.4255, -0.1873, -0.1237, 0.4325|2780|0.4636, -0.3059, -0.4092, -0.5395, -0.0592, -0.4369, -0.1060, 0.1267|466.4
3|-0.1366, -0.4317, -0.8469, -0.9887, 1.0000, -0.5358, 0.8915, -0.1438|4420|0.5492, -0.3188, -0.5093, -0.6055, -0.1429, -0.3792, 0.0132, 0.1699|689.6
4|1.0000, -0.4777, -0.5374, -0.1724, -0.2902, -0.1873, -0.3321, 0.4325|2940|0.5230, -0.2933, -0.6095, -0.6627, -0.2663, -0.4418, -0.1148, 0.1248|582.8
5|0.9504, 0.0989, -0.5374, -0.6773, -0.4255, -1.0000, 0.1723, 0.2060|1860|0.6611, -0.2687, -0.5974, -0.6333, -0.3491, -0.4777, -0.0995, 0.2066|666.6
6|0.8450, -0.8128, -1.0000, -0.5681, -0.4255, -0.1873, -0.1237, -0.8168|4000|0.7576, -0.3027, -0.5926, -0.5916, -0.3365, -0.5091, -0.0637, 0.1448|839.6
7|0.8450, -0.8128, -1.0000, -0.6773, -0.4255, -0.1873, -0.1237, 0.4325|3720|0.8775, -0.3487, -0.6049, -0.5552, -0.3591, -0.4617, -0.0265, 0.1215|1030.2
8|0.9793, -1.0000, -0.2076, -0.0700, -0.4255, -0.5972, -0.1491, 0.4325|4240|0.8738, -0.3667, -0.6245, -0.5367, -0.4093, -0.4528, -0.0017, 0.2624|1000.8
9|0.9793, -1.0000, -0.2076, -0.0700, -0.4255, -0.5972, -0.1491, 0.4325|4000|0.8693, -0.6134, -0.6512, -0.5156, -0.4084, -0.4160, -0.0478, 0.2873|1041.4
10|0.9793, -1.0000, -0.2076, -0.0700, -0.4255, -0.5972, -0.1491, 0.4325|7200|0.8746, -0.6704, -0.6447, -0.5153, -0.4467, -0.4037, -0.0611, 0.3200|1501.4
11|1.0000, -0.8128, -0.5374, -0.5681, -0.4255, -0.1873, 0.0951, 0.4325|5080|0.8945, -0.7558, -0.6236, -0.5346, -0.4995, -0.3314, -0.1506, 0.4089|1427.2
12|0.9793, -1.0000, -0.2076, -0.0700, -0.4255, -0.5972, -0.1491, 0.4325|6100|0.9140, -0.7909, -0.5971, -0.5034, -0.4658, -0.3516, -0.1406, 0.4226|1565.4
13|0.8450, -0.8128, -1.0000, -0.5681, -0.6733, -0.1873, -0.5023, 0.5514|7020|0.8370, -0.8264, -0.5772, -0.4641, -0.4423, -0.4017, -0.1509, 0.4629|1522.6
14|1.0000, -1.0000, -0.5374, -0.4314, -0.4770, -0.3777, -0.1237, 0.4325|7440|0.9205, -0.8707, -0.5709, -0.4527, -0.4062, -0.3734, -0.1391, 0.4246|1494.4
15|1.0000, -1.0000, -0.5374, -0.4314, -0.4770, -0.3777, -0.1237, 0.4325|12560|0.9427, -0.8950, -0.5278, -0.4566, -0.4410, -0.3262, -0.1261, 0.4271|2104.2
16|0.9793, -1.0000, -0.5374, -0.0700, -0.4770, -0.5972, -0.1491, 0.1021|7440|0.9679, -0.9169, -0.4757, -0.4503, -0.4428, -0.3347, -0.1175, 0.4192|2263.8
17|1.0000, -1.0000, -0.5374, -0.4314, -0.6417, -0.3777, -0.1237, 0.4325|10040|0.9796, -0.9439, -0.4091, -0.4058, -0.4752, -0.3673, -0.1194, 0.4050|2239.8
18|1.0000, -1.0000, -0.5374, -0.4314, -0.4255, -0.3777, -0.1237, 0.4325|7720|0.9831, -0.9671, -0.3674, -0.4080, -0.4776, -0.3118, -0.1155, 0.4178|1981.6
19|1.0000, -1.0000, -0.5374, -0.4314, -0.4255, -0.3777, -0.1491, 0.4325|10280|0.9900, -0.9708, -0.3618, -0.3855, -0.4949, -0.3339, -0.1058, 0.4121|2259.2
20|0.9793, -1.0000, -0.5374, -0.4314, -0.3743, -0.3777, -0.1491, 0.4325|12300|0.9882, -0.9693, -0.3642, -0.4087, -0.4853, -0.2940, -0.0852, 0.4040|2224.4
21|1.0000, -1.0000, -0.5374, -0.4314, -0.6417, -0.1873, -0.1237, 0.4325|9880|0.9883, -0.7827, -0.3659, -0.4280, -0.4830, -0.2838, -0.0918, 0.4052|2116.6
22|0.9793, -1.0000, -0.2076, -0.4314, -0.3743, 0.3080, 0.3656, 0.3126|7660|0.9853, -0.9183, -0.3398, -0.4244, -0.4537, -0.2676, -0.0796, 0.3979|2280.0
23|0.9793, -1.0000, -0.2076, -0.4314, -0.3743, 0.3080, -0.1491, 0.4325|7740|0.9889, -0.9693, -0.3436, -0.4660, -0.4446, -0.1975, -0.0449, 0.3965|1927.2
24|0.9793, -1.0000, -0.2076, -0.4314, -0.0138, 0.3080, 0.3656, 0.3126|15220|0.9893, -0.9802, -0.3461, -0.4789, -0.3991, -0.1407, -0.0295, 0.3899|2693.4
25|0.9793, -1.0000, -0.2076, -0.4314, -0.0138, 0.3080, -0.1491, 0.3126|14880|0.9916, -0.9854, -0.3060, -0.4599, -0.3642, -0.1396, -0.0372, 0.3839|3085.0
26|0.9793, -1.0000, -0.2076, -0.4314, -0.0138, 0.3080, 0.3656, 0.3126|12780|0.9891, -0.9861, -0.2730, -0.4352, -0.3013, -0.0842, 0.0363, 0.3675|2780.0
27|0.9793, -1.0000, -0.2076, -0.4314, -0.0138, 0.3080, 0.3656, 0.3126|16940|0.9875, -0.9816, -0.2499, -0.3985, -0.2353, -0.0359, 0.0870, 0.3450|3279.2
28|1.0000, -1.0000, -0.2076, -0.0700, -0.0403, -0.3777, -0.1491, 0.1021|12420|0.9872, -0.9807, -0.2208, -0.3920, -0.1731, 0.0365, 0.1648, 0.3381|3788.6
29|0.9793, -1.0000, -0.2076, -0.4314, -0.0403, -0.1873, -0.1491, 0.4325|14360|0.9923, -0.7240, -0.2285, -0.3879, -0.0946, 0.0761, 0.1425, 0.3319|2472.8
30|0.9793, -1.0000, -0.2076, -0.4314, -0.0138, 0.3080, 0.3656, 0.3126|23180|0.9874, -0.9346, -0.2243, -0.4007, -0.0909, 0.0452, 0.1153, 0.3352|4036.8
31|1.0000, -1.0000, -0.2076, -0.4314, -0.0138, 0.3080, 0.3656, 0.3126|27000|0.9865, -0.9854, -0.2142, -0.3955, -0.0766, 0.0970, 0.1098, 0.3175|4557.8
32|1.0000, -1.0000, -0.2076, -0.4314, -0.0138, 0.3080, -0.1491, 0.3126|15660|0.9876, -1.0000, -0.2076, -0.3881, -0.0511, 0.0802, 0.1016, 0.3180|4317.2
