1|0.7811, -0.6221, -1.0000, -0.9213, 0.7622, -0.3428, 0.6274, 0.7064|1660|0.1022, -0.2267, -0.0914, -0.0324, -0.0878, -0.0497, 0.1447, -0.0364|123.8
2|0.5053, -1.0000, -0.1531, -0.1360, -0.3278, -0.2737, -0.4919, -0.1466|7400|0.0967, -0.1890, -0.3855, -0.2700, -0.2048, -0.1339, 0.1896, 0.0154|375.0
3|0.5053, -1.0000, -0.1531, -0.0023, -0.3278, -0.2737, -0.4919, -0.0750|6940|0.1631, -0.1558, -0.6009, -0.5020, -0.3999, -0.1739, 0.2400, -0.0248|550.8
4|0.5053, -1.0000, -0.1531, -0.0023, -0.3278, -0.2737, -0.4919, -0.0750|5540|0.3783, -0.2609, -0.6108, -0.4183, -0.4847, -0.2559, 0.1913, 0.0553|616.2
5|0.9678, -0.8409, -0.4576, -0.4444, -0.3278, -1.0000, -0.4094, -0.0750|2560|0.3383, -0.4346, -0.6041, -0.4187, -0.4084, -0.2714, 0.1800, 0.0111|531.2
6|0.9938, -1.0000, -0.6909, -0.7100, -0.3278, -0.2737, -0.2934, 0.0486|4040|0.4281, -0.4632, -0.6123, -0.4561, -0.4649, -0.3544, 0.0981, -0.0499|729.8
7|0.9938, -1.0000, -1.0000, -0.2251, -0.3278, -0.1367, -0.4919, -0.0750|4060|0.4845, -0.6134, -0.6952, -0.4994, -0.4539, -0.3417, 0.0931, 0.0266|832.2
8|0.5053, -1.0000, -1.0000, -0.6862, -0.2327, -0.6078, 0.4630, 0.0932|4640|0.5527, -0.6025, -0.7086, -0.3921, -0.5417, -0.2351, 0.0848, -0.0270|784.2
9|0.9938, -1.0000, -1.0000, -0.8235, -0.3278, -0.1416, 0.4423, -0.0750|5860|0.6167, -0.5722, -0.7035, -0.5203, -0.5056, -0.2049, 0.0623, 0.1216|859.2
10|0.9938, -1.0000, -1.0000, -0.8235, -0.3278, -0.1416, -0.4094, 0.0024|4500|0.6836, -0.6085, -0.7116, -0.6306, -0.4605, -0.1800, -0.0379, 0.2162|971.0
11|1.0000, -0.7984, -0.7853, -0.6042, 0.4995, 0.0899, 0.3697, -0.0098|4520|0.7811, -0.6102, -0.7069, -0.3607, -0.2060, -0.0811, -0.0988, 0.3109|633.2
12|0.9938, -1.0000, -1.0000, -0.8235, -0.3278, -0.1416, -0.4094, 0.0024|9520|0.7690, -0.6477, -0.7254, -0.5596, -0.2544, -0.0876, -0.0485, 0.2426|1090.4
13|0.7700, -1.0000, -0.4981, -0.7100, 0.2002, 0.2834, -0.2934, 0.7064|7480|0.7757, -0.6257, -0.7299, -0.5779, -0.3009, -0.0561, -0.0626, 0.1810|1112.2
14|0.1599, -0.3894, -1.0000, -0.4445, 0.0882, 0.1774, 0.3928, 0.4422|5820|0.6990, -0.6443, -0.7095, -0.5920, -0.2390, 0.0213, -0.0516, 0.1552|1076.4
15|0.7700, -1.0000, -0.1373, -0.7100, 0.2002, 0.2834, -0.2934, 0.7064|7080|0.8406, -0.5506, -0.6716, -0.6622, -0.1488, 0.0641, -0.0549, 0.1458|1032.8
16|1.0000, -1.0000, -0.8430, -0.5278, -0.1162, 0.0155, -0.2934, -0.0036|5680|0.7023, -0.6840, -0.6092, -0.6438, -0.1699, 0.0207, -0.0316, 0.1798|1012.0
17|1.0000, -0.9799, -0.7533, -0.4336, -0.3299, 0.2766, -0.1596, 0.0012|5280|0.8478, -0.7140, -0.6127, -0.6351, -0.1631, 0.0763, -0.1747, 0.2632|1252.2
18|1.0000, -1.0000, -0.8430, -0.5278, -0.1162, 0.0155, -0.2934, -0.0036|7400|0.8405, -0.7184, -0.6278, -0.5910, -0.1661, 0.0749, -0.1838, 0.2098|1411.6
19|1.0000, -1.0000, -0.8430, -0.4336, 0.0698, 0.0155, -0.2934, 0.6894|8920|0.8476, -0.7545, -0.5843, -0.6379, -0.0953, 0.0825, -0.1048, 0.2649|1352.6
20|1.0000, -1.0000, -0.8430, -0.4336, 0.0698, 0.0155, -0.2934, 0.6894|9200|0.9217, -0.8206, -0.6731, -0.6092, -0.0740, 0.1051, -0.1126, 0.3357|1671.4
21|1.0000, -1.0000, -0.8430, -1.0000, -0.0672, -0.2367, -0.2934, 0.7284|8800|0.8274, -0.8366, -0.7094, -0.5753, -0.0740, 0.0580, -0.1154, 0.2937|1607.2
22|1.0000, -1.0000, -0.2131, -0.4336, -0.1528, 0.0155, -0.1596, 0.4515|9840|0.9433, -0.9088, -0.7582, -0.6121, -0.0382, 0.0333, -0.0888, 0.3781|1703.6
23|1.0000, -1.0000, -0.2131, -0.4336, -0.1528, 0.0155, -0.1596, 0.4515|8840|0.9524, -0.9346, -0.7054, -0.5557, -0.0408, 0.0236, -0.0999, 0.3442|1904.4
24|1.0000, -1.0000, -0.2131, -0.4336, -0.1528, 0.0155, -0.1596, 0.4515|14500|0.9679, -0.9618, -0.6617, -0.5188, -0.0383, 0.0372, -0.0799, 0.4066|2062.2
25|1.0000, -1.0000, -0.2131, -0.4336, -0.1528, 0.0155, -0.1596, 0.4515|13360|0.9792, -0.9556, -0.5428, -0.5187, -0.0418, 0.0133, -0.0939, 0.4076|3133.4
26|1.0000, -1.0000, -0.2131, -0.4336, -0.1528, 0.0155, -0.1596, 0.4515|22140|0.9664, -0.9631, -0.3833, -0.3941, -0.0555, 0.0182, -0.0933, 0.3886|2215.2
27|1.0000, -1.0000, -0.2131, -0.4336, -0.1528, 0.0155, -0.1596, 0.4515|24420|0.9556, -0.9486, -0.4159, -0.4227, -0.0656, 0.0028, -0.0651, 0.4266|2660.4
28|1.0000, -1.0000, -0.2131, -0.4336, -0.1528, 0.0155, -0.1596, 0.4515|16480|0.9268, -0.9687, -0.3425, -0.4237, -0.0970, 0.0123, -0.0788, 0.3848|2775.0
29|1.0000, -1.0000, -0.2131, -0.4336, -0.1528, 0.0155, -0.1596, 0.4515|14660|0.9651, -0.9878, -0.3385, -0.4675, -0.1000, 0.0077, -0.0643, 0.3636|2855.6
30|1.0000, -1.0000, -0.2131, -0.4336, -0.1528, 0.0155, -0.1596, 0.4515|14180|0.9608, -0.9931, -0.3060, -0.4442, -0.0989, 0.0181, -0.0831, 0.3650|3691.2
31|1.0000, -1.0000, -0.2131, -0.4336, -0.1528, 0.0155, -0.0899, 0.4515|20740|0.9530, -0.9948, -0.2679, -0.4364, -0.1046, 0.0222, -0.1088, 0.3803|4085.4
32|1.0000, -1.0000, -0.1833, -0.4336, -0.1487, 0.0155, -0.1596, 0.4515|21380|0.9452, -0.9929, -0.2415, -0.4324, -0.1096, 0.0193, -0.1055, 0.4054|4847.6
