1|0.2789, -1.0000, -0.7139, -0.2798, 0.0416, 0.1933, -0.1195, -0.2394|11300|0.1584, 0.0268, -0.1879, -0.2057, -0.4065, -0.2426, -0.2948, -0.0294|269.4
2|0.2789, -1.0000, -0.7139, -0.2798, 0.0416, 0.1933, -0.1195, -0.1468|3320|0.0132, -0.1418, -0.4213, -0.5646, -0.1203, -0.1754, -0.0585, 0.0282|316.0
3|0.6519, -0.7256, -0.7469, -1.0000, 0.9533, -0.6436, 0.4516, -0.1739|1600|0.3098, -0.3629, -0.4545, -0.7090, -0.0610, -0.2299, -0.1223, 0.0196|412.2
4|1.0000, -0.7256, -0.7469, -0.4799, -0.8017, 0.0745, 0.4516, -0.1739|3000|0.4469, -0.6171, -0.4748, -0.7717, -0.1023, -0.1258, -0.1159, 0.1136|567.0
5|1.0000, -0.9551, -0.8814, -0.4799, 0.0987, 0.0745, -0.7900, 0.5528|3120|0.4342, -0.6801, -0.5040, -0.7720, -0.0952, -0.0650, -0.2475, 0.0848|659.0
6|0.8998, -0.4425, -0.5641, -0.7440, 0.0915, 0.4994, 0.7878, 0.1446|5200|0.6118, -0.7118, -0.5328, -0.7418, -0.1074, -0.1154, -0.2537, 0.0390|864.0
7|1.0000, -0.6546, -0.0853, -0.4799, 0.0987, 0.0745, 0.4887, 0.5528|3020|0.6872, -0.7233, -0.5037, -0.6871, -0.1503, -0.1455, -0.0070, 0.1188|1128.6
8|1.0000, -0.6546, -0.0853, -0.4799, -0.0776, 0.0745, 0.4887, 0.5528|4960|0.8274, -0.7133, -0.4073, -0.6224, -0.0810, -0.0265, 0.1295, 0.2477|1386.2
9|0.6612, -1.0000, -0.4656, -0.8585, 0.1597, 0.2764, -0.4806, 0.4676|5520|0.9254, 0.0682, -0.3015, -0.5882, -0.0561, 0.0647, 0.3157, 0.3775|681.2
10|0.8998, -0.9551, -0.8814, -0.8172, -0.2620, 0.0745, -0.7900, 0.5528|5100|0.8710, -0.4964, -0.4379, -0.6845, -0.0476, 0.0457, 0.2214, 0.2867|1032.6
11|1.0000, -0.9551, -0.7469, -0.4799, -0.8017, 0.0745, 0.4516, -0.1739|4540|0.6021, -0.6769, -0.5038, -0.7260, -0.0206, 0.1348, 0.2796, 0.2717|1185.8
12|0.0468, -1.0000, -0.0853, -0.4799, -0.2588, 0.0736, -0.1180, 0.5461|5740|0.8095, -0.7176, -0.4782, -0.6816, -0.0262, 0.1177, 0.1770, 0.3078|1378.6
13|0.8998, -0.9551, -0.8814, -0.8172, -0.2620, 0.0745, -0.7900, 0.5528|4900|0.7978, -0.7898, -0.4104, -0.6560, -0.0396, 0.1092, 0.1410, 0.3624|1328.6
14|1.0000, -1.0000, -0.7321, -0.6714, 0.1249, 0.1895, 0.4887, 0.5528|6640|0.8633, -0.8049, -0.3788, -0.6349, -0.0452, 0.1136, 0.1760, 0.4015|1592.0
15|0.5171, -1.0000, -1.0000, -0.6714, 0.1249, 0.1933, 0.4516, 0.6255|7780|0.8909, -0.8616, -0.3980, -0.6787, -0.0031, 0.1345, 0.1218, 0.4286|1700.6
16|1.0000, -1.0000, -0.7321, -0.7364, 0.1306, 0.1933, 0.4887, 0.6255|11300|0.8719, -0.9149, -0.3342, -0.6621, 0.0273, 0.1533, 0.1246, 0.3988|1819.4
17|1.0000, -0.9551, -0.0853, -0.4799, -0.0776, 0.0745, 0.4516, 0.6255|8160|0.9222, -0.8986, -0.3380, -0.6379, 0.0119, 0.1550, 0.1244, 0.3710|1935.8
18|1.0000, -1.0000, -0.0853, -0.4799, 0.1249, 0.1817, 0.4887, 0.5528|8000|0.9358, -0.9263, -0.3288, -0.6042, 0.0484, 0.1474, 0.1725, 0.3840|2059.4
19|1.0000, -1.0000, -0.0853, -0.4799, 0.1249, 0.1817, 0.4887, 0.5528|8060|0.9536, -0.9402, -0.3289, -0.5708, 0.0568, 0.1490, 0.2257, 0.4555|2493.2
20|1.0000, -1.0000, -0.0853, -0.4799, 0.1306, 0.1817, -0.1195, 0.5528|10640|0.9687, -0.9656, -0.2364, -0.5643, 0.0698, 0.1662, 0.2848, 0.5046|2699.8
21|1.0000, -1.0000, -0.4656, -0.4799, 0.1249, 0.0745, 0.4887, -0.1739|9100|0.9795, -0.9818, -0.1686, -0.5186, 0.0828, 0.1728, 0.2574, 0.4962|2938.0
22|1.0000, -0.9551, -0.0382, -0.4799, 0.1249, 0.0745, 0.4516, 0.5528|8960|0.9587, -0.9955, -0.1544, -0.5148, 0.0840, 0.1482, 0.2811, 0.5155|3065.4
23|1.0000, -1.0000, -0.0853, -0.4799, 0.1249, 0.0745, -0.1195, 0.5528|16020|0.9771, -0.9942, -0.1669, -0.5214, 0.0812, 0.1432, 0.2154, 0.5702|2846.8
24|1.0000, -1.0000, -0.0853, -0.4799, 0.1249, 0.1817, -0.1195, 0.5528|9640|0.9817, -0.9969, -0.1403, -0.5006, 0.0862, 0.1394, 0.1799, 0.5598|3106.0
25|1.0000, -1.0000, -0.0853, -0.4799, 0.1249, 0.1817, 0.4516, 0.5528|14020|0.9817, -0.9933, -0.1039, -0.4979, 0.0899, 0.1425, 0.2046, 0.5859|3277.2
26|1.0000, -1.0000, -0.0382, -0.4799, 0.1249, 0.2764, -0.1195, 0.5528|10880|0.9633, -0.9969, -0.1099, -0.4946, 0.0795, 0.1413, 0.1949, 0.5835|3422.8
27|1.0000, -1.0000, -0.0853, -0.4799, 0.1368, 0.0745, -0.1195, 0.5528|15480|0.9908, -0.9955, -0.0957, -0.4801, 0.1001, 0.1603, 0.2309, 0.5683|3417.4
28|1.0000, -1.0000, -0.0853, -0.4799, 0.1249, 0.0745, 0.4516, 0.5528|12480|0.9954, -0.9964, -0.0850, -0.4799, 0.1033, 0.1642, 0.2289, 0.5659|4057.8
29|1.0000, -1.0000, -0.4656, -0.4799, 0.1249, 0.1817, -0.1195, 0.5528|14920|1.0000, -0.9969, -0.1070, -0.4799, 0.1070, 0.1621, 0.1799, 0.5608|3954.8
30|1.0000, -1.0000, -0.0853, -0.4799, 0.1249, 0.1817, 0.4516, 0.5528|29980|1.0000, -0.9978, -0.1324, -0.4799, 0.1155, 0.1626, 0.1484, 0.5535|4078.2
31|1.0000, -1.0000, -0.0853, -0.4799, 0.1249, 0.1817, -0.1195, 0.5528|15620|1.0000, -0.9973, -0.1224, -0.4799, 0.1153, 0.1630, 0.1246, 0.5535|3734.8
32|1.0000, -1.0000, -0.0853, -0.4799, 0.1368, 0.1817, -0.1195, 0.5528|15040|0.9402, -0.9964, -0.1172, -0.4799, 0.1192, 0.1589, 0.1479, 0.5528|3453.2
