1|0.9955, -0.6449, -0.4340, -0.1684, -0.4149, -0.0896, -0.3449, 0.2381|2900|0.1472, -0.2291, -0.2132, -0.2202, -0.0799, 0.0518, 0.0411, 0.0123|225.2
2|1.0000, -1.0000, -0.3485, -0.3352, -0.5037, -0.3201, 0.2047, 0.0514|2820|0.2613, -0.1654, -0.3059, -0.4632, -0.1836, -0.0292, 0.1315, -0.0309|352.4
3|-0.0433, -1.0000, -0.9013, -0.9350, -0.4591, -0.3575, 0.0146, 0.6347|2980|0.2237, -0.3422, -0.5932, -0.6295, -0.1090, -0.0783, 0.1933, -0.0033|487.6
4|0.3789, -0.6965, -1.0000, -0.8549, -0.3473, -0.4191, 1.0000, -0.6241|2940|0.2443, -0.5472, -0.7475, -0.7238, -0.1274, -0.1183, 0.1517, 0.0540|550.4
5|0.7195, -0.6965, -0.7191, -0.4498, -0.4591, -0.4191, 0.0146, 0.6347|5420|0.2356, -0.6188, -0.7870, -0.7992, -0.2001, -0.1400, 0.3976, 0.0934|773.6
6|-0.0433, -1.0000, -0.9013, -0.7814, -0.4591, -0.0637, 0.0146, 0.6347|3240|0.2709, -0.7863, -0.8058, -0.8466, -0.1662, -0.1164, 0.3389, 0.0966|854.0
7|-0.0433, -1.0000, -0.9013, -0.8549, -0.0597, -0.4191, 1.0000, -0.6241|4100|0.2586, -0.8514, -0.7784, -0.7875, -0.2569, -0.1279, 0.3310, 0.2275|951.8
8|0.3789, -0.7563, -1.0000, -1.0000, -0.9553, -0.4191, 1.0000, -0.6241|3680|0.3340, -0.8609, -0.7921, -0.8080, -0.2666, -0.1720, 0.2962, 0.2029|1060.2
9|0.3789, -1.0000, -1.0000, -0.8549, -0.0900, 0.6545, 0.2126, 0.0701|6020|0.3182, -0.8653, -0.7767, -0.8195, -0.2735, -0.2201, 0.3044, 0.3206|1202.8
10|0.3789, -1.0000, -0.9013, -0.6255, -0.0900, -0.5828, 0.0202, 0.8826|4940|0.3596, -0.8596, -0.7795, -0.8398, -0.2207, -0.1844, 0.2724, 0.3298|1162.8
11|0.3789, -1.0000, -0.9013, -0.7814, -0.0900, 0.4847, 0.2126, 0.6347|6680|0.4242, -0.7797, -0.6879, -0.8494, -0.1793, -0.1612, 0.1990, 0.4059|1204.8
12|0.5945, -1.0000, -0.9013, -0.6900, 0.0861, 0.4847, 0.2126, 0.6347|4100|0.4411, -0.8391, -0.7401, -0.8661, -0.1497, -0.1537, 0.1955, 0.3803|1205.0
13|0.7195, -0.6965, -1.0000, -1.0000, 0.1973, 0.2713, -0.5036, 0.6347|4760|0.4660, -0.8364, -0.7660, -0.8313, -0.1824, -0.1122, 0.1709, 0.3950|1241.0
14|0.3789, -1.0000, -0.3485, -0.8549, 0.0672, 0.2993, 0.2126, 0.0701|3420|0.4537, -0.8281, -0.7432, -0.8278, -0.1053, -0.0727, 0.2165, 0.4233|1180.2
15|0.7195, -0.6965, -1.0000, -0.8549, -0.0900, -0.3423, 0.2126, 0.6347|5860|0.4822, -0.8342, -0.6895, -0.8004, -0.1186, -0.0245, 0.2299, 0.4361|1517.8
16|0.3789, -0.9004, -0.4340, -0.7814, 0.1973, -0.4191, 0.2126, 0.8256|8040|0.4853, -0.8281, -0.7215, -0.8004, -0.1327, -0.0247, 0.2381, 0.4683|1372.6
17|0.7195, -1.0000, -0.3485, -0.4498, -0.4591, -0.0896, 0.2126, 0.6347|6140|0.4898, -0.8347, -0.6915, -0.7708, -0.1239, -0.0467, 0.2229, 0.4346|1323.8
18|1.0000, -0.6965, -0.3485, -0.7814, 0.0672, 0.2993, 0.3427, 0.6347|5640|0.5499, -0.8518, -0.5113, -0.7513, -0.1688, -0.0078, 0.1964, 0.5380|1362.2
19|1.0000, -0.9004, -0.4340, -0.8549, -0.6382, -0.0637, 0.3427, 0.8256|5400|0.5301, -0.8585, -0.5912, -0.7522, -0.1668, 0.0056, 0.1700, 0.5502|1603.2
20|0.7195, -1.0000, -0.3989, -0.4498, -0.4591, -0.0896, -0.3091, 0.6347|7960|0.5961, -0.8964, -0.4910, -0.7258, -0.2055, -0.0246, 0.1204, 0.6154|1882.6
21|0.7195, -1.0000, -1.0000, -0.9464, 0.0672, -0.0896, 0.2359, 0.6347|6960|0.6155, -0.8854, -0.5031, -0.6745, -0.2089, -0.0397, 0.0846, 0.6251|1596.6
22|0.7195, -1.0000, -0.3989, -0.4498, -0.3917, -0.0479, -0.3091, 0.6347|6840|0.6076, -0.9228, -0.4753, -0.6068, -0.2549, -0.0261, 0.0932, 0.6154|1865.0
23|0.7195, -1.0000, -0.3989, -0.4498, -0.3917, -0.0479, -0.3091, 0.2084|10620|0.5300, -0.9335, -0.4809, -0.5656, -0.2253, -0.0323, 0.0366, 0.5537|2127.0
24|0.2571, -1.0000, -0.6786, -0.4498, -0.3917, -0.0195, 0.1681, 0.6347|6300|0.5626, -0.9554, -0.5041, -0.5583, -0.1942, -0.0125, -0.0089, 0.5480|2323.4
25|1.0000, -1.0000, -0.3485, -0.4498, -0.0462, -0.0637, -0.3091, 0.6347|9820|0.5884, -0.9731, -0.5129, -0.5542, -0.1662, 0.0132, -0.0533, 0.5603|2601.2
26|0.1650, -1.0000, -0.3175, -0.7118, 0.0612, 0.2727, 0.2149, 0.5782|13940|0.6574, -0.9763, -0.4983, -0.5245, -0.2002, 0.0328, -0.0576, 0.5231|2158.8
27|0.7195, -1.0000, -1.0000, -0.4498, -0.0900, 0.2993, 0.2955, 0.2084|13820|0.6607, -0.9708, -0.4267, -0.5319, -0.2243, 0.0283, -0.0083, 0.5300|2376.0
28|1.0000, -1.0000, -0.4340, -0.3877, -0.0611, -0.0896, 0.1681, 0.2084|11300|0.7112, -0.9860, -0.4551, -0.4941, -0.2252, 0.0191, -0.0007, 0.4682|2326.4
29|1.0000, -1.0000, -0.3989, -0.3877, -0.0462, -0.0480, 0.2992, 0.6347|13620|0.7376, -0.9766, -0.4474, -0.4867, -0.2089, -0.0056, -0.0018, 0.3428|2521.6
30|0.7195, -1.0000, -0.3989, -0.4498, -0.0462, 0.0253, -0.3091, 0.2084|11980|0.7921, -0.9820, -0.4063, -0.4608, -0.2062, -0.0082, 0.0066, 0.3732|2979.8
31|1.0000, -1.0000, -1.0000, -0.3877, -0.0462, -0.0480, 0.0740, 0.6347|16820|0.7774, -0.9701, -0.4298, -0.4554, -0.2046, -0.0159, -0.0296, 0.4061|2922.2
32|1.0000, -0.7173, -0.3113, -0.2781, -0.0439, -0.0479, -0.1116, 0.1495|10780|0.7468, -0.9630, -0.4200, -0.4553, -0.1776, -0.0151, -0.0285, 0.4049|2835.8
