1|0.0394, -0.9871, -0.9900, -1.0000, -0.1476, -0.9327, -0.8431, 0.8966|2780|0.0871, -0.0537, -0.1191, -0.1326, -0.0486, -0.0302, 0.0392, 0.0518|207.4
2|0.2722, -0.3800, -0.4046, -1.0000, 0.2762, 0.2440, 0.2528, 0.6153|2820|0.0436, -0.2090, -0.3088, -0.2959, -0.1243, -0.2016, 0.0538, 0.1900|193.2
3|0.2722, -0.3800, -0.9900, -1.0000, 0.2762, -0.9327, 0.2528, 0.6153|3340|0.0954, -0.3948, -0.5262, -0.4656, -0.2210, -0.2591, 0.0181, 0.3440|483.0
4|0.2722, -0.9871, -0.4046, -0.3347, -0.1476, -1.0000, -0.8211, 0.8966|2040|0.1510, -0.4816, -0.5492, -0.6308, -0.2204, -0.4671, 0.0159, 0.4132|550.2
5|0.0394, -0.9638, -0.9900, -1.0000, 0.2762, -0.9327, -0.1665, 0.6153|3360|0.2288, -0.6239, -0.6447, -0.7284, -0.1860, -0.5618, 0.1332, 0.4323|719.2
6|0.0394, -0.9638, -0.9900, -1.0000, 0.2762, -0.9327, -0.1665, 0.6153|3160|0.4397, -0.6344, -0.7120, -0.7815, -0.1853, -0.5516, 0.3038, 0.4527|746.4
7|0.9972, -0.9638, -0.8124, -1.0000, -0.5778, -0.1296, 0.4082, 0.5312|4120|0.4293, -0.4988, -0.7151, -0.8648, -0.1848, -0.5672, 0.2525, 0.5387|824.8
8|0.5837, -0.6155, -0.8124, -1.0000, -0.1359, -0.1296, 0.5201, 0.1063|5780|0.4882, -0.5665, -0.7115, -0.8836, -0.2012, -0.6377, 0.1218, 0.5805|874.4
9|0.9972, -0.6155, -0.9900, -1.0000, -0.0140, -0.0886, 0.4082, 0.8792|3260|0.4385, -0.6510, -0.7385, -0.8522, -0.1767, -0.6525, 0.1666, 0.6117|926.6
10|0.0394, -0.9871, -0.9900, -1.0000, -0.5780, -0.9327, 0.4082, 0.8792|4160|0.4099, -0.6859, -0.6950, -0.8532, -0.1513, -0.6134, 0.1005, 0.6148|883.8
11|0.5837, -0.6155, -0.8124, -1.0000, 0.1655, -0.1296, 0.3902, 0.8792|6740|0.4182, -0.6940, -0.7365, -0.8660, -0.1756, -0.5759, 0.1054, 0.5903|931.6
12|0.5837, -0.9638, -0.9900, -1.0000, 0.2670, -0.7946, -0.4211, 0.5312|5040|0.4443, -0.6914, -0.7416, -0.9253, -0.1173, -0.4041, 0.1712, 0.5512|928.6
13|0.9972, -0.6155, -0.9900, -1.0000, -0.0140, -0.0886, 0.4082, 0.8792|4340|0.5212, -0.7170, -0.7833, -0.9150, -0.0977, -0.4019, 0.1724, 0.5835|1040.8
14|0.5837, -0.6155, -0.9900, -1.0000, 0.2670, -0.1296, 0.3902, 0.5312|5240|0.5416, -0.6981, -0.6082, -0.8156, -0.0634, -0.3918, 0.1961, 0.5851|1011.2
15|0.5837, -1.0000, -0.8230, -1.0000, 0.2670, -0.9327, 0.5057, 0.8907|6660|0.5981, -0.6138, -0.7155, -0.8511, -0.0407, -0.3771, 0.1678, 0.5933|1112.2
16|1.0000, -0.9871, -0.1016, -0.2813, -0.1359, -0.1296, 0.5201, 0.1063|5420|0.5864, -0.7171, -0.6976, -0.8463, -0.0640, -0.3029, 0.2574, 0.5631|1083.6
17|0.5837, -0.6155, -0.8710, -1.0000, -0.0140, -0.0886, 0.5201, 0.4674|5380|0.5286, -0.8146, -0.6967, -0.8575, -0.0707, -0.3237, 0.3145, 0.6044|1032.0
18|0.5837, -0.6155, -0.8710, -1.0000, -0.0140, -0.0886, 0.5201, 0.4674|5440|0.5895, -0.8459, -0.7172, -0.7331, 0.0145, -0.3218, 0.2841, 0.6564|1277.0
19|0.5913, -1.0000, -0.1213, -0.2850, 0.1691, -0.1313, 0.5269, 0.1077|5360|0.6265, -0.8747, -0.6792, -0.6995, 0.0633, -0.3012, 0.2317, 0.6332|1119.0
20|0.6110, -1.0000, -0.1254, -0.2945, 0.1748, -0.1357, 0.5444, 0.1113|6480|0.6233, -0.8969, -0.6118, -0.7657, 0.1161, -0.1687, 0.3644, 0.5553|1311.4
21|0.5913, -0.9871, 0.0004, -0.2813, 0.2670, -0.1313, 0.5201, 0.1077|5540|0.6970, -0.8882, -0.5331, -0.7027, 0.1305, -0.1684, 0.4058, 0.4640|1342.0
22|0.6110, -0.9638, -0.1254, -0.2945, 0.1748, -0.1357, -0.3949, 0.1113|6760|0.6950, -0.8955, -0.4824, -0.6498, 0.1101, -0.1757, 0.3764, 0.5249|1336.2
23|0.5837, -1.0000, -0.1016, -0.2850, 0.1691, -0.1296, 0.5269, 0.1140|7240|0.7042, -0.9016, -0.4058, -0.6242, 0.0929, -0.2068, 0.3916, 0.4119|1417.6
24|0.6110, -0.9638, -0.1254, -0.2945, 0.1691, -0.1357, -0.3949, 0.1113|9720|0.6543, -0.9260, -0.3257, -0.5961, 0.1008, -0.1316, 0.3380, 0.4032|1745.2
25|0.6110, -0.9638, -0.1254, -0.2945, 0.1748, -0.1357, -0.3949, 0.1113|18740|0.6913, -0.9014, -0.2826, -0.5122, 0.0689, -0.1271, 0.2769, 0.3558|2442.2
26|0.6110, -0.6155, -0.1254, -0.2945, 0.1748, 0.1512, 0.3319, 0.1113|19200|0.6981, -0.9455, -0.2589, -0.4485, 0.0987, -0.1341, 0.2484, 0.2944|2148.4
27|0.6110, -0.9638, -0.1254, -0.2945, 0.1748, -0.1357, -0.3949, 0.1113|6400|0.7229, -0.9296, -0.2288, -0.3960, 0.1111, -0.1132, 0.2053, 0.2459|1959.2
28|0.9972, -0.9638, 0.0004, -0.2945, 0.1748, 0.1512, 0.3319, 0.1077|17560|0.7317, -0.9608, -0.2307, -0.3645, 0.1139, -0.1056, 0.2001, 0.2046|2610.6
29|0.9972, -1.0000, 0.0004, -0.2850, 0.0134, 0.1512, 0.3319, 0.1077|15560|0.6977, -0.9782, -0.1679, -0.3392, 0.1450, -0.1070, 0.1706, 0.1500|3352.8
30|0.9972, -1.0000, -0.1254, -0.2850, 0.1748, -0.1327, -0.0697, 0.1077|14000|0.6812, -0.9646, -0.1416, -0.2959, 0.1488, -0.0743, 0.1999, 0.1115|2719.0
31|0.5913, -1.0000, 0.0004, -0.2850, 0.1748, 0.1512, -0.0690, 0.1077|15820|0.6831, -0.9880, -0.1016, -0.2907, 0.1345, -0.0717, 0.1128, 0.1083|3427.2
32|0.6110, -1.0000, -0.1254, -0.2850, 0.1748, -0.1357, -0.3168, 0.1077|15880|0.6752, -0.9897, -0.1031, -0.2904, 0.1059, -0.0550, 0.1164, 0.1073|3908.4
