1|0.9658, -0.3569, -0.6459, -1.0000, -0.3612, 0.0178, -0.0742, 0.4466|1980|-0.0061, 0.0921, -0.1624, -0.2018, 0.0264, -0.0276, 0.1002, 0.1435|177.8
2|0.3016, -0.7477, -0.7541, -0.8745, -0.4912, -0.4746, -1.0000, -0.3795|2200|0.0270, -0.0941, -0.2757, -0.3312, -0.1073, -0.1807, -0.0201, 0.1890|322.6
3|0.5544, -0.9259, -0.1210, -0.1504, -1.0000, 0.1827, -0.0674, 0.2034|5080|0.2027, -0.2707, -0.3478, -0.5067, -0.2312, -0.2431, -0.0378, 0.2644|732.6
4|0.1716, -0.9627, -0.7533, -0.5545, 0.1823, -1.0000, 0.1813, 0.9415|4200|0.3152, -0.3687, -0.5204, -0.5981, -0.3478, -0.3126, 0.0372, 0.3322|778.8
5|0.5987, -1.0000, -0.1307, -0.1624, -0.7075, 0.1973, -0.0728, 0.2196|5440|0.4745, -0.5897, -0.5027, -0.6219, -0.3068, -0.3078, 0.0333, 0.4097|900.2
6|0.9048, -0.9627, -0.9887, -0.5545, -0.7621, -1.0000, -0.1861, 0.4466|5140|0.6231, -0.6315, -0.4270, -0.5738, -0.2528, -0.1709, 0.0487, 0.3427|787.2
7|0.5987, -0.9627, -0.1307, -0.1624, -0.0370, -1.0000, -0.0728, 0.2196|4140|0.6535, -0.7985, -0.3786, -0.6450, -0.2702, -0.2756, 0.0644, 0.3984|817.2
8|0.5987, -1.0000, -0.2171, -0.5545, -0.7075, 0.1973, -0.0728, 0.9415|4840|0.7100, -0.7495, -0.4278, -0.6652, -0.3546, -0.2542, 0.0374, 0.3959|1111.2
9|0.5987, -1.0000, -0.1307, -0.5545, -0.7075, 0.1973, 0.1813, 0.2196|4420|0.6759, -0.8267, -0.4388, -0.6577, -0.3391, -0.2272, 0.0831, 0.4156|994.4
10|0.5987, -1.0000, -0.1307, -0.1486, -0.0370, 0.1973, -0.0728, 0.2196|6500|0.7103, -0.8979, -0.5066, -0.6376, -0.3805, -0.2490, 0.1217, 0.3135|1078.2
11|0.9151, -0.9737, -1.0000, -0.5609, -0.2536, -0.3780, 0.6181, -0.1601|6360|0.7268, -0.9204, -0.4829, -0.6575, -0.4281, -0.1543, 0.1021, 0.3295|1467.8
12|0.5987, -1.0000, -0.1307, -0.1486, -0.0370, 0.1973, -0.0728, 0.2196|8060|0.6630, -0.9185, -0.5093, -0.6430, -0.4375, -0.0487, 0.0770, 0.3230|1377.2
13|0.5987, -1.0000, -0.1307, -0.1486, -0.0370, 0.1973, -0.0728, 0.2196|24460|0.6978, -0.9438, -0.5276, -0.5780, -0.4658, -0.0459, 0.1211, 0.2646|1845.0
14|0.5987, -1.0000, -0.1307, -0.1486, -0.0370, 0.1973, -0.0728, 0.0735|38380|0.6750, -0.9683, -0.4499, -0.4830, -0.5003, 0.0189, 0.0888, 0.2321|2160.8
15|0.5987, -1.0000, -0.1307, -0.1486, -0.0370, 0.1973, -0.0728, 0.0735|25080|0.6990, -0.9711, -0.3739, -0.4873, -0.4728, 0.0613, 0.0542, 0.2330|2654.4
16|0.5987, -1.0000, -0.1307, -0.1486, -0.0370, 0.1973, -0.0728, 0.0735|20880|0.6408, -0.9835, -0.3155, -0.4277, -0.4400, 0.0945, 0.0301, 0.2314|2682.2
17|0.5987, -1.0000, -0.1307, -0.1624, -0.0370, 0.1973, -0.0728, 0.2196|36460|0.6557, -0.9861, -0.2845, -0.3766, -0.3340, 0.1478, 0.0098, 0.2006|3865.6
18|0.5987, -1.0000, -0.1307, -0.1673, -0.0370, 0.1973, -0.0728, 0.2196|27400|0.6267, -0.9582, -0.2326, -0.3323, -0.3082, 0.1515, -0.0111, 0.1753|3338.2
19|0.5987, -0.9627, -0.1307, -0.1486, -0.0370, 0.1973, -0.0728, 0.2196|23620|0.6769, -0.7578, -0.3026, -0.3303, -0.2511, 0.1770, -0.0293, 0.1756|2601.8
20|0.5987, -1.0000, -0.1307, -0.1673, -0.0370, 0.1973, 0.0617, 0.2196|25980|0.6216, -0.9673, -0.2089, -0.3092, -0.1953, 0.1706, -0.0220, 0.2058|3933.8
21|0.5987, -1.0000, -0.2170, -0.2467, -0.0370, 0.1973, -0.0728, -0.1601|30080|0.6193, -0.9923, -0.2538, -0.2770, -0.1075, 0.1500, -0.0071, 0.1922|4200.8
22|0.5987, -1.0000, -0.2170, -0.2467, -0.0370, 0.1973, -0.0728, 0.2196|30020|0.6227, -0.9940, -0.2265, -0.2883, -0.0639, 0.1572, 0.0103, 0.1908|5040.8
23|0.6219, -1.0000, -0.2254, -0.2563, 0.0175, 0.2050, 0.0749, 0.2281|35120|0.6097, -0.9960, -0.2348, -0.2711, -0.0372, 0.1834, -0.0038, 0.1719|5670.0
24|0.5987, -1.0000, -0.1307, -0.1673, -0.0370, 0.1973, 0.0617, 0.2196|32460|0.6193, -0.9670, -0.1763, -0.2468, -0.0334, 0.2014, -0.0075, 0.1670|5797.8
25|0.6219, -1.0000, -0.2254, -0.2563, 0.0175, 0.2050, 0.0749, 0.2281|32760|0.6108, -0.9929, -0.1612, -0.2190, -0.0318, 0.1995, -0.0186, 0.1306|5836.8
26|0.5987, -1.0000, -0.1307, -0.2467, -0.0370, 0.1973, -0.0728, 0.2196|54780|0.6012, -0.9974, -0.1579, -0.2351, -0.0303, 0.1934, -0.0230, 0.1320|8924.4
27|0.6219, -1.0000, -0.2254, -0.2563, 0.0175, 0.2050, 0.0749, 0.2281|40580|0.5423, -0.9989, -0.1630, -0.2397, -0.0292, 0.1886, -0.0330, 0.1328|7111.0
28|0.6219, -1.0000, -0.2254, -0.2563, 0.0175, 0.2050, -0.0728, 0.2281|53220|0.6029, -1.0000, -0.1775, -0.2491, -0.0305, 0.1942, -0.0428, 0.1103|8347.6
29|0.5987, -1.0000, -0.1307, -0.2467, -0.0370, 0.1973, -0.0728, 0.2196|36980|0.5396, -1.0000, -0.1829, -0.2357, -0.0257, 0.1901, -0.0334, 0.1323|8217.2
30|0.5987, -1.0000, -0.1307, -0.2467, -0.0370, 0.1973, -0.0728, 0.2196|76040|0.6057, -1.0000, -0.1689, -0.2207, -0.0245, 0.1950, -0.0461, 0.1452|11343.0
31|0.6219, -1.0000, -0.1307, -0.2467, 0.0175, 0.2050, 0.0749, -0.0790|49000|0.6059, -1.0000, -0.1730, -0.2403, -0.0250, 0.1900, -0.0418, 0.1415|9726.4
32|0.5987, -1.0000, -0.1307, -0.2467, -0.0370, 0.1973, -0.0728, 0.2196|48660|0.6057, -1.0000, -0.1727, -0.2454, -0.0261, 0.1901, -0.0493, 0.1484|10760.2
