1|1.0000, -1.0000, -0.9469, -0.9006, 0.1274, -0.1752, -0.6091, 0.6441|4280|0.0343, -0.0239, -0.3088, -0.1733, -0.2659, -0.0806, 0.0456, 0.0394|248.0
2|0.7453, -0.3932, -0.7789, -1.0000, -1.0000, -0.7317, 0.8826, 0.7527|2460|0.0372, -0.1446, -0.5083, -0.4221, -0.2033, -0.2342, -0.0004, 0.1598|361.4
3|1.0000, -1.0000, -0.9469, -0.9006, 0.1274, -0.1752, -0.6091, 0.6441|5160|0.3063, -0.3629, -0.6253, -0.5861, -0.1518, -0.3912, -0.0681, 0.1764|650.4
4|1.0000, -1.0000, -0.9469, -0.9078, 0.1274, -0.1752, -0.6091, 0.2881|5080|0.4328, -0.4937, -0.7636, -0.6346, -0.2431, -0.4835, -0.1543, 0.2524|653.8
5|1.0000, -0.6032, -0.9753, -0.3979, 0.6767, -0.6354, 0.1873, -0.7639|2960|0.5387, -0.5561, -0.7663, -0.7837, -0.1646, -0.3919, -0.2077, 0.1660|776.8
6|1.0000, -1.0000, -0.9469, -0.9078, 0.1274, -0.1752, -0.6091, 0.2881|5740|0.6444, -0.5632, -0.6122, -0.6373, -0.0914, -0.4391, -0.2567, 0.1550|891.2
7|1.0000, -0.6032, -0.9753, -0.9006, -0.0680, -0.2503, 0.1873, 0.6441|4940|0.5697, -0.6349, -0.8419, -0.7430, -0.1352, -0.4780, -0.1868, 0.2181|959.2
8|0.0431, -1.0000, -0.0297, -0.1139, -0.0162, -0.2369, -0.0290, -0.3829|4260|0.6217, -0.6653, -0.8062, -0.7858, -0.1186, -0.4562, -0.0437, 0.2448|1069.8
9|1.0000, -1.0000, -0.9469, -0.9078, 0.1274, -0.1752, 0.8600, 0.6441|6920|0.6665, -0.7363, -0.7806, -0.7619, -0.1112, -0.4300, 0.1046, 0.2706|1138.2
10|0.6940, -1.0000, -0.6572, -0.6158, -0.1094, -0.2402, 0.5968, 0.4470|7260|0.6153, -0.7906, -0.7641, -0.7536, -0.1541, -0.3659, 0.0561, 0.2007|1275.6
11|0.6940, -1.0000, -0.6572, -0.6158, -0.1094, -0.2402, 0.5968, 0.4470|4180|0.6276, -0.7381, -0.7779, -0.7654, -0.0722, -0.3472, -0.0367, 0.1305|1073.2
12|0.0431, -1.0000, -0.0297, -0.1139, -0.0162, -0.2369, -0.0290, -0.3829|8380|0.6590, -0.7540, -0.7040, -0.7406, -0.0742, -0.2856, -0.0135, 0.1042|1201.4
13|1.0000, -1.0000, -0.0297, -0.1139, 0.1274, -0.2369, -0.0290, -0.1965|10360|0.6126, -0.5845, -0.6840, -0.7231, -0.0941, -0.2504, 0.0383, 0.0061|1135.4
14|1.0000, -1.0000, -0.0297, -0.1139, 0.1274, -0.2369, -0.0290, -0.1965|7160|0.6343, -0.6349, -0.8078, -0.6992, -0.0844, -0.2481, 0.1085, 0.1279|1064.6
15|0.0370, -1.0000, -0.0391, -0.1139, 0.1274, -0.2369, -0.0290, -0.1965|7120|0.6646, -0.6804, -0.7696, -0.7001, -0.0843, -0.2500, 0.1708, 0.1821|1470.8
16|1.0000, -1.0000, -0.0297, -0.1139, 0.1274, -0.2369, -0.0290, -0.1965|7500|0.7033, -0.7296, -0.6316, -0.6335, -0.0356, -0.1990, 0.1824, 0.1982|1521.2
17|1.0000, -1.0000, -0.0297, -0.1139, -0.0909, -0.2369, -0.0290, -0.1965|11120|0.7316, -0.8046, -0.4664, -0.5957, 0.0158, -0.1805, 0.1523, 0.2408|1942.6
18|1.0000, -1.0000, -0.2801, -0.6158, -0.0165, 0.0018, -0.0001, 0.4470|15460|0.4351, -0.8379, -0.4542, -0.5097, 0.0277, -0.1645, 0.0999, 0.1265|1101.6
19|1.0000, -1.0000, -0.2801, -0.6158, -0.0165, 0.0018, -0.0001, 0.4470|9080|0.6244, -0.7124, -0.5837, -0.5826, 0.0070, -0.1770, 0.0755, 0.2417|1430.6
20|1.0000, -1.0000, -0.0297, -0.1008, -0.0680, -0.2369, -0.0290, 0.0253|14440|0.7454, -0.7659, -0.5447, -0.6005, 0.0070, -0.1321, 0.0715, 0.2760|2095.4
21|0.4560, -1.0000, -0.0405, -0.1552, -0.0754, -0.0382, 0.0735, -0.2677|21680|0.8047, -0.8432, -0.5050, -0.5262, -0.0132, -0.1245, 0.0422, 0.2800|2599.8
22|1.0000, -1.0000, -0.0297, -0.1008, -0.0680, -0.2369, -0.0262, 0.0253|35960|0.8299, -0.8515, -0.4322, -0.4114, -0.0270, -0.1044, 0.0355, 0.2105|3620.0
23|0.4560, -1.0000, -0.0297, -0.1008, -0.0165, 0.0018, 0.0000, 0.0253|246220|0.7974, -0.9022, -0.3291, -0.3795, -0.0427, -0.0978, 0.0423, 0.1385|6692.4
24|0.4560, -1.0000, -0.0297, -0.1008, -0.0165, 0.0018, -0.0262, 0.0253|440240|0.8286, -0.8983, -0.2549, -0.2959, -0.0396, -0.0847, 0.0196, 0.0740|13690.4
25|0.4560, -1.0000, -0.0297, -0.1008, -0.0165, 0.0018, -0.0262, 0.0253|146920|0.4400, -0.7967, -0.1805, -0.2013, -0.0496, -0.0492, 0.0214, 0.0021|7251.2
26|0.4560, -1.0000, -0.0297, -0.1008, -0.0165, 0.0018, -0.0262, 0.0253|306200|0.7411, -0.9277, -0.1525, -0.1895, -0.0511, -0.0244, 0.0096, 0.0004|15899.2
27|0.4560, -1.0000, -0.0297, -0.1008, -0.0165, 0.0018, -0.0262, 0.0253|607120|0.7054, -0.9691, -0.1258, -0.1866, -0.0531, 0.0057, 0.0077, -0.0012|30870.6
28|0.4560, -1.0000, -0.0297, -0.1008, -0.0165, 0.0018, -0.0262, 0.0253|774220|0.6433, -0.9921, -0.0341, -0.1374, -0.0562, 0.0004, 0.0028, -0.0374|59602.6
29|0.4560, -1.0000, -0.0297, -0.1008, -0.0165, 0.0018, -0.0262, 0.0253|1280180|0.6455, -0.9796, -0.0404, -0.1302, -0.0473, -0.0153, -0.0031, -0.0098|96735.2
30|0.4560, -1.0000, -0.0297, -0.1008, -0.0165, 0.0018, -0.0262, 0.0253|889360|0.6225, -0.9975, -0.0378, -0.1254, -0.0397, -0.0005, -0.0065, 0.0130|120724.8
31|0.4560, -1.0000, -0.0297, -0.1008, -0.0165, 0.0018, -0.0262, 0.0253|1099840|0.6497, -1.0000, -0.0360, -0.1182, -0.0272, -0.0040, -0.0083, 0.0224|168634.2
32|0.4560, -1.0000, -0.0405, -0.1008, -0.0165, 0.0018, 0.0000, 0.0197|838140|0.6007, -1.0000, -0.0350, -0.1073, -0.0204, -0.0006, -0.0145, 0.0237|208663.2
