1|0.5502, -0.9430, -0.9271, -0.6465, -0.0681, -0.0078, 1.0000, 0.1635|3320|0.1200, -0.1389, -0.2135, -0.2361, -0.0060, -0.1722, 0.0451, -0.0006|199.0
2|-0.8926, -0.8488, -0.8908, -1.0000, -0.4493, -0.1970, 0.2380, -0.1432|4260|-0.0425, -0.2090, -0.5137, -0.4321, 0.0034, -0.1288, 0.0840, 0.0620|370.6
3|0.5502, -0.9253, -0.9271, -0.7887, -0.8500, -0.0458, 0.0428, 0.1635|7460|0.0175, -0.4558, -0.6452, -0.5329, -0.0102, -0.2237, -0.0175, 0.1184|552.6
4|0.8663, -1.0000, -0.7717, -0.6465, -0.0681, -0.0078, 1.0000, 0.6419|3760|0.2537, -0.6644, -0.7309, -0.6484, -0.0563, -0.2396, 0.1165, 0.2274|965.0
5|0.8663, -1.0000, -0.7717, -0.6465, -0.0681, -0.0078, 1.0000, 0.6419|4320|0.4751, -0.8063, -0.7756, -0.7458, -0.0459, -0.1604, 0.2762, 0.2829|1079.0
6|0.4415, -1.0000, -0.8248, -0.9415, 0.1160, -0.0747, 0.0494, 0.3962|7540|0.5444, -0.9088, -0.7381, -0.7730, -0.1227, -0.1611, 0.3253, 0.3132|1582.0
7|0.8663, -0.9253, -0.7717, -0.7887, -0.0681, -0.0458, 0.0428, 0.0895|5100|0.6484, -0.8811, -0.7680, -0.7453, -0.1749, -0.1976, 0.3637, 0.2371|1261.6
8|0.8663, -1.0000, -0.8248, -0.6465, 0.1160, -0.0747, 0.0428, 0.3962|4860|0.6829, -0.8499, -0.7525, -0.7358, -0.1601, -0.1901, 0.3338, 0.2839|1325.6
9|0.5502, -1.0000, -1.0000, -0.4563, -0.4984, -0.0458, 0.0154, 0.1406|5380|0.5517, -0.8779, -0.7675, -0.7156, -0.1397, -0.1449, 0.3291, 0.2229|1287.2
10|-0.1843, -1.0000, -0.8248, -0.4563, 0.1160, 0.0775, 0.1916, 0.3962|12880|0.5905, -0.8762, -0.7366, -0.6837, -0.1179, -0.1342, 0.2934, 0.2083|1418.8
11|-0.1843, -1.0000, -0.8248, -0.4563, 0.1160, 0.0775, 0.1916, 0.3962|8660|0.6850, -0.9373, -0.7107, -0.6021, -0.1168, -0.1099, 0.2406, 0.1873|1746.6
12|0.5648, -1.0000, -0.3971, -0.3427, -0.1310, -0.2744, 0.0151, 0.0972|8940|0.6114, -0.9393, -0.6597, -0.5783, -0.1087, -0.1422, 0.1413, 0.1542|2374.6
13|1.0000, -1.0000, -0.3394, -0.4563, 0.0273, 0.0604, 0.0494, 0.3962|9600|0.6525, -0.9610, -0.6356, -0.5016, -0.0840, -0.1631, 0.1001, 0.2012|2586.6
14|1.0000, -1.0000, -0.3394, -0.4563, 0.0273, 0.0604, 0.0494, 0.3962|11260|0.7003, -0.9436, -0.5638, -0.5297, -0.0677, -0.1671, 0.1036, 0.2196|2401.8
15|1.0000, -1.0000, -0.3394, -0.4563, 0.1160, 0.0829, 0.1916, 0.3962|18660|0.7805, -0.9579, -0.5374, -0.5198, -0.0520, -0.1414, 0.0921, 0.2152|3084.2
16|1.0000, -1.0000, -0.3394, -0.4563, 0.0122, 0.0604, 0.0201, 0.3962|20120|0.8129, -0.9696, -0.5364, -0.4988, -0.0307, -0.1217, 0.0933, 0.2593|3568.2
17|1.0000, -0.9927, -0.3394, -0.4563, 0.0273, 0.0997, 0.0201, 0.3962|16900|0.9062, -0.9781, -0.4681, -0.4466, -0.0150, -0.0838, 0.0861, 0.2772|3650.2
18|1.0000, -1.0000, -0.3394, -0.4563, 0.1160, 0.0829, 0.0749, 0.3962|32020|0.9279, -0.9620, -0.4557, -0.4515, 0.0070, -0.0505, 0.0728, 0.2744|4558.6
19|1.0000, -1.0000, -0.3394, -0.3427, -0.0681, 0.0604, 0.0201, 0.0972|22980|0.9525, -0.9905, -0.3507, -0.4350, 0.0154, -0.0233, 0.0656, 0.2830|4606.4
20|1.0000, -1.0000, -0.3394, -0.4563, 0.0122, 0.0604, 0.0201, 0.3962|24020|0.9716, -0.9379, -0.3602, -0.4330, 0.0343, -0.0130, 0.0537, 0.3120|5451.6
21|1.0000, -1.0000, -0.3394, -0.4563, 0.1160, 0.0829, 0.0749, 0.3962|19560|0.9680, -0.9777, -0.3575, -0.4193, 0.0295, 0.0024, 0.0545, 0.3037|5375.4
22|1.0000, -1.0000, -0.3394, -0.4563, 0.1160, 0.0829, 0.0217, 0.3962|16280|0.9775, -0.9974, -0.3474, -0.4102, 0.0328, 0.0213, 0.0436, 0.2703|4484.6
23|1.0000, -1.0000, -0.3394, -0.4563, 0.1160, 0.0829, 0.0217, 0.3962|25720|0.9483, -0.9992, -0.3405, -0.4126, 0.0320, 0.0401, 0.0351, 0.2918|5856.6
24|1.0000, -1.0000, -0.3394, -0.4563, 0.1160, 0.0829, 0.0217, 0.3962|28140|0.9648, -0.9600, -0.3364, -0.4023, 0.0361, 0.0525, 0.0275, 0.2835|6862.2
25|1.0000, -1.0000, -0.3394, -0.3427, 0.0273, 0.0829, 0.1439, 0.3962|16880|0.9699, -0.9800, -0.3335, -0.4111, 0.0361, 0.0579, 0.0327, 0.2358|5681.6
26|1.0000, -1.0000, -0.3394, -0.3427, 0.0273, 0.0829, 0.1439, 0.3962|27120|0.9891, -1.0000, -0.3383, -0.4095, 0.0401, 0.0660, 0.0376, 0.2629|6049.0
27|1.0000, -1.0000, -0.3394, -0.3427, 0.1160, 0.0604, 0.0217, 0.0972|34240|1.0000, -1.0000, -0.3384, -0.4038, 0.0363, 0.0639, 0.0427, 0.2610|7184.2
28|1.0000, -1.0000, -0.3394, -0.3427, -0.0681, 0.0997, 0.0201, 0.0972|42040|0.9631, -0.9856, -0.3383, -0.4063, 0.0400, 0.0670, 0.0466, 0.2835|6314.6
29|1.0000, -1.0000, -0.3394, -0.3427, -0.0681, 0.0604, 0.0201, 0.0972|32440|0.9754, -1.0000, -0.3383, -0.4040, 0.0363, 0.0787, 0.0520, 0.2952|6213.4
30|1.0000, -1.0000, -0.3394, -0.3427, 0.0273, 0.0604, 0.0201, 0.3962|33720|0.9877, -1.0000, -0.3354, -0.3927, 0.0382, 0.0791, 0.0524, 0.2878|6767.8
31|1.0000, -1.0000, -0.3394, -0.3427, 0.1160, 0.0997, 0.0217, 0.0972|27840|1.0000, -1.0000, -0.3275, -0.3745, 0.0332, 0.0793, 0.0526, 0.2990|6160.6
32|1.0000, -1.0000, -0.3394, -0.3427, 0.0273, 0.0997, 0.0201, 0.4211|33220|1.0000, -0.9845, -0.3305, -0.3665, 0.0320, 0.0798, 0.0571, 0.3015|6129.0
