1|-0.3244, -1.0000, -0.1747, -0.5363, -0.1798, 0.3070, 0.1370, 0.1322|2520|-0.0648, 0.0153, -0.1878, -0.0774, -0.0862, -0.1220, 0.0321, -0.0281|159.4
2|1.0000, -0.5364, -1.0000, -0.6409, 0.4319, -0.3350, -0.3311, -0.6110|2760|0.0234, -0.0068, -0.2440, -0.2821, -0.3120, -0.2038, 0.0400, -0.0173|198.8
3|0.6443, -0.1397, -0.4470, -0.5363, -0.1798, 0.3070, 0.0709, -0.1076|1760|0.1981, -0.0312, -0.3446, -0.4648, -0.4721, -0.1981, 0.0983, -0.0340|318.8
4|0.6443, -0.1604, -0.5999, -0.5363, -0.7876, 0.3070, 0.0709, -0.1076|1500|0.3406, -0.2004, -0.3332, -0.5867, -0.5198, 0.0672, 0.0828, -0.1226|302.2
5|0.8180, -0.2036, -0.7617, -0.6809, -1.0000, 0.3897, -0.0173, -0.1366|2900|0.2749, -0.2266, -0.3640, -0.6354, -0.6301, 0.0671, 0.1276, -0.1141|376.6
6|0.0722, -0.8338, -0.5118, -0.3799, -0.1544, -0.3134, 0.1951, -0.6114|2300|0.3424, -0.2497, -0.4186, -0.5810, -0.7295, -0.0676, 0.0940, -0.0833|411.6
7|0.6443, -0.1397, -0.4470, -0.5071, -0.1798, -0.4896, -0.4722, 0.0287|2840|0.3412, -0.2855, -0.4360, -0.7308, -0.6335, -0.1577, 0.1070, -0.2250|533.6
8|0.0866, -1.0000, -0.6138, -0.4556, -0.1852, -0.3758, 0.2340, -0.5637|3540|0.4266, -0.2983, -0.5249, -0.6401, -0.6222, -0.1653, 0.1237, -0.2768|549.2
9|0.5031, -0.6035, -0.6626, -0.3799, -0.1544, -0.3134, 0.1951, -0.1076|3120|0.4745, -0.3300, -0.5417, -0.6692, -0.5050, -0.2076, 0.0869, -0.2829|569.8
10|0.0866, -1.0000, -0.6138, -0.4556, -0.1852, -0.3620, 0.2340, 0.0445|4160|0.4109, -0.4904, -0.5589, -0.7213, -0.4001, -0.1912, -0.0039, -0.2072|727.0
11|0.0662, -1.0000, -0.4694, -0.3484, -0.1416, -0.2768, 0.1789, 0.0340|6520|0.4330, -0.5276, -0.6188, -0.6429, -0.3461, -0.2826, -0.0038, -0.1734|1042.0
12|1.0000, -1.0000, -0.3837, -0.4556, -0.2522, -0.3620, -0.8714, 0.0529|3940|0.4644, -0.6539, -0.5681, -0.6040, -0.2810, -0.1784, -0.0275, -0.1907|1079.4
13|0.6443, -1.0000, -0.4841, -0.2153, -0.1852, -0.3758, 0.2340, -0.5637|6580|0.5086, -0.6504, -0.5757, -0.5839, -0.2529, -0.2284, 0.0586, -0.1380|1322.2
14|0.0662, -1.0000, -0.4694, -0.3484, -0.1416, -0.0228, 0.1789, 0.0340|5220|0.5156, -0.8218, -0.5862, -0.5427, -0.1721, -0.2049, 0.1606, -0.1214|1224.8
15|0.0662, -1.0000, -0.4694, -0.3484, -0.1416, 0.0917, 0.1789, 0.0340|7040|0.4690, -0.9172, -0.5805, -0.5162, -0.1697, -0.2157, 0.1021, -0.1028|1473.8
16|0.6193, -1.0000, -0.4129, -0.4457, 0.2159, 0.1172, 0.2289, -0.0211|9960|0.4851, -0.8849, -0.5913, -0.5231, -0.1546, -0.1849, 0.1221, -0.0667|1554.8
17|1.0000, -0.9615, -0.5162, -0.4807, 0.1688, -0.3965, 0.0208, -0.5637|9000|0.4600, -0.9625, -0.5247, -0.5445, -0.1758, -0.0618, 0.1765, -0.0289|1537.2
18|0.8105, -1.0000, -0.2328, -0.2824, -0.0723, 0.0743, 0.1450, -0.1951|23940|0.5291, -0.9336, -0.4524, -0.5678, -0.1872, -0.0315, 0.1925, -0.0223|1750.6
19|-0.0033, -1.0000, -0.2408, -0.2599, -0.1056, -0.0896, 0.1335, -0.1212|8240|0.4652, -0.9105, -0.4724, -0.5151, -0.1395, -0.0654, 0.2047, -0.0111|1799.4
20|0.7835, -1.0000, -0.3228, -0.3484, -0.1798, 0.0917, 0.1789, 0.0340|15620|0.4596, -0.9552, -0.4346, -0.5040, -0.1247, -0.0582, 0.2067, -0.0086|2174.4
21|0.6701, -1.0000, -0.0987, -0.3484, -0.2431, 0.0917, 0.1701, 0.0340|13960|0.5611, -0.9654, -0.4366, -0.4804, -0.1076, -0.0622, 0.2074, -0.0121|2385.8
22|0.8540, -1.0000, -0.2756, -0.2824, -0.1209, 0.0783, 0.1789, 0.0321|17440|0.5460, -0.9937, -0.3838, -0.4314, -0.1121, -0.0544, 0.1839, 0.0044|2798.6
23|0.8540, -1.0000, -0.2756, -0.2824, -0.1209, 0.0783, 0.1789, 0.0321|14800|0.5688, -0.9653, -0.3736, -0.4333, -0.0770, -0.0280, 0.1867, -0.0128|2647.2
24|0.8336, -1.0000, -0.3228, -0.4082, -0.1798, 0.1196, 0.1789, 0.0340|16900|0.6258, -0.9793, -0.3519, -0.4274, -0.0879, 0.0117, 0.1740, -0.0092|3025.6
25|0.7835, -1.0000, -0.3228, -0.3484, 0.2372, 0.0917, 0.1789, 0.0171|12720|0.6193, -0.9831, -0.3805, -0.4126, -0.0893, 0.0011, 0.1808, 0.0026|3127.0
26|0.6701, -1.0000, -0.2756, -0.3484, -0.1209, 0.0917, 0.1385, 0.0340|32540|0.7053, -0.9677, -0.3825, -0.4079, -0.0843, -0.0056, 0.1735, 0.0165|4187.2
27|0.8336, -1.0000, -0.3228, -0.3484, -0.1798, 0.1196, 0.1789, 0.0340|21420|0.7206, -0.9888, -0.3796, -0.3776, -0.1143, -0.0053, 0.1536, 0.0203|4284.8
28|1.0000, -0.8870, -0.2445, -0.4082, 0.3027, -0.0203, 0.2284, 0.0274|14820|0.7906, -0.9989, -0.3682, -0.3744, -0.1125, -0.0091, 0.1356, 0.0147|4309.0
29|0.6701, -1.0000, -0.2445, -0.3484, -0.1209, 0.0917, 0.1228, 0.0271|16780|0.8172, -0.9955, -0.3731, -0.3803, -0.1078, 0.0165, 0.1596, 0.0178|4273.8
30|0.8540, -1.0000, -0.3228, -0.3484, 0.2372, -0.0228, 0.0056, 0.0308|44400|0.7782, -0.9910, -0.3163, -0.3678, -0.0780, 0.0019, 0.1611, 0.0157|4737.8
31|0.8521, -1.0000, -0.3228, -0.3484, -0.1209, 0.1196, 0.0056, -0.1951|21760|0.7801, -0.9943, -0.3004, -0.3668, -0.0843, 0.0165, 0.1425, 0.0118|5716.0
32|0.6701, -1.0000, -0.2445, -0.3481, -0.1416, 0.0917, 0.1228, 0.0274|21600|0.7955, -0.9989, -0.2937, -0.3622, -0.1023, 0.0276, 0.1479, 0.0161|5696.6
