1|-0.3557, -1.0000, -0.5700, -0.5524, -0.8633, 0.6388, -0.9620, 0.0233|1560|-0.1514, -0.0962, -0.0827, -0.1085, -0.1010, 0.0130, -0.0769, -0.0242|105.2
2|-0.1293, -0.5267, -0.9803, -0.8323, -0.2825, -0.4415, -0.7748, 0.1331|1740|-0.2550, -0.1121, -0.2252, -0.0784, -0.2575, -0.0202, -0.1240, 0.0381|156.6
3|0.5665, -0.5267, -0.9803, -0.7840, -0.3486, -0.2475, -1.0000, 0.8249|2000|-0.2565, -0.1583, -0.3476, -0.3320, -0.2867, -0.2058, -0.2887, 0.0866|263.6
4|0.9848, -0.5267, -0.9803, -1.0000, -0.6898, -0.7388, -0.7748, 0.8250|2600|-0.2180, -0.3730, -0.5041, -0.5119, -0.3361, -0.3246, -0.2963, 0.1009|381.8
5|0.6398, -0.5267, -0.9803, -0.7840, -0.3486, -0.2475, -0.4219, 1.0000|3340|-0.0825, -0.5083, -0.5448, -0.5635, -0.3441, -0.3480, -0.3706, 0.1467|502.2
6|-0.3041, -1.0000, -0.7325, -0.3534, -0.1485, -1.0000, -0.5214, 0.2444|3980|0.0488, -0.5775, -0.6452, -0.6854, -0.3715, -0.4212, -0.4622, 0.1605|604.4
7|0.9848, -0.5267, -0.9803, -1.0000, -0.6898, -0.7388, -0.7748, 0.8250|2940|0.1797, -0.5899, -0.7637, -0.7549, -0.3682, -0.6278, -0.4732, 0.2524|682.2
8|-0.1904, -1.0000, -0.4346, -0.3534, -0.3486, -1.0000, 0.0840, 0.1331|3880|0.2121, -0.5985, -0.7588, -0.7985, -0.3498, -0.7116, -0.4738, 0.3468|761.8
9|0.9848, -0.5267, -0.9803, -1.0000, -0.6898, -0.3043, -0.7748, 0.8250|3820|0.4210, -0.6125, -0.7794, -0.8286, -0.3939, -0.6325, -0.4578, 0.4789|888.4
10|0.9848, -0.1355, -0.9803, -1.0000, -0.6898, -0.0822, -0.7748, 0.8250|3620|0.5640, -0.6062, -0.8540, -0.8787, -0.3875, -0.6621, -0.4714, 0.5171|921.2
11|0.5767, -1.0000, -0.4346, -0.4212, -0.2018, -0.4415, -0.5405, 0.3439|3800|0.4781, -0.6403, -0.8637, -0.8689, -0.4031, -0.6530, -0.4885, 0.4626|985.8
12|0.5767, -1.0000, -0.4346, -0.4212, -0.2018, -0.4415, -0.5405, 0.3439|5580|0.6344, -0.6629, -0.8950, -0.9014, -0.4173, -0.6499, -0.3958, 0.4852|953.2
13|0.9848, -1.0000, -0.9803, -0.4212, -0.6898, -0.3043, -0.7748, 0.8250|4640|0.7483, -0.7022, -0.8193, -0.8547, -0.3712, -0.6249, -0.3567, 0.5206|1001.6
14|0.5767, -1.0000, -0.9803, -0.4212, -0.1485, -1.0000, -0.7748, 0.3439|3540|0.7938, -0.7255, -0.8512, -0.8850, -0.4233, -0.6138, -0.4438, 0.5596|1055.4
15|0.5767, -1.0000, -0.9803, -0.4212, -0.2018, -0.7388, 0.0840, 0.3439|3760|0.8737, -0.7586, -0.8938, -0.8507, -0.4472, -0.5949, -0.4737, 0.5766|1061.4
16|0.9848, -1.0000, -0.9803, -1.0000, -0.6898, -0.3043, -0.7748, 0.8250|5380|0.9166, -0.7599, -0.8973, -0.8097, -0.4634, -0.6471, -0.4171, 0.5086|1099.0
17|0.9848, -0.5267, -0.9803, -1.0000, -0.3486, -0.8733, -0.9620, 0.1964|4380|0.9144, -0.8373, -0.8913, -0.8260, -0.4516, -0.6613, -0.4434, 0.4739|1209.2
18|0.9848, -1.0000, -0.9803, -0.4212, -0.3486, -0.3043, 0.0840, 0.2444|6360|0.9239, -0.8375, -0.8978, -0.8262, -0.4384, -0.6061, -0.4222, 0.4799|1361.8
19|0.9848, -1.0000, -0.4346, -0.4212, -0.2018, -0.8019, 0.0840, 0.2444|4100|0.8787, -0.8462, -0.8538, -0.7547, -0.4001, -0.6628, -0.2800, 0.3454|1377.8
20|0.9848, -1.0000, -0.9803, -1.0000, -0.3486, -0.3043, 0.0840, 0.1964|4580|0.8803, -0.8904, -0.8563, -0.7559, -0.3752, -0.6072, -0.2524, 0.3812|1325.2
21|0.9848, -1.0000, -0.4346, -0.4212, -0.2018, -0.8019, 0.0840, 0.2444|8340|0.9041, -0.9021, -0.8732, -0.7309, -0.4435, -0.6195, -0.2345, 0.3362|1434.8
22|0.9848, -1.0000, -0.4346, -0.4212, -0.2018, -0.3043, 0.0840, 0.2444|8160|0.9121, -0.9143, -0.8459, -0.7248, -0.4102, -0.6101, -0.2408, 0.3367|1560.0
23|0.9848, -1.0000, -0.4346, -0.4212, -0.2018, -0.7388, 0.0840, 0.2444|5800|0.8807, -0.9280, -0.8184, -0.7106, -0.3660, -0.6363, -0.1824, 0.3062|1501.4
24|0.9848, -1.0000, -0.4346, -0.4212, -0.3486, -0.3043, 0.0840, 0.2444|5380|0.8816, -0.9437, -0.7905, -0.6960, -0.3684, -0.5768, -0.1559, 0.3488|1433.6
25|0.9848, -1.0000, -0.4346, -0.4212, -0.2018, -0.7388, 0.0853, 0.2444|6200|0.9145, -0.9792, -0.7846, -0.7053, -0.3709, -0.6043, -0.1237, 0.3454|1756.6
26|0.9848, -1.0000, -0.9803, -0.4212, -0.3486, -0.3043, -0.7748, 0.2444|4940|0.9245, -0.9517, -0.7629, -0.6850, -0.3409, -0.5614, -0.1431, 0.3325|1455.2
27|0.9848, -1.0000, -0.4346, -0.4212, -0.3486, -0.3043, 0.0840, 0.2444|9740|0.9547, -0.9707, -0.6812, -0.5807, -0.2974, -0.5737, -0.0892, 0.3214|1888.6
28|0.9848, -1.0000, -0.4346, -0.4212, -0.2018, -0.3043, 0.0840, 0.2444|15300|0.9514, -0.9574, -0.6154, -0.5419, -0.2844, -0.5196, -0.0526, 0.3036|2236.0
29|0.9848, -1.0000, -0.4346, -0.4212, -0.3486, -0.3043, 0.0840, 0.2444|13960|0.9522, -0.9621, -0.5440, -0.4622, -0.2932, -0.4888, -0.0074, 0.2677|2267.0
30|0.9848, -1.0000, -0.4346, -0.4212, -0.2018, -0.3043, 0.0840, 0.2444|8780|0.9649, -0.9671, -0.5168, -0.4677, -0.3168, -0.4441, 0.0127, 0.2570|2228.8
31|0.9848, -1.0000, -0.4346, -0.4212, -0.3486, -0.3043, 0.0840, 0.2444|6760|0.9729, -0.9718, -0.4949, -0.4414, -0.2786, -0.3782, 0.0055, 0.2525|2397.8
32|0.9848, -1.0000, -0.4346, -0.4212, -0.3486, -0.3043, 0.0840, 0.2444|10800|0.9809, -0.9813, -0.4732, -0.4305, -0.2538, -0.3437, 0.0185, 0.2457|2602.6
