1|1.0000, -0.8733, -0.6470, -0.8399, -0.9051, -0.5347, -0.4621, 0.8562|1520|0.1728, -0.0206, -0.2073, -0.1300, 0.0128, -0.2111, 0.0870, 0.1116|199.2
2|-0.0065, -0.8656, -0.8862, -0.5243, 0.3270, -0.5251, -1.0000, -0.4393|3020|0.2326, -0.0878, -0.5278, -0.5078, -0.0761, -0.2427, 0.0956, 0.0020|374.2
3|1.0000, -0.8733, -0.6470, -0.8399, -0.9051, -0.5347, -0.4621, 0.8562|3260|0.3632, -0.3269, -0.6443, -0.7299, -0.2472, -0.4202, 0.1287, -0.0474|731.2
4|1.0000, -0.8733, -0.6470, -0.8399, -0.9051, -0.5347, -0.4621, 0.8562|5500|0.6301, -0.5839, -0.6485, -0.8621, -0.3895, -0.5037, 0.0951, 0.0507|950.0
5|1.0000, -0.8733, -0.6470, -0.8399, -0.9051, -0.5347, -0.4621, 0.8562|3520|0.7575, -0.7085, -0.6788, -0.8519, -0.4020, -0.4978, -0.0556, 0.1830|898.2
6|1.0000, -0.5654, -0.7277, -0.9772, 0.9007, -0.4411, 0.6959, 0.2998|4680|0.2934, -0.8234, -0.6946, -0.8703, -0.6248, -0.5326, -0.1959, 0.4108|915.2
7|1.0000, -0.5654, -0.7277, -0.9772, 0.9007, -0.4411, 0.6959, 0.2998|5280|0.4300, -0.8063, -0.7116, -0.8821, -0.5810, -0.5391, -0.1565, 0.3993|963.0
8|1.0000, -0.8656, -0.8862, -0.5243, -0.2221, -0.5251, 0.0673, -0.3420|4060|0.5862, -0.7787, -0.7019, -0.8620, -0.5455, -0.3358, -0.0216, 0.2309|919.2
9|1.0000, -0.8656, -0.8862, -0.5243, -0.2221, -0.0535, 0.6959, -0.3420|4340|0.6530, -0.8142, -0.7284, -0.7887, -0.5102, -0.4369, -0.0233, 0.0515|1137.4
10|1.0000, -0.5654, -0.7277, -0.9772, -0.2221, -0.0535, 0.6959, -0.3420|4300|0.0456, -0.8313, -0.7597, -0.7387, -0.4673, -0.4989, -0.0445, -0.0225|843.8
11|1.0000, -0.9301, -0.4566, -0.7491, -0.9051, -0.6962, -0.4621, 0.8562|2780|0.4095, -0.8163, -0.7515, -0.6691, -0.5062, -0.4679, 0.0001, -0.0285|915.6
12|1.0000, -0.8656, -0.6470, -0.5243, -0.9051, -0.5251, 0.0673, -0.3420|2840|0.8036, -0.8393, -0.7183, -0.7992, -0.6404, -0.4421, -0.0096, 0.0537|1039.2
13|1.0000, -0.8656, -0.6470, -0.5243, -0.9051, -0.5251, 0.0673, -0.3420|5020|0.8922, -0.8289, -0.6984, -0.7424, -0.5773, -0.4912, -0.0091, 0.0817|1265.8
14|1.0000, -0.9649, -0.7277, -0.5243, -0.2221, -0.0535, 0.6959, -0.3420|5740|0.9258, -0.7940, -0.6936, -0.7112, -0.5137, -0.4829, 0.0082, 0.1498|1295.0
15|1.0000, -0.8656, -0.8862, -0.7789, 0.1122, -0.5251, 0.0673, -0.3420|4760|0.8855, -0.8478, -0.7079, -0.6579, -0.4561, -0.4496, 0.0817, 0.0620|1367.2
16|1.0000, -0.9649, -0.7277, -0.5243, -0.2221, -0.0535, 0.6959, -0.3420|4560|0.9464, -0.8321, -0.7122, -0.6212, -0.4376, -0.4421, 0.0298, 0.1071|1354.8
17|1.0000, -0.8656, -0.6470, -0.5243, -0.2221, -0.5251, 0.0673, 0.2998|7100|0.9719, -0.8404, -0.7059, -0.5923, -0.4229, -0.4546, -0.0204, 0.1723|1533.4
18|1.0000, -0.8656, -0.6470, -0.5243, -0.2221, -0.5251, -0.4621, 0.8562|5100|0.9804, -0.8638, -0.7163, -0.5805, -0.3917, -0.4373, -0.1085, 0.1496|1504.6
19|1.0000, -0.8656, -0.8862, -0.5243, -0.2221, -0.5251, 0.0673, -0.3420|4500|0.9830, -0.8894, -0.6996, -0.5510, -0.3241, -0.4078, -0.1134, 0.2454|1395.2
20|1.0000, -0.9649, -0.6470, -0.5243, -0.2221, -0.0535, -0.0156, -0.3420|6560|0.9651, -0.9025, -0.7192, -0.5327, -0.2817, -0.3884, -0.1665, 0.1403|1505.0
21|1.0000, -0.9649, -0.6470, -0.5243, -0.2221, -0.0535, -0.0156, -0.3420|7180|0.9745, -0.9227, -0.7382, -0.5294, -0.2774, -0.3553, -0.1341, 0.0660|1738.2
22|1.0000, -0.9649, -0.6470, -0.5243, -0.2221, -0.0535, -0.0156, -0.3420|8080|0.9694, -0.9260, -0.7263, -0.5205, -0.2875, -0.3365, -0.1059, 0.0771|1623.6
23|1.0000, -0.9649, -0.6470, -0.5243, -0.2221, -0.0535, -0.0156, -0.3420|9060|0.9643, -0.9286, -0.7336, -0.5190, -0.2339, -0.2657, -0.1592, 0.0096|1659.2
24|1.0000, -0.9649, -0.6470, -0.5243, -0.2221, -0.0535, -0.0156, -0.3420|8980|0.9796, -0.9279, -0.7240, -0.5205, -0.2638, -0.2516, -0.1241, 0.0077|1908.0
25|1.0000, -0.9649, -0.6470, -0.5243, -0.2221, -0.0535, -0.0156, -0.3420|10460|0.9898, -0.9457, -0.6929, -0.5197, -0.2548, -0.2044, -0.0710, -0.0621|1910.0
26|1.0000, -0.9649, -0.6470, -0.5243, -0.2221, -0.0535, 0.0673, 0.2998|8740|1.0000, -0.9544, -0.6865, -0.5213, -0.2785, -0.1761, -0.0366, -0.0555|2389.0
27|1.0000, -0.9474, -0.7277, -0.5243, -0.2221, -0.5251, -0.0156, 0.2998|10740|1.0000, -0.9580, -0.6857, -0.5228, -0.2477, -0.1525, -0.0083, -0.0065|2248.6
28|1.0000, -0.9649, -0.7277, -0.5243, -0.2221, -0.0535, -0.0156, 0.2998|12220|1.0000, -0.9401, -0.6825, -0.5243, -0.2349, -0.1858, 0.0006, 0.1056|2373.4
29|1.0000, -0.9649, -0.6470, -0.5243, -0.2221, -0.5251, -0.0156, 0.8562|9040|1.0000, -0.9523, -0.6809, -0.5162, -0.2221, -0.1903, 0.0087, 0.1176|2399.0
30|1.0000, -0.9649, -0.7277, -0.5243, -0.2221, -0.0535, -0.0156, 0.2998|11000|1.0000, -0.9513, -0.6777, -0.5243, -0.2217, -0.1714, 0.0127, 0.1128|2231.6
31|1.0000, -0.9474, -0.6470, -0.5243, -0.2221, -0.0535, 0.0673, 0.2998|9820|1.0000, -0.9461, -0.6793, -0.5243, -0.2221, -0.1761, 0.0134, 0.0760|2164.6
32|1.0000, -0.9649, -0.7277, -0.5243, -0.2221, -0.0535, -0.0156, 0.2998|8580|1.0000, -0.9412, -0.6817, -0.5243, -0.2221, -0.1525, 0.0104, 0.0076|2061.8
