1|-0.0480, -0.9788, -0.3538, -0.6314, -0.6187, -0.2740, -0.3688, 0.5038|4100|0.0881, -0.1015, -0.0927, -0.1364, -0.0979, -0.0046, 0.0398, 0.0789|182.8
2|0.8769, -1.0000, -0.3785, -0.8315, 0.3907, -0.0612, 0.9717, -0.7624|2220|0.2882, -0.4217, -0.1814, -0.3473, -0.1209, -0.1707, 0.0169, 0.0209|316.8
3|0.1463, -1.0000, -0.5771, -0.6534, -0.7613, 0.1104, -0.0983, 1.0000|2640|0.4085, -0.5631, -0.3644, -0.5199, -0.2464, -0.3130, 0.0439, 0.0466|584.6
4|0.1463, -1.0000, -0.8264, -0.5718, -0.8841, -0.8401, -0.4514, 0.7675|3500|0.3929, -0.7747, -0.3402, -0.6274, -0.3169, -0.2700, 0.1071, 0.0513|754.4
5|-0.0480, -0.9788, -0.3785, -0.6314, 0.3907, -0.0612, -0.3688, 0.5038|2880|0.3665, -0.8725, -0.3885, -0.6622, -0.3145, -0.2891, 0.1524, 0.0530|759.2
6|0.1463, -1.0000, -0.8264, -0.5718, -0.8841, -0.8401, -0.4514, 0.7675|2880|0.3738, -0.9130, -0.4259, -0.7153, -0.2631, -0.3117, 0.1524, 0.0064|869.0
7|1.0000, -0.9788, -0.3785, -0.6314, 0.3907, -0.0032, 0.3218, 0.5038|5920|0.3926, -0.8628, -0.4773, -0.6121, -0.3294, -0.2841, 0.1414, -0.0081|811.2
8|1.0000, -0.9788, -0.3785, -0.6314, 0.3907, -0.0032, 0.3218, 0.5038|8020|0.3719, -0.9009, -0.4681, -0.6836, -0.3217, -0.2086, 0.1234, 0.1002|990.4
9|1.0000, -0.9788, -0.3785, -0.6314, 0.3907, -0.0032, 0.3218, 0.5038|6460|0.3611, -0.9386, -0.4764, -0.6819, -0.2662, -0.1923, 0.0545, 0.1674|1051.8
10|0.1463, -1.0000, -0.8264, -0.7565, -0.5242, -0.5124, -0.2807, 0.7675|4680|0.4925, -0.9592, -0.3701, -0.6982, -0.1366, -0.1777, 0.0871, 0.1979|901.4
11|-0.0157, -1.0000, -0.3785, -0.6450, 0.3588, -0.0612, 0.9717, 0.5147|4720|0.4907, -0.9683, -0.4933, -0.7055, -0.2290, -0.2314, -0.0168, 0.2275|1022.8
12|-0.0157, -1.0000, -0.3785, -0.6450, 0.3588, -0.0612, 0.9717, 0.5147|4780|0.5034, -0.9734, -0.4808, -0.7101, -0.1200, -0.1802, 0.0845, 0.2631|1246.0
13|0.8769, -1.0000, -0.3785, -0.6450, 0.3907, -0.0612, 0.9717, 0.5147|6540|0.5904, -0.9704, -0.4393, -0.6946, -0.0300, -0.1440, 0.1827, 0.1986|1277.0
14|0.1463, -1.0000, -0.3785, -0.6450, 0.3907, -0.0612, 0.9717, -0.0901|6000|0.6569, -0.9955, -0.3606, -0.7107, -0.0674, -0.1181, 0.1312, 0.2154|1314.6
15|0.8769, -1.0000, -0.3785, -0.8315, 0.3907, 0.0253, -0.3688, 0.7841|4840|0.5779, -0.9820, -0.3936, -0.7154, 0.0191, -0.0832, 0.0742, 0.3135|1451.4
16|0.1463, -1.0000, -0.3785, -0.6314, 0.0950, -0.0612, -0.3688, 0.6215|8620|0.6324, -0.9941, -0.3802, -0.7240, 0.1635, -0.0778, 0.0418, 0.3681|1590.2
17|0.8769, -1.0000, -0.3785, -0.6450, 0.5375, -0.0612, 0.9717, 0.2590|6920|0.6671, -0.9922, -0.3748, -0.6975, 0.1312, -0.0552, 0.0143, 0.3635|1478.4
18|0.8769, -0.9788, -0.3538, -0.6314, 0.0950, -0.0625, -0.3768, 0.6215|7600|0.7532, -0.9934, -0.3774, -0.7202, 0.1230, -0.0523, -0.0872, 0.3702|1520.4
19|0.8769, -1.0000, -0.3785, -0.6314, 0.3907, -0.0625, -0.3768, 0.6215|5500|0.8046, -0.9930, -0.3894, -0.6828, 0.1642, -0.0527, -0.1017, 0.3810|1751.0
20|0.8769, -0.9788, -0.3538, -0.6314, 0.0950, -0.0625, -0.3768, 0.6215|9640|0.8489, -0.9917, -0.3719, -0.6878, 0.1843, -0.0562, -0.1345, 0.4588|2028.0
21|0.8769, -0.9788, -0.3785, -0.6314, 0.4994, -0.0625, 0.3218, -0.0901|10260|0.8666, -0.9911, -0.3782, -0.6737, 0.2177, -0.0536, -0.0558, 0.4144|2327.2
22|0.8769, -1.0000, -0.3785, -0.6314, 0.0950, -0.0625, 0.3218, 0.6215|7680|0.8407, -0.9905, -0.3765, -0.6441, 0.2533, -0.0545, 0.0037, 0.3483|2663.0
23|0.8769, -1.0000, -0.3951, -0.6450, 0.0950, -0.0625, -0.3768, 0.6215|15560|0.8618, -0.9586, -0.3812, -0.6276, 0.2187, -0.0565, 0.0133, 0.3435|2493.0
24|0.8769, -0.9788, -0.3785, -0.6314, 0.0950, -0.0625, 0.3218, 0.6215|15540|0.7670, -0.9593, -0.3803, -0.6291, 0.1830, -0.0557, 0.0426, 0.3716|2825.2
25|0.8769, -1.0000, -0.3785, -0.6450, 0.0950, -0.0625, 0.3218, 0.6215|13600|0.8455, -0.9793, -0.3808, -0.5741, 0.1585, -0.0551, 0.0903, 0.3959|2835.8
26|0.6277, -1.0000, -0.2709, -0.4081, 0.0680, -0.0438, -0.2640, -0.0645|14040|0.8693, -0.9862, -0.3779, -0.6198, 0.1454, -0.0555, 0.0873, 0.4529|2554.6
27|0.6277, -1.0000, -0.2709, -0.4081, 0.0680, -0.0438, -0.2640, -0.0645|12500|0.8573, -0.9934, -0.3754, -0.6114, 0.1358, -0.0550, 0.0492, 0.4601|2956.2
28|0.8769, -0.9788, -0.3785, -0.6314, 0.0950, -0.0625, 0.3218, 0.6215|9540|0.8478, -0.9932, -0.3716, -0.5952, 0.1329, -0.0519, 0.0546, 0.4472|2545.2
29|0.8769, -1.0000, -0.3785, -0.6314, 0.0950, -0.0625, 0.3218, 0.6215|9320|0.8502, -0.9943, -0.3722, -0.6098, 0.1254, -0.0524, 0.1532, 0.4751|2855.6
30|0.8769, -1.0000, -0.2709, -0.4081, 0.0969, -0.0625, 0.3218, 0.6215|11120|0.8535, -0.9945, -0.3720, -0.6072, 0.1004, -0.0485, 0.1577, 0.5046|3328.2
31|0.6277, -1.0000, -0.2709, -0.4081, 0.0680, -0.0438, -0.2640, -0.0645|9060|0.8443, -0.9964, -0.3608, -0.5892, 0.0995, -0.0425, 0.1732, 0.4915|2592.6
32|0.8959, -1.0000, -0.3867, -0.6450, 0.0971, 0.0822, 0.3288, 0.6349|9800|0.8431, -0.9966, -0.3568, -0.5815, 0.0904, -0.0322, 0.1537, 0.5132|3067.6
