1|0.5889, 0.9629, -0.8224, -1.0000, 0.0638, -0.4346, 0.5636, -0.1506|1500|0.0761, 0.1674, -0.2588, -0.3068, -0.0290, -0.0597, 0.1591, -0.0014|137.6
2|0.7826, -0.8092, -0.2815, -0.8546, -0.7103, -0.4612, -0.3597, 0.8607|1220|0.1856, 0.1488, -0.4055, -0.4564, -0.1359, -0.2194, 0.1285, -0.0592|206.4
3|0.8074, -0.5241, -0.8194, -1.0000, 0.6817, -0.2819, 0.7932, 1.0000|4280|0.3472, 0.1555, -0.4702, -0.5944, -0.1361, -0.2477, 0.1689, -0.0608|323.4
4|-0.0077, -0.5767, -0.9988, -0.6881, 0.1437, -0.7318, 0.2363, 1.0000|2920|0.5154, 0.1185, -0.6030, -0.5107, -0.0776, -0.3635, 0.2585, 0.0278|355.8
5|0.6634, 0.9629, -0.8224, -0.5122, 0.1437, -0.7318, 0.5636, 0.2174|3380|0.5094, 0.1476, -0.7489, -0.7175, -0.0910, -0.4937, 0.3612, -0.1308|451.4
6|0.8047, -0.5767, -0.5307, -0.6881, 0.1437, -0.7318, 0.2839, -0.0069|3280|0.4854, 0.0921, -0.8159, -0.7412, -0.0837, -0.6049, 0.4455, -0.1084|608.2
7|0.4259, -0.5481, -1.0000, -0.7129, 0.2547, -0.8042, 0.2471, -0.3458|3000|0.4386, -0.0406, -0.8170, -0.6798, -0.0441, -0.6058, 0.4404, -0.0047|589.4
8|0.8184, -0.8462, -1.0000, -0.7129, 0.1503, -0.9801, -0.1062, -0.0878|5140|0.4603, -0.2327, -0.8311, -0.7547, 0.0464, -0.6638, 0.4229, -0.0992|749.8
9|0.8184, -0.8462, -1.0000, -0.7129, 0.1503, -0.9801, -0.1062, 1.0000|3600|0.5098, -0.3235, -0.8388, -0.7424, -0.0140, -0.6885, 0.3749, -0.1236|861.6
10|0.6307, -0.5767, -1.0000, -1.0000, -0.2817, -0.2819, 0.7267, 0.2174|3280|0.5489, -0.4777, -0.8833, -0.7512, -0.0265, -0.7067, 0.2997, -0.0829|861.4
11|0.6307, -0.5767, -0.9988, -0.6817, 0.1437, -0.7690, 0.2839, -0.1506|3460|0.6060, -0.5071, -0.8708, -0.7162, -0.0388, -0.7419, 0.2845, -0.0601|890.2
12|0.6634, -0.5767, -0.8224, -0.6881, -0.2817, -0.7318, 0.4000, 0.2174|3660|0.6690, -0.5434, -0.9145, -0.7618, 0.0485, -0.7291, 0.2592, -0.0373|914.6
13|0.6307, -0.5767, -0.9988, -0.6881, 0.1437, -0.4346, 0.2839, 0.2174|4320|0.6837, -0.6158, -0.8881, -0.7174, -0.0194, -0.7261, 0.2980, 0.1308|1144.6
14|0.6307, -0.5767, -0.9988, -1.0000, 0.0638, -0.4346, -0.1062, -0.0047|3460|0.6774, -0.6057, -0.9226, -0.6979, -0.0690, -0.7598, 0.2792, 0.0825|1133.6
15|0.6634, -0.5767, -0.9988, -0.6881, 0.0638, -0.7318, 0.4000, 0.2174|5420|0.6674, -0.6228, -0.9328, -0.7074, -0.0172, -0.7745, 0.2821, 0.1202|948.8
16|0.6634, -0.5767, -1.0000, -0.6881, 0.1437, -0.7318, 0.2839, 0.2174|3360|0.6811, -0.6181, -0.8901, -0.7044, -0.1222, -0.7799, 0.3062, 0.1556|947.8
17|0.6307, -0.5767, -0.8224, -0.6881, 0.1437, -0.9801, 0.2839, 0.0733|4440|0.6780, -0.5963, -0.9089, -0.6577, -0.0831, -0.7828, 0.3294, 0.1627|1276.0
18|0.8184, -0.5767, -1.0000, -0.6881, 0.1437, -0.7318, 0.4000, -0.0047|6660|0.6854, -0.5836, -0.8570, -0.6872, -0.0903, -0.7554, 0.3006, 0.1279|1153.2
19|0.8184, -0.8462, -0.8224, -0.6881, 0.2547, -0.7318, 0.5399, 0.2174|3400|0.6675, -0.5983, -0.9040, -0.6707, -0.1339, -0.7450, 0.2997, 0.0813|1127.0
20|0.8184, -0.5767, -0.8224, -0.6889, 0.1503, -0.7699, 0.4000, 0.2174|3940|0.7224, -0.6034, -0.9222, -0.6691, -0.1235, -0.7573, 0.3303, 0.0903|1332.4
21|0.6634, -0.7013, -1.0000, -0.8367, -0.2817, -0.5285, 0.2839, -0.1832|4240|0.5737, -0.6110, -0.8996, -0.6745, -0.0942, -0.7570, 0.3174, 0.0998|1336.0
22|0.6634, -0.7013, -1.0000, -0.8367, -0.2817, -0.5285, 0.2839, -0.1832|3500|0.6369, -0.6100, -0.9113, -0.6645, -0.1111, -0.7338, 0.3338, 0.0885|1153.4
23|0.6307, -0.5774, -1.0000, -0.6889, -0.2817, -0.4346, 0.2363, -0.0069|3860|0.6410, -0.6106, -0.9149, -0.6743, -0.1195, -0.7391, 0.3259, 0.0747|1129.6
24|0.6634, -0.5767, -1.0000, -0.6881, 0.2547, -0.7318, 0.4000, -0.0652|5020|0.6700, -0.6007, -0.9015, -0.6726, -0.1543, -0.7022, 0.3036, 0.0770|1165.0
25|0.6634, -0.6352, -1.0000, -0.8367, -0.2817, -0.4346, 0.3452, 0.2174|3460|0.6589, -0.6024, -0.9078, -0.6807, -0.1320, -0.6902, 0.2941, 0.0833|1188.4
26|0.6307, -0.5774, -1.0000, -0.6889, -0.2817, -0.4346, 0.2363, -0.0069|4300|0.7042, -0.6057, -0.9175, -0.6914, -0.1640, -0.6930, 0.2915, 0.0859|1210.8
27|0.6634, -0.7013, -0.8224, -0.6881, -0.3426, -0.4346, -0.4746, -0.1832|4840|0.7223, -0.5942, -0.8961, -0.7014, -0.1775, -0.6773, 0.2800, 0.0886|1191.6
28|0.8184, -0.5767, -0.8224, -0.6889, -0.2817, -0.7318, 0.4000, 0.2174|6300|0.7211, -0.5939, -0.8952, -0.7016, -0.2031, -0.6555, 0.2703, 0.0552|1253.8
29|0.6634, -0.5774, -0.8224, -0.6881, 0.1439, -0.7318, 0.2363, 0.2174|3080|0.7203, -0.5937, -0.8934, -0.6547, -0.1813, -0.6821, 0.2639, 0.0762|1109.0
30|0.6634, -0.5767, -0.8224, -0.6889, 0.0638, -0.8899, -0.1062, 0.2174|3760|0.7365, -0.5968, -0.8917, -0.6933, -0.1486, -0.6692, 0.2306, 0.0651|1281.2
31|0.6634, -0.5767, -0.8224, -0.6889, 0.0638, -0.4346, 0.4000, -0.0878|3840|0.7372, -0.6105, -0.8899, -0.6908, -0.1294, -0.6886, 0.2435, 0.0934|1154.8
32|0.6634, -0.5774, -1.0000, -0.6889, -0.2817, -0.7318, 0.2363, -0.0069|4980|0.7452, -0.6180, -0.8917, -0.6902, -0.1245, -0.6733, 0.2576, 0.1196|1274.6
