1|0.8434, -0.9923, -0.5302, -0.5566, -1.0000, 0.2872, 0.8857, 0.0468|3420|0.1185, -0.1677, -0.1481, -0.2041, -0.1428, -0.0351, 0.0638, -0.1680|230.8
2|-0.7289, -1.0000, -0.4088, -0.6839, 0.0694, -0.1342, 0.0344, 0.8245|1880|0.2841, -0.3042, -0.2835, -0.4134, -0.2211, -0.0389, -0.0345, -0.1193|435.4
3|1.0000, -0.7208, -0.2665, -0.4947, 0.1690, 0.0724, -0.1045, -0.1900|4000|0.3268, -0.4969, -0.4168, -0.4972, -0.2481, -0.1088, 0.0227, -0.1346|599.0
4|0.8499, -1.0000, -0.5343, -0.4985, -0.2238, -0.7378, -0.0587, 0.0471|3260|0.5081, -0.4847, -0.4475, -0.5121, -0.1893, -0.1826, -0.0409, -0.1222|630.0
5|0.7310, -1.0000, -0.5305, -0.3827, 0.0900, 0.2064, 0.0287, 0.1499|5340|0.5647, -0.5449, -0.5760, -0.5794, -0.1103, -0.3137, -0.0544, -0.1574|1029.6
6|0.7310, -1.0000, -0.2665, -0.3827, 0.1690, 0.2064, 0.0287, -0.0848|6640|0.6310, -0.6054, -0.5706, -0.5159, -0.0935, -0.2848, 0.0063, -0.1329|1203.2
7|0.8499, -1.0000, -0.5343, -0.4985, 0.1690, 0.2064, 0.0027, 0.0471|12180|0.7203, -0.5849, -0.5432, -0.5100, 0.0179, -0.1474, 0.0922, -0.0979|1726.8
8|0.7310, -1.0000, -0.2665, -0.3827, 0.1690, 0.2064, 0.0287, -0.0848|20760|0.6760, -0.6810, -0.4111, -0.4532, 0.0345, -0.1306, 0.0612, -0.1043|1857.4
9|0.7310, -1.0000, -0.2665, -0.3827, 0.1690, 0.2064, 0.0287, -0.0029|17680|0.7152, -0.8166, -0.3164, -0.4406, 0.0608, -0.0466, 0.0385, -0.0414|2404.0
10|0.9115, -1.0000, -0.2665, -0.3827, 0.1690, 0.2064, 0.0287, -0.0029|35060|0.7577, -0.9115, -0.3708, -0.4727, 0.0949, -0.0367, 0.0090, 0.0224|3953.2
11|0.7310, -1.0000, -0.0214, -0.3827, 0.1690, 0.2064, 0.0287, 0.1499|17540|0.7501, -0.8316, -0.3077, -0.4229, 0.0988, 0.0588, 0.0124, 0.0280|3535.8
12|0.8499, -1.0000, -0.2665, -0.4985, 0.1690, 0.2064, -0.0284, 0.0471|13560|0.7489, -0.8810, -0.2571, -0.4222, 0.1034, 0.1714, 0.0122, 0.0422|3309.2
13|0.6864, -1.0000, -0.1830, -0.2627, 0.0933, 0.0049, -0.0142, 0.1246|31900|0.7864, -0.8876, -0.2754, -0.4178, 0.0694, 0.1583, 0.0110, 0.0396|4154.0
14|0.7310, -1.0000, -0.2665, -0.3827, 0.1690, 0.2064, 0.0287, 0.1499|20180|0.7158, -0.9200, -0.2689, -0.3906, 0.0760, 0.1570, 0.0072, 0.0512|4720.0
15|0.5952, -1.0000, -0.2170, -0.3298, 0.0928, 0.1676, -0.0919, 0.0239|26540|0.7405, -0.9153, -0.2253, -0.3910, 0.0610, 0.1554, -0.0032, 0.0580|5614.4
16|0.5952, -1.0000, -0.2170, -0.3298, 0.0928, 0.1676, -0.0919, 0.0239|32100|0.7834, -0.9685, -0.1903, -0.3729, 0.0425, 0.1552, -0.0065, 0.0604|6639.4
17|0.5328, -1.0000, -0.1830, -0.3557, 0.0713, 0.1612, -0.0208, 0.1044|36440|0.8020, -0.9586, -0.1812, -0.3845, 0.0465, 0.1589, -0.0138, 0.0555|5685.0
18|0.5328, -1.0000, -0.1830, -0.3557, 0.0713, 0.1612, -0.0208, 0.0590|28660|0.7753, -0.9638, -0.2023, -0.3814, 0.0451, 0.1511, -0.0053, 0.0498|6710.6
19|0.5952, -1.0000, -0.0810, -0.3827, 0.0541, 0.2064, -0.0021, 0.1499|36040|0.7969, -0.8528, -0.1764, -0.3059, 0.0489, 0.1490, -0.0092, 0.0554|5276.4
20|1.0000, -0.9449, -0.2082, -0.2467, 0.0178, 0.1907, 0.0365, 0.1416|35280|0.7571, -0.9079, -0.1671, -0.3524, 0.0544, 0.1497, -0.0116, 0.0620|5660.4
21|1.0000, -1.0000, -0.2082, -0.3827, 0.0541, 0.1612, 0.0237, 0.1499|51600|0.8132, -0.9765, -0.1597, -0.3604, 0.0413, 0.1474, -0.0033, 0.0689|7447.4
22|0.7310, -1.0000, -0.1030, -0.3131, 0.0648, 0.1128, 0.0058, 0.1466|124860|0.8099, -0.9443, -0.1582, -0.3383, 0.0300, 0.1582, 0.0040, 0.0832|10674.0
23|0.8499, -1.0000, -0.0810, -0.3216, 0.0541, 0.1612, 0.0058, 0.1466|34840|0.7612, -0.8965, -0.1330, -0.3094, 0.0312, 0.1514, 0.0101, 0.1048|7156.8
24|1.0000, -1.0000, -0.1030, -0.2467, 0.0520, 0.1612, 0.0058, 0.1725|129540|0.7573, -0.9583, -0.1390, -0.3375, 0.0321, 0.1418, 0.0058, 0.0839|9196.8
25|0.8499, -1.0000, -0.0810, -0.3216, 0.0541, 0.1612, 0.0058, 0.1466|89680|0.8219, -0.9966, -0.1488, -0.3364, 0.0271, 0.1505, 0.0054, 0.0979|11359.6
26|0.8499, -1.0000, -0.0810, -0.3216, 0.0541, 0.1612, 0.0058, 0.1466|64860|0.8049, -0.9971, -0.1512, -0.3402, 0.0387, 0.1532, 0.0069, 0.1023|11710.6
27|0.7310, -1.0000, -0.1030, -0.3640, 0.1289, 0.1128, 0.0579, 0.1466|55360|0.8154, -0.9982, -0.1399, -0.3359, 0.0324, 0.1611, 0.0066, 0.1085|10783.8
28|0.7310, -1.0000, -0.1030, -0.3131, -0.0035, 0.1128, 0.0058, 0.1466|124540|0.7643, -0.9985, -0.1337, -0.3259, 0.0269, 0.1592, 0.0043, 0.1088|14912.0
29|0.7310, -1.0000, -0.1030, -0.3131, 0.0877, 0.1128, 0.0058, 0.1466|70940|0.7012, -0.9982, -0.1270, -0.3246, 0.0410, 0.1593, 0.0058, 0.1151|16578.2
30|0.9115, -1.0000, -0.2116, -0.3131, 0.0130, 0.2019, 0.0108, 0.1466|72380|0.7422, -0.9992, -0.1246, -0.3245, 0.0406, 0.1641, 0.0105, 0.1130|14750.2
31|0.7310, -1.0000, -0.0810, -0.3131, 0.1289, 0.1128, 0.0579, 0.1466|80980|0.7574, -0.9862, -0.1279, -0.3191, 0.0471, 0.1557, 0.0200, 0.1079|16591.4
32|0.7310, -1.0000, -0.0810, -0.3131, 0.1289, 0.0800, 0.0579, 0.1466|129200|0.7475, -0.9988, -0.1177, -0.3176, 0.0509, 0.1437, 0.0255, 0.1267|19537.6
