1|0.4896, 0.8530, -1.0000, -0.3907, 0.0276, -0.3280, 0.6954, -0.6629|2760|-0.0062, -0.0571, 0.0047, -0.4072, 0.0180, 0.0136, 0.2086, 0.2583|153.8
2|0.2985, -0.8134, -0.9623, -0.8492, -0.3775, -0.2260, -1.0000, -0.2043|1700|0.4233, 0.2343, -0.5098, -0.5518, -0.1988, -0.0601, 0.0482, 0.2444|276.4
3|-0.0221, -0.4753, -0.5292, -0.3348, -0.3230, -0.2780, -1.0000, -0.5440|2060|0.2491, 0.2194, -0.7021, -0.5046, -0.2916, -0.2314, -0.2387, -0.0136|362.8
4|0.2985, -0.8134, -0.9623, -0.8492, -0.3775, -0.2260, -1.0000, -0.2043|2400|0.3203, 0.0741, -0.7131, -0.5400, -0.2485, -0.3197, -0.4490, -0.1446|496.0
5|0.0229, -0.8134, -0.9623, -0.3348, -0.3230, -0.2260, -1.0000, -0.2043|1700|0.2913, -0.2004, -0.7122, -0.5437, -0.2304, -0.3688, -0.7115, -0.2793|505.0
6|0.3588, -0.8134, -0.9623, -0.8492, -0.3775, -0.2260, -1.0000, -0.2043|3440|0.3187, -0.3304, -0.7270, -0.5797, -0.2360, -0.3485, -0.7485, -0.3677|734.2
7|0.9529, -0.5273, -0.5292, -0.3348, -0.0486, -0.2780, -0.1987, -0.3838|3200|0.3779, -0.4758, -0.6711, -0.5546, -0.2251, -0.3356, -0.7112, -0.3990|659.0
8|0.3588, -0.8134, -0.5292, -0.3348, -0.3230, -0.2260, -1.0000, -0.2043|3300|0.5359, -0.4955, -0.7199, -0.5444, -0.2393, -0.3345, -0.7594, -0.4369|827.6
9|0.9486, -0.8134, -0.9623, -0.4323, -0.1776, -0.2260, -1.0000, -0.2043|3380|0.5619, -0.4272, -0.7495, -0.5568, -0.2314, -0.3171, -0.7148, -0.4275|806.2
10|0.9486, -0.8134, -0.9623, -0.3348, -0.3230, -0.2260, -1.0000, -0.2043|2400|0.6396, -0.4949, -0.7163, -0.4110, -0.2369, -0.3108, -0.7373, -0.4677|648.8
11|1.0000, -0.8134, -0.5292, -0.3666, -0.1776, -0.2780, -1.0000, -0.2043|6380|0.5926, -0.5126, -0.7328, -0.5090, -0.2099, -0.3278, -0.7010, -0.4437|949.4
12|1.0000, -0.8134, -1.0000, -0.4323, -0.2267, -0.2780, -1.0000, -0.2043|4560|0.7103, -0.5952, -0.7364, -0.4586, -0.2258, -0.3089, -0.7478, -0.4083|851.0
13|0.9486, -0.8134, -1.0000, -0.4323, -0.2267, -0.6662, -0.5637, -0.4615|2660|0.8005, -0.6353, -0.7136, -0.4243, -0.2422, -0.3266, -0.7208, -0.3884|975.2
14|0.9486, -0.8134, -0.5292, -0.4323, -0.1776, -0.2260, -1.0000, -0.2043|6380|0.9244, -0.6832, -0.7047, -0.3859, -0.2426, -0.3366, -0.8033, -0.3624|1296.4
15|0.9486, -0.8134, -1.0000, -0.4323, -0.1776, -0.2260, -1.0000, -0.4615|3900|0.9621, -0.7366, -0.6989, -0.3693, -0.2408, -0.3465, -0.7430, -0.3157|1146.2
16|1.0000, -0.4753, -1.0000, -0.4323, -0.1776, -0.6662, -1.0000, -0.2043|5960|0.9741, -0.7692, -0.6635, -0.3658, -0.2444, -0.3264, -0.7648, -0.2527|1428.0
17|1.0000, -0.8574, -0.5579, -0.2730, -0.2389, -0.2931, -0.8006, -0.2153|4280|0.9733, -0.7698, -0.6397, -0.3694, -0.2360, -0.3376, -0.7171, -0.2555|1295.4
18|1.0000, -0.8574, -0.5579, -0.2730, -0.2389, -0.2931, -0.8006, -0.2153|5040|0.9821, -0.7706, -0.5712, -0.3629, -0.2420, -0.3624, -0.7230, -0.2448|1317.0
19|1.0000, -0.8574, -0.5579, -0.2730, -0.2389, -0.2931, -0.8006, -0.2153|3780|0.9865, -0.8057, -0.5718, -0.3372, -0.2383, -0.3582, -0.7672, -0.2454|1284.4
20|1.0000, -0.8574, -0.5579, -0.2730, -0.2389, 0.4297, -0.8006, -0.2153|5240|0.9879, -0.8117, -0.5698, -0.3401, -0.2296, -0.1571, -0.6873, -0.2223|1223.4
21|1.0000, -0.8134, -0.5579, -0.3666, -0.1776, -0.2780, -0.8006, -0.2153|3880|0.9847, -0.8030, -0.5554, -0.3532, -0.2218, -0.1549, -0.6584, -0.2372|1204.2
22|0.9486, -0.8134, -0.5292, -0.3666, -0.2267, -0.2260, 0.4533, -0.2043|4640|0.9845, -0.7913, -0.5524, -0.3374, -0.2227, -0.2318, -0.6019, -0.2326|1298.8
23|1.0000, -0.4753, -0.5579, -0.2730, -0.3230, -0.2260, -0.8006, -0.2043|5640|0.9919, -0.7930, -0.5377, -0.3630, -0.2181, -0.3046, -0.5545, -0.2162|1384.4
24|1.0000, -0.8134, -0.5579, -0.2730, -0.2389, -0.2931, -0.8006, -0.2043|5120|0.9915, -0.7874, -0.5388, -0.3602, -0.2165, -0.3257, -0.5292, -0.2061|1498.4
25|1.0000, -0.8134, -0.5292, -0.4323, -0.2267, -0.2260, 0.4533, -0.2043|4900|0.9874, -0.7908, -0.5388, -0.3584, -0.2206, -0.3015, -0.4006, -0.2092|1661.6
26|1.0000, -0.8134, -0.5292, -0.3348, -0.2267, -0.2260, 0.4533, -0.2043|4700|0.9847, -0.7827, -0.5373, -0.3642, -0.2097, -0.3019, -0.2470, -0.2096|1451.2
27|1.0000, -0.8134, -0.5292, -0.3348, -0.2267, -0.2260, 0.4533, -0.2043|7080|0.9841, -0.7953, -0.5367, -0.3656, -0.2135, -0.2908, -0.1219, -0.2059|1606.8
28|0.9486, -0.8134, -0.5292, -0.3666, -0.1776, -0.2260, -0.5637, -0.2043|6640|0.9854, -0.7622, -0.5347, -0.3675, -0.1984, -0.2733, -0.0416, -0.1891|1709.4
29|1.0000, -0.8574, -0.5292, -0.3865, -0.1776, -0.2931, -0.5637, 0.2835|6160|0.9815, -0.7792, -0.5295, -0.3632, -0.1894, -0.2582, 0.0672, -0.1682|1754.6
30|1.0000, -0.8134, -0.5292, -0.2730, -0.2389, -0.2931, -0.8006, -0.2043|6640|0.9815, -0.7889, -0.5235, -0.3632, -0.1984, -0.2664, 0.0049, -0.1621|1827.6
31|0.9486, -0.8134, -0.4259, -0.3666, -0.1824, -0.2260, 0.4533, -0.1431|7360|0.9743, -0.8073, -0.5272, -0.3789, -0.2053, -0.2937, 0.0877, -0.1637|1730.8
32|0.9486, -0.8134, -0.3826, -0.2650, -0.1639, -0.1634, 0.4533, -0.2043|8660|0.9759, -0.8206, -0.5198, -0.3763, -0.2010, -0.2966, 0.0369, -0.1465|1992.6
