1|0.9197, -0.2686, -0.7932, 0.1403, -1.0000, -0.7986, -0.9314, -0.8437|1880|0.1287, -0.0796, -0.1610, -0.1975, -0.1937, -0.2121, 0.0076, -0.2051|119.8
2|0.9197, -0.6198, -0.5416, -1.0000, 0.6375, 0.5456, 0.1480, -0.8756|2400|0.3139, -0.1201, -0.3440, -0.2840, -0.2076, -0.3480, -0.0119, -0.2273|242.2
3|0.9779, -1.0000, -0.1433, -0.5302, -0.1660, 0.3082, -0.4915, 0.5059|3960|0.4461, -0.2695, -0.2862, -0.3103, -0.2632, -0.3841, -0.2020, -0.2701|313.6
4|0.9779, -1.0000, -0.1433, -0.5302, -0.1660, 0.3082, -0.4915, 0.5059|3000|0.4945, -0.2824, -0.3530, -0.3425, -0.3853, -0.5414, -0.3117, -0.2350|455.6
5|0.9779, -1.0000, -0.1433, -0.5302, -0.1660, 0.3082, -0.4915, 0.5059|4040|0.4624, -0.3844, -0.3973, -0.4567, -0.2995, -0.6918, -0.4299, -0.2270|575.6
6|0.9779, -1.0000, -0.1433, -0.5302, -0.1660, 0.3082, -0.4915, 0.5059|3680|0.6089, -0.5389, -0.4306, -0.5582, -0.2873, -0.5536, -0.3993, -0.0458|845.2
7|0.9779, -1.0000, -0.1433, -0.5302, -0.1660, 0.3082, -0.4915, 0.5059|4840|0.5512, -0.5700, -0.4280, -0.5336, -0.2735, -0.4634, -0.3708, 0.0516|956.8
8|0.9779, -1.0000, -0.1433, -0.5991, -0.1660, 0.3082, 0.0010, 0.5059|4700|0.5527, -0.6739, -0.3979, -0.5511, -0.1728, -0.3469, -0.3576, 0.1556|986.8
9|0.9779, -1.0000, -0.1433, -0.5302, -0.1660, 0.3082, 0.0010, 0.5059|4680|0.6687, -0.7568, -0.3856, -0.5091, -0.1612, -0.2201, -0.3843, 0.2492|1203.6
10|0.9779, -1.0000, -0.1433, -0.5302, -0.1660, -0.0760, -0.4915, 0.5059|6180|0.7796, -0.8234, -0.3642, -0.5135, -0.1512, -0.1840, -0.3724, 0.3288|1462.6
11|0.9779, -1.0000, -0.4391, -0.5302, -0.0558, -0.0841, -0.4915, 0.5059|10280|0.8268, -0.8480, -0.3205, -0.4978, -0.1529, -0.1583, -0.3081, 0.3806|1759.8
12|0.9197, -1.0000, -0.1433, -0.2907, -0.2399, -0.0760, 0.0010, 0.5059|9200|0.8597, -0.9543, -0.2623, -0.4924, -0.1325, -0.0106, -0.2775, 0.4428|2095.2
13|0.9197, -1.0000, -0.1433, -0.2907, -0.2399, -0.0760, 0.0010, 0.5059|8900|0.7962, -0.9770, -0.2319, -0.4786, -0.1445, 0.0261, -0.2057, 0.4577|2519.0
14|0.9779, -1.0000, -0.1433, -0.5302, -0.1660, 0.3082, 0.0010, 0.5059|12100|0.8995, -0.9564, -0.1900, -0.4860, -0.1556, 0.0464, -0.1984, 0.4741|2422.6
15|0.9779, -1.0000, -0.1433, -0.2907, -0.0558, -0.0841, 0.0010, 0.5059|8220|0.9288, -0.9830, -0.1942, -0.4823, -0.1465, 0.0467, -0.1323, 0.4594|2466.0
16|0.9779, -1.0000, -0.1433, -0.5302, 0.0041, -0.0841, 0.0010, 0.5059|7720|0.9503, -0.9793, -0.1945, -0.5087, -0.1006, 0.1042, -0.1251, 0.4502|2754.0
17|0.9779, -1.0000, -0.1433, -0.5302, -0.1660, 0.3082, 0.0010, 0.5059|12020|0.9482, -0.9944, -0.1343, -0.4796, -0.0951, 0.1160, -0.0849, 0.4962|2930.8
18|0.9779, -1.0000, -0.4391, -0.5302, -0.1660, -0.0841, -0.3371, 0.5059|12680|0.9543, -0.9972, -0.1370, -0.5172, -0.0907, 0.1116, -0.0751, 0.4827|2735.0
19|0.9197, -1.0000, -0.1433, -0.5302, 0.1756, -0.0760, 0.0010, 0.5059|15900|0.9605, -1.0000, -0.1378, -0.4971, -0.0873, 0.1615, -0.0866, 0.5075|3406.8
20|0.9779, -1.0000, -0.1433, -0.5302, -0.1660, 0.3082, -0.0002, 0.4393|9740|0.8308, -0.9884, -0.1457, -0.5147, -0.0900, 0.1746, -0.0704, 0.4866|3034.8
21|0.9779, -1.0000, -0.1433, -0.5302, -0.1660, 0.3082, 0.0010, 0.5059|14740|0.9519, -1.0000, -0.1398, -0.5288, -0.0970, 0.1965, -0.0410, 0.4994|3509.6
22|0.9779, -1.0000, -0.1433, -0.5302, -0.1660, 0.3082, 0.0005, 0.4393|18480|0.9714, -0.9779, -0.1380, -0.5122, -0.1070, 0.1839, -0.0161, 0.5014|3279.2
23|0.9779, -1.0000, -0.1433, -0.5302, -0.0809, 0.3082, 0.0010, 0.5059|13440|0.9542, -0.9969, -0.1329, -0.4939, -0.0938, 0.1449, -0.0229, 0.4860|3572.4
24|0.9779, -1.0000, -0.1433, -0.5302, 0.0337, 0.3082, 0.0005, 0.5059|12980|0.9776, -0.9955, -0.1300, -0.4930, -0.1093, 0.1680, -0.0063, 0.4901|3846.2
25|0.9779, -1.0000, -0.1433, -0.5302, -0.0809, 0.3082, 0.0010, 0.5059|12200|0.9768, -1.0000, -0.1264, -0.4584, -0.1027, 0.1445, 0.0004, 0.4762|2860.2
26|0.9779, -1.0000, -0.1433, -0.5302, -0.1660, 0.3082, 0.0010, 0.5059|10940|0.9764, -0.9916, -0.1374, -0.5253, -0.0829, 0.1501, 0.0003, 0.4547|3249.6
27|0.9779, -1.0000, -0.1433, -0.5302, -0.1660, 0.0957, 0.0010, 0.5059|13560|0.9735, -0.9916, -0.1327, -0.4742, -0.0799, 0.1386, 0.0003, 0.4766|3644.6
28|0.9779, -1.0000, -0.1433, -0.2907, -0.2000, -0.0841, 0.0000, 0.4393|19280|0.9603, -1.0000, -0.1372, -0.4452, -0.1005, 0.1457, 0.0004, 0.4721|3646.8
29|0.8025, -1.0000, -0.1433, -0.2907, -0.1660, 0.3082, -0.0002, 0.5059|17860|0.9375, -1.0000, -0.1297, -0.4602, -0.0955, 0.1551, 0.0004, 0.4736|4048.2
30|0.9779, -1.0000, -0.1433, -0.2907, -0.2000, -0.0841, 0.0000, 0.5059|22960|0.9213, -1.0000, -0.1374, -0.4646, -0.1103, 0.1547, 0.0002, 0.4544|4708.8
31|0.9779, -1.0000, -0.1433, -0.5302, -0.1660, 0.3082, -0.0002, 0.5059|14260|0.9473, -0.9915, -0.1331, -0.4623, -0.1066, 0.1362, 0.0003, 0.4513|4103.4
32|0.9779, -1.0000, -0.1433, -0.2907, 0.0260, 0.0781, 0.0010, 0.1198|76020|0.9731, -0.9953, -0.1340, -0.4526, -0.1054, 0.1353, 0.0004, 0.4299|5802.4
