1|0.9090, -1.0000, -0.6543, -0.3309, 0.1688, -0.7854, -0.3965, -0.3559|2580|0.0625, -0.1466, -0.0358, -0.1029, -0.1845, -0.1549, 0.0605, -0.0493|190.4
2|0.9090, -1.0000, -0.6543, -0.3309, 0.1688, -0.7854, -0.3965, -0.3559|5660|0.2660, -0.1324, -0.2457, -0.3345, -0.1747, -0.1205, 0.0107, -0.1293|464.6
3|0.4775, -0.4859, -0.8397, -0.7279, 0.2933, -0.1264, -0.2158, -0.3723|3320|0.4722, -0.2310, -0.4168, -0.4404, -0.1386, -0.2099, 0.1229, -0.2637|427.8
4|1.0000, -0.9916, -0.3343, -0.8347, 0.4732, 0.5366, -0.5831, 0.0752|4640|0.5872, -0.4506, -0.4985, -0.5548, -0.0452, -0.1764, 0.0698, -0.1689|673.4
5|0.3349, -0.6509, -1.0000, -0.7362, 0.4163, 0.0319, 0.3307, 0.4230|3120|0.6523, -0.5323, -0.5115, -0.6563, 0.0077, -0.1484, 0.1171, -0.1212|613.4
6|0.4539, -0.4900, -0.5097, -0.8418, 0.4163, 0.5412, 0.3307, 0.4230|4400|0.7304, -0.6480, -0.5927, -0.7230, -0.0104, -0.1511, 0.1429, -0.0845|939.0
7|0.7937, -1.0000, -0.5054, -0.8347, -0.9916, 0.5366, 0.0335, 0.3797|3380|0.8124, -0.7363, -0.6009, -0.6800, -0.0535, -0.0685, 0.1162, -0.0802|928.0
8|0.7937, -1.0000, -0.5054, -0.8347, -0.9916, 0.5366, 0.0332, 0.3797|7440|0.8389, -0.8459, -0.5182, -0.7793, -0.0587, -0.1222, 0.0098, -0.0089|1027.0
9|0.8004, -0.9366, -0.8018, -0.8418, -0.2512, 0.0370, -0.3965, -0.0503|4940|0.7749, -0.8993, -0.5271, -0.7523, -0.0495, -0.1059, -0.0679, 0.0056|1033.8
10|0.9509, -0.9025, -0.6055, -1.0000, 0.0444, 0.6311, 0.0401, 0.4549|5840|0.6566, -0.8857, -0.5370, -0.7414, -0.0721, -0.1378, -0.0562, 0.0371|1104.0
11|1.0000, -1.0000, -0.5450, -0.8347, -0.2736, 0.5232, -0.0069, 0.3702|5680|0.8109, -0.8655, -0.5313, -0.7647, -0.0818, -0.0206, 0.0280, -0.0289|1078.0
12|0.9240, -1.0000, -0.6345, -0.8791, 0.1341, -0.0173, 0.6936, -0.0414|6600|0.7614, -0.8565, -0.5915, -0.6850, -0.1613, 0.0356, 0.0131, 0.0170|1221.0
13|1.0000, -0.7783, -0.4241, -0.6496, -0.2129, 0.2418, -0.0054, 0.2881|4700|0.7706, -0.8755, -0.5976, -0.6628, -0.1272, -0.0154, 0.0191, -0.0028|1258.6
14|0.8136, -1.0000, -0.6345, -0.8791, -0.1028, 0.1419, 0.7991, 0.1872|6540|0.8019, -0.9086, -0.6088, -0.5779, -0.1498, 0.0196, 0.0410, 0.0219|1166.8
15|1.0000, -1.0000, -0.4241, -0.4816, -0.2129, 0.2418, -0.0054, 0.2881|11220|0.8227, -0.8520, -0.6349, -0.6088, -0.1304, 0.0081, 0.1651, -0.0177|1364.6
16|0.9240, -1.0000, -1.0000, -0.1600, 0.0509, 0.0173, 0.0401, -0.0414|14920|0.7950, -0.8739, -0.6167, -0.6297, -0.1503, -0.0181, 0.0843, 0.0553|1304.8
17|1.0000, -1.0000, -0.4241, -0.4816, -0.2129, 0.2418, -0.0054, 0.2881|11720|0.7676, -0.8851, -0.6158, -0.7339, -0.1119, -0.0161, 0.0365, 0.0157|1517.6
18|1.0000, -1.0000, -1.0000, -0.1600, -0.1902, 0.0173, 0.0401, 0.0672|15000|0.8144, -0.7947, -0.6443, -0.7358, -0.1360, -0.0555, 0.0749, 0.0333|1723.8
19|0.8136, -1.0000, -0.7197, -0.4816, -0.2129, 0.1419, -0.0054, 0.2881|13560|0.8276, -0.8486, -0.6305, -0.6703, -0.1581, -0.1199, 0.0541, 0.0957|2188.0
20|1.0000, -1.0000, -1.0000, -0.1600, -0.1902, 0.0173, 0.0401, 0.0672|7580|0.8367, -0.8684, -0.6050, -0.4892, -0.1253, -0.1427, 0.0755, 0.1138|1321.0
21|1.0000, -1.0000, -1.0000, -0.1600, -0.1902, 0.0173, 0.0401, 0.0672|11980|0.8126, -0.8209, -0.6003, -0.6403, -0.1274, -0.1560, 0.1444, 0.0906|1847.2
22|0.8621, -1.0000, -0.3488, -0.1600, -0.2129, 0.0038, 0.0401, 0.2881|13120|0.7411, -0.8716, -0.6441, -0.6392, -0.1500, -0.0910, 0.1185, 0.1103|1864.4
23|0.7760, -1.0000, -0.7760, -0.1241, -0.1476, 0.0020, -0.0042, 0.0522|16460|0.7333, -0.9202, -0.6813, -0.5826, -0.1417, -0.0507, 0.0774, 0.1523|2413.0
24|0.8621, -1.0000, -0.3488, -0.1600, -0.2129, 0.0038, 0.0401, 0.2881|15980|0.8297, -0.8894, -0.7247, -0.5111, -0.1390, -0.0474, 0.0315, 0.1356|2692.8
25|0.8621, -1.0000, -0.3488, -0.1600, -0.2129, 0.0038, 0.0401, 0.2881|18600|0.8521, -0.5075, -0.7261, -0.5016, -0.1349, -0.0705, -0.0005, 0.1152|1969.4
26|0.7760, -1.0000, -0.7760, -0.1241, 0.0248, 0.0000, -0.0054, -0.0264|12120|0.7820, -0.7441, -0.7080, -0.4921, -0.1252, -0.0762, 0.0186, 0.1228|2159.4
27|0.7760, -1.0000, -0.7760, -0.1241, -0.1476, 0.0000, -0.0042, 0.0522|18240|0.8128, -0.9116, -0.6972, -0.4166, -0.1486, -0.0752, -0.0306, 0.1228|3238.8
28|0.9295, -1.0000, -0.3488, -0.1600, -0.1321, -0.0223, -0.0171, -0.0532|45340|0.8269, -0.9629, -0.6131, -0.3137, -0.1638, -0.0409, -0.0021, 0.0865|5170.8
29|0.6046, -1.0000, -0.6046, -0.0967, -0.1150, 0.0020, -0.0032, 0.0044|35300|0.8101, -0.9956, -0.6715, -0.2685, -0.1673, -0.0399, -0.0044, 0.0829|4358.0
30|0.9295, -1.0000, -0.7760, -0.1241, -0.1321, -0.0223, -0.0171, -0.0532|41900|0.8288, -1.0000, -0.7010, -0.2688, -0.1413, -0.0153, -0.0243, 0.0884|5058.6
31|0.7234, -1.0000, -0.7760, -0.1241, 0.0248, 0.0038, 0.0104, 0.0672|29500|0.8280, -0.9973, -0.7178, -0.2106, -0.1469, -0.0257, -0.0197, 0.0823|4994.2
32|0.7234, -1.0000, -0.3270, -0.1241, -0.1028, 0.0026, 0.0104, 0.0672|46340|0.8307, -1.0000, -0.6892, -0.1704, -0.1383, -0.0267, 0.0099, 0.0884|5380.6
