1|0.6730, -0.8250, -0.9325, -1.0000, 0.8286, -0.0056, -0.5789, 0.6731|2180|0.0030, -0.0233, -0.1425, -0.1407, 0.1229, -0.1748, 0.0453, -0.0294|149.2
2|0.6730, -0.8250, -0.6611, -1.0000, 0.0981, -0.4400, 0.4592, 0.6731|1680|0.0013, -0.0980, -0.2793, -0.3225, 0.0466, -0.3506, -0.0861, -0.0284|230.6
3|0.7392, -0.4471, -0.4183, -1.0000, 0.1235, -0.0062, -0.6359, 0.7394|2320|-0.0012, -0.2950, -0.4464, -0.4882, -0.0858, -0.3941, -0.1026, -0.0627|355.2
4|0.6730, -0.8250, -0.6611, -1.0000, 0.0981, -0.4400, 0.4592, 0.6731|3900|0.0479, -0.2540, -0.5463, -0.6280, -0.3036, -0.4275, -0.0315, 0.0697|404.4
5|0.5481, -0.7874, -0.9002, -1.0000, -1.0000, -1.0000, 0.1321, -0.3410|3040|0.1317, -0.4506, -0.6236, -0.7065, -0.3593, -0.4299, 0.0624, 0.0854|510.4
6|0.5481, -0.7874, -0.9002, -0.2433, 0.1124, -0.4400, 0.4592, 0.6731|3100|0.2125, -0.5528, -0.6694, -0.7630, -0.3776, -0.4718, 0.1306, 0.1208|686.4
7|1.0000, -0.8001, -0.9476, -0.9251, -0.4058, -0.8250, -0.1384, 0.5953|3320|0.3941, -0.5986, -0.7090, -0.8010, -0.2278, -0.4252, 0.0261, 0.3318|791.0
8|1.0000, -0.8250, -0.6611, -0.7941, -1.0000, 0.1721, 0.8475, 0.6731|3460|0.4057, -0.5849, -0.7168, -0.8439, -0.3245, -0.3487, -0.0289, 0.4183|875.8
9|1.0000, -0.8250, -0.8054, -0.9104, 0.1124, -0.4420, 0.4592, 1.0000|4960|0.5594, -0.6293, -0.7521, -0.8690, -0.3511, -0.3529, 0.0379, 0.5234|1196.2
10|0.6730, -0.8250, -0.6611, -0.8947, 0.0981, -0.0056, 0.4592, 0.6731|6900|0.6613, -0.6996, -0.7318, -0.8941, -0.3986, -0.3000, 0.1109, 0.4905|1269.0
11|1.0000, -0.8001, -0.9002, -0.9251, 0.1124, 0.2203, -0.1384, 0.6731|5820|0.7271, -0.6282, -0.7159, -0.9082, -0.3267, -0.1689, 0.1609, 0.5614|1199.0
12|1.0000, -1.0000, -0.9104, -0.7941, -1.0000, -0.4996, -0.1651, -0.2909|3540|0.6852, -0.6910, -0.8098, -0.9015, -0.3271, -0.2000, 0.1387, 0.5732|948.0
13|1.0000, -0.8001, -0.9002, -0.9251, 0.1124, 0.2203, -0.1384, 0.6731|3700|0.7699, -0.7573, -0.7090, -0.9123, -0.2679, -0.1929, 0.1150, 0.5357|1196.2
14|1.0000, -0.8001, -0.9002, -0.9251, 0.1124, 0.2203, -0.1384, 0.6731|4880|0.7627, -0.7479, -0.7914, -0.9146, -0.1685, -0.1388, 0.1283, 0.5185|1080.8
15|1.0000, -0.8250, -0.6611, -0.9104, 0.0981, -0.4400, -0.1384, 0.6731|4160|0.7966, -0.7098, -0.8126, -0.9236, -0.1101, -0.1055, 0.0740, 0.4912|1290.4
16|0.8495, -1.0000, -0.5616, -0.6746, 0.0955, -0.3738, -0.4918, 0.5718|4620|0.8422, -0.8026, -0.8013, -0.9086, -0.1353, -0.0549, 0.0855, 0.4913|1274.2
17|1.0000, -0.8250, -0.6611, -1.0000, 0.1124, -0.0056, 0.4592, 0.4416|6580|0.8435, -0.8293, -0.7746, -0.8328, -0.1467, -0.0387, -0.0042, 0.4739|1356.6
18|0.6730, -0.8648, -0.7262, -0.9104, 0.1077, 0.2203, -0.1061, 0.6731|5680|0.8290, -0.8479, -0.7656, -0.8997, -0.0729, -0.0471, 0.0794, 0.4893|1376.4
19|1.0000, -0.8250, -0.5616, -0.6746, 0.0955, 0.2203, -0.4918, 0.6731|6800|0.8801, -0.7507, -0.7537, -0.8952, -0.0700, -0.0624, 0.0733, 0.4297|1737.2
20|0.8495, -1.0000, -0.5616, -1.0000, 0.0955, 0.2381, -0.1496, 0.5718|6880|0.8341, -0.8028, -0.7574, -0.8798, -0.0156, -0.0180, 0.0482, 0.5368|1704.2
21|1.0000, -0.8250, -0.7262, -0.6746, 0.0955, 0.2203, -0.4918, 0.6731|9700|0.9070, -0.8115, -0.7619, -0.8817, -0.0358, -0.0000, 0.0227, 0.5290|1656.6
22|0.8390, -0.8648, -0.5616, -1.0000, 0.0981, 0.2203, 0.6251, 0.6731|4040|0.9111, -0.8600, -0.7528, -0.8798, 0.0053, 0.0354, 0.0006, 0.5809|1473.6
23|1.0000, -0.8250, -0.7302, -1.0000, 0.0955, 0.2203, -0.1384, 0.6731|6340|0.8561, -0.8085, -0.7309, -0.8578, 0.0444, 0.0363, 0.0404, 0.5807|1432.4
24|0.8390, -1.0000, -0.5616, -1.0000, 0.0981, 0.2203, 0.6251, 0.6731|10900|0.8489, -0.8506, -0.7245, -0.8665, 0.0640, 0.0405, 0.0128, 0.5755|1741.6
25|1.0000, -1.0000, -0.7302, -0.7941, 0.0955, 0.2203, -0.1384, 0.6731|7840|0.9478, -0.8516, -0.7306, -0.8289, 0.0791, 0.0291, -0.0600, 0.6043|1730.6
26|0.8495, -1.0000, -0.5616, -1.0000, 0.0251, 0.2381, 0.1554, 0.5718|6180|0.9575, -0.8412, -0.7383, -0.8257, 0.0891, 0.0394, -0.0994, 0.5993|1714.0
27|1.0000, -0.8250, -0.7262, -0.9104, 0.0981, 0.2381, -0.4918, 0.6731|8300|0.8994, -0.8515, -0.6775, -0.8056, 0.0890, 0.0316, -0.1281, 0.6284|1488.6
28|0.8495, -1.0000, -0.6611, -0.7941, 0.0251, 0.2203, 0.1554, 0.7276|11580|0.9263, -0.8500, -0.7046, -0.8031, 0.0835, 0.0313, -0.1182, 0.6288|1879.0
29|1.0000, -0.8250, -0.5616, -0.6746, 0.0509, 0.2381, 0.1554, 0.5306|7900|0.9570, -0.8583, -0.7144, -0.8072, 0.0766, 0.0689, -0.0457, 0.6137|1886.2
30|1.0000, -0.8250, -0.5616, -0.6746, 0.0509, 0.2381, 0.1554, 0.5306|6060|0.9424, -0.8620, -0.6861, -0.8047, 0.0710, 0.1176, 0.0538, 0.6022|1497.4
31|1.0000, -0.8250, -0.7262, -0.6746, 0.0509, 0.2381, 0.1554, 0.5306|8360|0.9576, -0.8632, -0.6932, -0.8118, 0.0663, 0.1221, 0.0691, 0.5914|2072.4
32|1.0000, -0.8250, -0.7262, -0.6746, 0.0509, 0.2381, 0.1554, 0.5306|8980|0.9452, -0.8660, -0.6697, -0.7904, 0.0683, 0.1343, 0.0890, 0.5970|1974.8
