1|0.2817, -0.7369, -0.6956, -1.0000, -0.2195, 0.5224, 0.7324, 0.9747|1640|-0.0747, -0.1366, -0.1886, -0.2737, -0.0750, -0.0919, 0.0579, 0.0553|161.4
2|-0.0833, -0.7756, -0.8843, -0.7040, -0.7138, 0.0582, -0.1181, -0.0390|3280|-0.0523, -0.3367, -0.2174, -0.3840, -0.0337, -0.2195, 0.1722, 0.2473|240.8
3|-0.0257, -1.0000, -0.8843, -0.3332, -0.2099, 0.0582, -0.1181, 0.3255|5980|-0.0156, -0.4130, -0.2909, -0.5683, 0.0145, -0.2938, 0.1657, 0.2032|390.8
4|-0.0065, -1.0000, -0.8843, -0.2971, -0.2099, 0.0711, -0.1181, -0.0380|6180|-0.0721, -0.4965, -0.4719, -0.5768, 0.0552, -0.2964, 0.0660, 0.1356|559.2
5|-0.0038, -0.7582, -1.0000, -0.2253, -0.1591, 0.0539, -0.0896, -0.0288|6820|-0.0296, -0.4225, -0.5369, -0.6255, 0.0252, -0.4000, 0.0526, 0.1334|677.4
6|0.2817, -1.0000, -0.8288, -0.7463, 0.5164, -0.8597, 0.0663, 0.1341|3020|-0.0798, -0.6391, -0.7202, -0.4278, 0.0088, -0.2786, 0.0054, 0.0815|580.8
7|0.3716, -1.0000, -0.9180, -0.2971, -0.2099, -0.0643, 0.0684, 0.0554|11380|0.0290, -0.6479, -0.7811, -0.4934, 0.0123, -0.2190, 0.0075, 0.1222|649.0
8|0.2858, -1.0000, -1.0000, -0.7463, 0.2385, -0.3807, 0.0935, 0.0838|6080|0.0721, -0.5342, -0.8023, -0.5598, -0.0122, -0.3108, 0.0027, 0.0131|727.6
9|0.2858, -1.0000, -1.0000, -0.4677, 0.3279, 0.1974, 0.0935, 0.1341|7500|0.1259, -0.6830, -0.7088, -0.6904, -0.0169, -0.2956, 0.0055, 0.1293|924.6
10|0.2057, -1.0000, -0.1910, -0.3476, 0.1595, 0.1442, -0.0709, 0.0979|9980|0.1652, -0.6344, -0.6941, -0.5937, -0.0645, -0.2100, -0.0038, 0.1618|873.6
11|0.3716, -1.0000, -0.2616, -0.4677, -0.2099, 0.0691, -0.0971, 0.0838|9480|0.1730, -0.6893, -0.5687, -0.6068, -0.0833, -0.2651, -0.0447, 0.1907|1249.8
12|0.2057, -1.0000, -0.1910, -0.3476, 0.1595, 0.1442, -0.0709, 0.0979|11440|0.1711, -0.7564, -0.5419, -0.6173, -0.0865, -0.1826, -0.0708, 0.1303|1473.2
13|0.2057, -1.0000, -0.1910, -0.3476, 0.1595, 0.1442, -0.0709, 0.0979|26420|0.2138, -0.7636, -0.5211, -0.5422, -0.0578, -0.1419, -0.0577, 0.1204|1961.4
14|0.2817, -1.0000, -1.0000, -0.3237, -0.2413, 0.1000, 0.0745, 0.1624|9520|0.2875, -0.7080, -0.5282, -0.6204, -0.1114, -0.0130, -0.0667, 0.1275|1749.6
15|0.3069, -1.0000, -0.1910, -0.3476, -0.1591, -0.0305, 0.1063, 0.0979|22500|0.2909, -0.7966, -0.4883, -0.5471, -0.1173, -0.0141, -0.0874, 0.1205|2231.6
16|0.2955, -1.0000, -0.2616, -0.4677, 0.0791, 0.0711, -0.1281, 0.1624|14240|0.2827, -0.9476, -0.4680, -0.4334, -0.0944, -0.0240, -0.0865, 0.1025|2330.4
17|0.2548, -1.0000, -0.1910, -0.3237, -0.2413, -0.0144, 0.1063, 0.0838|15860|0.2811, -0.9489, -0.3507, -0.3801, -0.0889, 0.0013, -0.0512, 0.0695|2876.8
18|0.3069, -1.0000, -0.1910, -0.3476, -0.2413, -0.0598, 0.1063, 0.0979|36180|0.3031, -0.9815, -0.3409, -0.4094, -0.1073, 0.0205, -0.0239, 0.0819|4090.8
19|0.3938, -1.0000, -0.1910, -0.3237, 0.0417, 0.0619, -0.0977, 0.1460|29960|0.3121, -0.9750, -0.3164, -0.3881, -0.1282, 0.0205, 0.0049, 0.0728|4057.8
20|0.3938, -1.0000, -0.1910, -0.3237, -0.2413, 0.0192, -0.0977, 0.1460|18940|0.3080, -1.0000, -0.3025, -0.3039, -0.1240, 0.0211, 0.0006, 0.0779|4234.6
21|0.4554, -1.0000, -0.1910, -0.3022, 0.0791, 0.0619, -0.1021, 0.1460|29540|0.3176, -0.9976, -0.2885, -0.3524, -0.1143, 0.0296, -0.0041, 0.0928|4932.8
22|0.3938, -1.0000, -0.1910, -0.3237, 0.0417, 0.0619, -0.0977, 0.1460|32440|0.3099, -0.9815, -0.2579, -0.3270, -0.1086, 0.0226, 0.0020, 0.1037|4855.6
23|0.3938, -1.0000, -0.1910, -0.3237, 0.0457, 0.0619, -0.0977, 0.0979|26500|0.3164, -0.9800, -0.2382, -0.3060, -0.1006, 0.0227, -0.0087, 0.0929|5883.2
24|0.3087, -1.0000, -0.1910, -0.3237, 0.0417, 0.1000, 0.0745, 0.1460|77440|0.3159, -0.9800, -0.2067, -0.2916, -0.0968, 0.0346, -0.0271, 0.0933|7421.8
25|0.3213, -1.0000, -0.1910, -0.3022, 0.0791, 0.0619, -0.0971, 0.1460|56920|0.3078, -1.0000, -0.1932, -0.2677, -0.0910, 0.0290, -0.0347, 0.0966|7656.4
26|0.3069, -1.0000, -0.0567, -0.3022, 0.0791, 0.0711, 0.1063, 0.1624|54380|0.3122, -1.0000, -0.1879, -0.2880, -0.0847, 0.0248, -0.0228, 0.1023|7796.8
27|0.3069, -1.0000, -0.0567, -0.1469, -0.2413, -0.0598, 0.1063, 0.1624|37200|0.3119, -1.0000, -0.1849, -0.2856, -0.0836, 0.0273, -0.0212, 0.0970|6557.6
28|0.3213, -1.0000, -0.1910, -0.3022, 0.0791, 0.0619, -0.0971, 0.1460|62740|0.3092, -1.0000, -0.1646, -0.2758, -0.0482, 0.0338, 0.0006, 0.0958|9512.6
29|0.3069, -1.0000, -0.0567, -0.3022, 0.1071, 0.0711, 0.1063, 0.1624|84280|0.3132, -1.0000, -0.1527, -0.2681, -0.0395, 0.0314, 0.0068, 0.0678|10782.4
30|0.3069, -1.0000, -0.0567, -0.3022, 0.1071, 0.0711, 0.1063, 0.1624|116960|0.3126, -1.0000, -0.1524, -0.2737, -0.0517, 0.0393, 0.0003, 0.0936|12033.4
31|0.3069, -1.0000, -0.0567, -0.3022, 0.1071, 0.0711, 0.1063, 0.1624|57400|0.3122, -1.0000, -0.1358, -0.2715, -0.0238, 0.0511, 0.0145, 0.1168|11008.4
32|0.3069, -1.0000, -0.0567, -0.1469, 0.0417, 0.0646, 0.0745, 0.1460|123340|0.3082, -1.0000, -0.1215, -0.2693, 0.0022, 0.0551, 0.0210, 0.1257|12652.0
