1|0.4389, -0.4403, -0.0180, -1.0000, 0.2740, 0.0026, 0.7244, -0.6906|640|0.1531, 0.2543, -0.1038, -0.2185, -0.0690, -0.0365, -0.0070, -0.0957|67.2
2|0.1546, 0.0990, -0.6277, -0.8074, -0.0072, 0.1677, -0.2831, -0.3952|2360|0.1786, 0.2447, -0.3421, -0.2869, -0.0749, -0.1029, -0.1026, -0.0815|161.0
3|0.9516, -0.3880, -1.0000, -1.0000, -0.7391, 0.2859, 0.6224, 0.3808|2260|0.3048, 0.1973, -0.4361, -0.5467, -0.1132, -0.0497, 0.0942, -0.1784|301.8
4|0.9326, 0.8247, -1.0000, -1.0000, 0.2313, -0.5578, -0.9623, -0.3896|2520|0.2558, 0.1488, -0.5040, -0.6816, -0.1156, -0.1140, 0.1158, -0.2544|317.6
5|0.9516, -0.4403, -0.9361, -1.0000, 0.2740, 0.0026, 0.1939, -0.6906|2220|0.3050, 0.0086, -0.6367, -0.7805, -0.1554, -0.1565, 0.0144, -0.1922|412.2
6|0.8587, -0.3880, -1.0000, -1.0000, -0.7391, 0.2859, 0.6224, 0.3808|2280|0.1779, -0.0412, -0.7368, -0.6308, -0.0535, -0.2031, -0.0695, -0.3111|372.6
7|0.8587, -0.3880, -1.0000, -1.0000, -0.7391, 0.2859, 0.6224, 0.3808|1880|0.1572, -0.0679, -0.8015, -0.8043, -0.0548, -0.2099, -0.0069, -0.2196|464.0
8|0.2273, 0.1226, -0.7773, -1.0000, -0.3463, -0.4552, 0.6414, 0.7335|2120|0.1687, -0.0934, -0.7905, -0.8828, -0.1627, -0.2184, 0.0670, -0.2085|480.0
9|0.0072, 0.0938, -1.0000, -1.0000, -0.0921, -0.5578, -0.3531, 0.5435|1440|0.1846, -0.1230, -0.8138, -0.7867, -0.2075, -0.1186, 0.0274, -0.0770|447.4
10|0.0879, -0.6620, -1.0000, -1.0000, 0.2680, 0.1740, -0.3531, -0.6906|2780|0.1355, -0.1769, -0.8077, -0.8272, -0.1982, -0.1627, 0.0022, -0.1564|488.2
11|-0.0001, -0.4751, -0.5170, -0.8134, -0.0423, -0.1719, 0.0192, 0.7335|2580|0.0809, -0.2111, -0.8120, -0.8591, -0.1968, -0.0949, -0.1004, -0.0846|610.8
12|0.0768, -0.3349, -1.0000, -1.0000, -0.8028, 0.2859, 0.0244, 0.3808|2600|0.0587, -0.2644, -0.7932, -0.8842, -0.2166, -0.0679, -0.0398, -0.0761|562.8
13|0.0879, -0.6620, -1.0000, -0.8134, 0.2680, 0.1740, 0.0192, 0.7335|3040|0.1339, -0.2812, -0.8173, -0.9252, -0.1920, -0.0524, -0.0756, -0.0205|606.8
14|0.6690, -0.3578, -0.9996, -1.0000, -0.8028, 0.0194, 0.0303, 0.2464|2760|0.1181, -0.3196, -0.8492, -0.8638, -0.1737, -0.0780, -0.0301, 0.0384|627.8
15|0.0879, -0.3349, -0.9361, -1.0000, 0.2680, 0.1740, 0.1939, 0.7335|2700|0.1166, -0.3056, -0.8776, -0.9300, -0.1554, -0.0642, -0.0351, 0.1043|691.6
16|0.0768, -0.3349, -0.9361, -0.6747, -0.0520, 0.1740, 0.0272, 0.9017|3180|0.1571, -0.3743, -0.8984, -0.9011, -0.1146, -0.0412, 0.0277, 0.2574|741.2
17|-0.0001, -0.5841, -0.6356, -1.0000, -0.0520, -0.0189, 0.0236, 0.9017|3780|0.2186, -0.3072, -0.8951, -0.8214, -0.1528, -0.0436, 0.0252, 0.3483|719.2
18|0.6690, -0.6620, -1.0000, -1.0000, -0.0067, -0.3675, 0.0172, 0.3680|3160|0.2159, -0.3304, -0.8315, -0.9213, -0.1881, -0.0769, 0.0403, 0.4504|780.8
19|0.0661, -0.3349, -0.9361, -1.0000, -0.8028, 0.1740, 0.0236, 0.9017|2900|0.2802, -0.3283, -0.8915, -0.7799, -0.1359, -0.1439, 0.0704, 0.4436|808.2
20|0.0143, -0.3349, -0.9361, -1.0000, -0.0520, 0.1740, 0.0272, 0.7335|3760|0.2424, -0.3505, -0.8994, -0.9046, -0.1459, -0.0885, 0.0362, 0.4822|764.0
21|0.8224, -0.3349, -0.9361, -1.0000, -0.0072, 0.1740, -0.0113, 0.7335|3340|0.3610, -0.3464, -0.9282, -0.9036, -0.1576, -0.1427, 0.0317, 0.4875|809.4
22|0.0879, -0.4403, -0.9574, -0.6747, -0.1874, -0.0104, 0.0221, 0.7335|4120|0.3783, -0.4019, -0.8864, -0.9310, -0.0988, -0.1586, -0.0106, 0.5666|968.6
23|0.8224, -0.4403, -0.6356, -1.0000, -0.0520, 0.1740, 0.0221, 0.7335|3300|0.3266, -0.4478, -0.8055, -0.7772, -0.1028, -0.1840, -0.0304, 0.5559|718.4
24|-0.0102, -0.6620, -1.0000, -1.0000, 0.0185, -0.0104, 0.0172, 0.3680|3980|0.3359, -0.4554, -0.8453, -0.9489, -0.1173, -0.1612, -0.0186, 0.5470|886.8
25|0.8224, -0.6620, -0.9574, -0.6747, -0.1874, -0.5578, 0.0172, 0.7335|3440|0.4149, -0.4707, -0.8541, -0.9735, -0.1062, -0.1680, -0.0091, 0.5741|921.8
26|0.0954, -0.3349, -1.0000, -1.0000, -0.3437, -0.5578, 0.4114, 0.7335|2820|0.3942, -0.4788, -0.8382, -0.9696, -0.1102, -0.1951, -0.0134, 0.5650|781.4
27|0.6690, -0.6620, -1.0000, -0.8134, -0.0067, 0.1162, 0.0172, 0.3680|3500|0.3755, -0.4887, -0.8412, -0.9621, -0.1055, -0.2736, -0.0081, 0.5968|890.4
28|0.8224, -0.6620, -0.9361, -1.0000, -0.4025, -0.5578, 0.0221, 0.7335|3180|0.4111, -0.4715, -0.8411, -0.9569, -0.1193, -0.3249, -0.0115, 0.6259|986.6
29|0.6690, -0.6620, -1.0000, -0.8134, -0.0067, 0.1162, 0.0172, 0.3680|5920|0.4442, -0.4902, -0.8433, -0.9422, -0.0962, -0.2907, -0.0062, 0.6339|1039.2
30|0.8224, -0.4117, -0.7788, -1.0000, 0.2680, -0.5588, -0.2332, 0.7974|3580|0.4658, -0.5120, -0.8513, -0.9352, -0.0769, -0.2676, -0.0095, 0.6001|914.8
31|0.6690, -0.6915, -1.0000, -1.0000, -0.1957, -0.0189, 0.0311, 0.7335|5800|0.5922, -0.5180, -0.8499, -0.9244, -0.0775, -0.2285, -0.0300, 0.5379|1189.6
32|0.7662, -0.6620, -1.0000, -0.8134, -0.0067, 0.1162, 0.0172, 0.3680|4440|0.6202, -0.5201, -0.8921, -0.8912, -0.0525, -0.2345, -0.0284, 0.5951|1225.8
