1|0.8116, -0.8535, -0.0999, -0.9161, 0.0665, -0.2461, 0.7554, 1.0000|1040|0.0104, 0.1098, -0.1829, -0.2475, -0.0708, -0.1964, -0.0009, 0.0262|135.8
2|0.7904, -0.7860, -0.9717, -0.9279, -0.6766, 0.3528, 0.4954, 0.5943|1680|0.1196, -0.0365, -0.3944, -0.3850, -0.1487, -0.2846, 0.0542, -0.0099|228.4
3|0.6441, -1.0000, -0.2840, -0.9774, -0.1403, 0.3481, 0.2555, 0.4844|2820|0.1679, -0.2470, -0.5323, -0.5721, -0.2488, -0.2006, 0.1437, -0.0381|441.8
4|0.6583, -0.9844, -0.9571, -0.2450, -0.4394, -1.0000, -0.2792, 0.3629|2540|0.3182, -0.3309, -0.6169, -0.7179, -0.3238, -0.1639, 0.2037, 0.0886|509.2
5|0.6583, -0.9844, -0.9571, -0.2450, -0.4394, -1.0000, -0.2792, 0.3629|5940|0.4289, -0.3793, -0.6611, -0.7780, -0.4072, -0.1579, 0.2346, 0.2985|762.2
6|0.6583, -0.9844, -0.9571, -0.0600, -0.4394, -1.0000, -0.2792, 0.3629|6280|0.6006, -0.4582, -0.7206, -0.8416, -0.4133, -0.1225, 0.2306, 0.3008|881.8
7|1.0000, -0.9844, -0.4291, -0.9396, 0.4382, 0.3528, 0.8008, -0.2441|5560|0.5489, -0.5706, -0.7299, -0.7824, -0.3567, -0.1270, 0.2124, 0.3338|947.2
8|0.0137, -0.8535, -1.0000, -1.0000, 0.0665, -0.3772, 0.2555, 0.2936|5280|0.5219, -0.6689, -0.8301, -0.7532, -0.2700, -0.1337, 0.2161, 0.4259|965.0
9|0.6583, -0.9844, -0.6604, -0.9396, -0.8983, 0.3528, 0.2555, 0.3629|3120|0.4679, -0.7089, -0.8289, -0.8175, -0.2395, -0.2020, 0.1879, 0.4276|918.8
10|0.6441, -1.0000, -1.0000, -0.9774, 0.0665, 0.3481, 0.2555, 0.2936|4120|0.4154, -0.7579, -0.8492, -0.8076, -0.2688, -0.2265, 0.1501, 0.4034|907.6
11|0.6441, -0.9844, -0.9571, -1.0000, -0.8403, -1.0000, -0.2792, 0.4844|6000|0.2899, -0.7989, -0.8142, -0.8886, -0.2167, -0.1353, 0.2291, 0.3558|1022.6
12|0.6441, -0.9844, -0.9571, -0.9774, -0.1403, 0.3481, -0.2792, 0.4844|4680|0.3693, -0.8164, -0.8380, -0.8848, -0.2575, -0.1023, 0.2166, 0.3355|1055.2
13|0.0137, -1.0000, -1.0000, -0.9774, 0.0665, -0.1275, 0.2555, 0.4844|3980|0.3235, -0.8884, -0.8726, -0.8630, -0.2720, -0.1959, 0.1857, 0.3849|1160.2
14|0.7904, -0.8535, -1.0000, -1.0000, -0.4394, -0.2461, 0.2555, 0.3629|5900|0.3663, -0.9075, -0.8775, -0.8883, -0.3371, -0.1852, 0.1312, 0.3623|1378.6
15|0.6441, -1.0000, -0.2840, -0.9774, -0.1403, 0.3481, 0.2555, 0.4844|5460|0.4390, -0.9265, -0.8333, -0.9120, -0.3702, -0.1768, 0.1529, 0.3788|1286.6
16|0.7904, -0.8535, -1.0000, -1.0000, -0.4394, 0.0043, 0.2555, 0.2936|6480|0.5219, -0.9518, -0.7933, -0.9214, -0.3131, -0.0854, 0.1601, 0.3747|1381.4
17|0.6441, -0.9844, -0.6604, -1.0000, -0.1403, 0.0043, 0.2555, 0.3629|6060|0.5586, -0.9467, -0.8029, -0.8999, -0.2622, -0.0536, 0.1927, 0.3655|1586.8
18|0.6441, -0.9844, -1.0000, -0.4474, -0.0384, 0.0043, 0.2555, 0.2936|6060|0.5657, -0.9466, -0.7957, -0.8450, -0.2773, -0.0966, 0.2022, 0.3666|1389.6
19|0.6441, -0.9844, -1.0000, -0.4474, -0.0384, 0.0043, 0.2555, 0.2936|9880|0.5795, -0.9561, -0.7965, -0.7693, -0.1473, -0.0570, 0.1949, 0.3435|1447.6
20|0.6441, -0.9844, -1.0000, -0.4474, -0.0384, 0.0043, 0.2555, 0.2936|12480|0.5828, -0.9608, -0.8617, -0.7964, -0.1418, -0.0205, 0.1881, 0.3395|1975.0
21|0.6441, -0.9844, -0.2840, -0.4474, -0.0384, 0.0043, 0.2555, 0.2936|19140|0.5922, -0.9551, -0.8638, -0.7566, -0.0640, -0.0050, 0.2040, 0.3363|2113.2
22|0.6441, -0.9844, -0.2840, -0.4474, -0.0384, 0.0043, 0.2555, 0.2936|15000|0.6143, -0.9600, -0.7772, -0.6949, -0.0768, -0.0227, 0.1833, 0.3308|2131.6
23|0.6441, -0.9844, -0.2840, -0.4474, -0.0384, 0.0043, 0.2555, 0.2936|8560|0.6285, -0.9675, -0.8579, -0.6974, -0.0996, -0.0083, 0.1995, 0.3328|1947.2
24|0.6441, -0.9844, -0.6604, -0.4474, -0.0384, 0.0043, 0.2555, 0.3629|11680|0.6330, -0.9547, -0.7836, -0.6428, -0.1108, -0.0009, 0.1964, 0.3202|2175.8
25|0.6441, -0.9844, -0.2840, -0.4474, -0.0384, 0.0043, 0.2555, 0.2936|11260|0.6410, -0.9657, -0.7029, -0.5594, -0.1105, -0.0173, 0.2314, 0.3071|2927.2
26|0.6441, -0.9844, -0.2840, -0.4474, -0.0384, 0.0043, 0.2555, 0.2936|23500|0.6410, -0.9669, -0.6006, -0.5118, -0.0929, -0.0261, 0.2298, 0.3016|3222.2
27|0.6544, -1.0000, -0.2885, -0.4545, -0.0390, 0.0043, 0.2596, 0.2217|14520|0.6388, -0.9722, -0.5857, -0.4989, -0.0528, -0.0206, 0.2316, 0.2932|3595.0
28|0.6583, -0.9844, -0.2840, -0.4474, -0.0384, 0.0043, 0.2555, 0.2936|15800|0.6494, -0.9663, -0.4075, -0.4773, -0.0358, -0.0060, 0.2403, 0.2973|4858.6
29|0.6544, -0.9844, -0.2840, -0.4474, -0.0384, 0.0043, 0.2596, 0.2936|29120|0.6499, -0.9788, -0.3598, -0.4664, -0.0284, 0.0035, 0.2501, 0.2932|5935.4
30|0.6544, -1.0000, -0.2885, -0.4545, 0.0665, 0.0043, 0.2555, 0.2936|22540|0.6552, -0.9725, -0.3139, -0.4592, -0.0278, 0.0034, 0.2592, 0.2933|5104.8
31|0.6544, -1.0000, -0.2840, -0.4545, -0.0390, -0.0049, 0.2555, 0.2936|30440|0.6482, -0.9861, -0.2954, -0.4512, -0.0209, 0.0032, 0.2502, 0.2901|6425.8
32|0.6544, -0.9844, -0.2840, -0.4474, -0.0384, 0.0043, 0.2555, 0.2936|20620|0.6477, -0.9863, -0.2845, -0.4482, -0.0143, 0.0035, 0.2558, 0.2914|6024.4
