1|0.3240, -0.8318, -1.0000, -0.5199, -0.9943, 0.1016, 0.2356, -0.6721|2040|0.1903, -0.1735, -0.2298, -0.2539, 0.0555, 0.0633, -0.0301, -0.0565|147.2
2|0.3240, -0.9645, -1.0000, -0.5199, -0.9943, 0.1016, 0.2356, 0.0265|2260|0.1284, -0.2484, -0.4776, -0.4122, 0.0270, 0.0218, -0.0362, -0.0929|338.2
3|-0.2568, -1.0000, -0.7666, -0.8043, -0.5498, -0.3607, -0.1595, 0.4479|3060|0.1779, -0.4175, -0.6500, -0.6258, -0.1659, -0.0387, 0.0106, -0.1421|588.6
4|0.5794, -1.0000, -0.7666, -0.8457, -0.5498, 0.2595, -0.2720, -0.7513|3160|0.2775, -0.7147, -0.7822, -0.6886, -0.3164, -0.0313, 0.0285, -0.1047|769.4
5|-0.2568, -1.0000, -0.7666, -0.8043, -0.5498, -0.4404, -0.1595, 0.4479|4000|0.3035, -0.8455, -0.7890, -0.7126, -0.3803, -0.0496, -0.0668, -0.0025|905.0
6|0.9308, -1.0000, -0.7666, -0.8043, -0.5498, 0.5129, -1.0000, 0.4479|4680|0.3494, -0.9296, -0.8028, -0.7230, -0.4340, -0.0615, -0.0926, -0.0020|1102.2
7|0.0433, -1.0000, -0.1363, -0.2710, 0.0464, 0.1016, -0.1098, 0.0265|23320|0.5063, -0.9643, -0.7632, -0.6957, -0.4607, -0.0343, -0.1368, 0.0016|1355.8
8|0.0433, -1.0000, -0.1363, -0.2710, 0.0464, 0.1016, -0.1098, 0.0265|15880|0.5479, -0.9654, -0.7369, -0.6626, -0.3757, -0.0586, -0.1048, 0.1200|1394.6
9|0.0433, -1.0000, -0.1363, -0.2710, 0.0464, 0.1016, -0.1098, 0.0265|22720|0.6129, -0.9758, -0.7147, -0.5896, -0.3774, -0.0562, -0.1104, 0.1383|1999.0
10|0.0433, -1.0000, -0.1363, -0.2710, 0.0464, 0.1016, -0.1098, 0.0265|22840|0.6621, -0.9493, -0.6846, -0.5542, -0.3675, -0.0249, -0.0920, 0.1752|2256.6
11|0.9406, -1.0000, -0.1363, -0.2710, 0.0174, 0.1016, -0.1595, 0.0265|22780|0.6013, -0.9030, -0.5622, -0.4851, -0.3332, 0.0593, -0.0851, 0.1633|2980.6
12|0.9406, -1.0000, -0.1363, -0.2710, 0.0464, 0.1016, -0.1598, 0.0265|32120|0.5753, -0.9060, -0.5309, -0.4417, -0.2730, 0.0736, -0.0361, 0.2509|3669.8
13|0.9406, -1.0000, -0.1363, -0.2710, 0.0174, 0.1016, 0.2023, 0.0265|78700|0.5857, -0.9710, -0.4329, -0.3765, -0.2424, 0.1110, -0.0400, 0.2018|5396.6
14|0.9406, -1.0000, -0.1363, -0.2595, 0.0174, 0.1016, -0.1098, 0.0265|63120|0.6111, -0.9752, -0.3063, -0.3288, -0.1282, 0.1121, -0.0154, 0.1254|8389.6
15|0.9406, -1.0000, -0.1363, -0.2710, 0.0174, 0.1016, 0.2215, 0.0182|144380|0.5975, -0.9809, -0.2368, -0.3068, -0.0285, 0.1115, -0.0141, 0.0812|11385.2
16|0.9406, -1.0000, -0.1363, -0.2710, 0.0174, 0.1016, -0.1098, 0.0265|57560|0.7196, -0.9990, -0.1857, -0.2736, -0.0035, 0.1072, -0.0051, 0.0583|13759.8
17|0.9406, -1.0000, -0.1363, -0.2710, 0.0464, 0.1016, -0.1098, 0.0265|130140|0.7719, -0.9979, -0.1489, -0.2695, -0.0148, 0.1006, -0.0011, 0.0408|15637.6
18|0.9406, -1.0000, -0.1363, -0.2710, 0.0174, 0.1016, 0.0802, 0.0182|100640|0.8320, -0.9969, -0.1373, -0.2700, 0.0042, 0.1025, 0.0019, 0.0236|16580.0
19|0.9406, -1.0000, -0.1363, -0.2710, 0.0174, 0.1016, -0.1098, 0.0265|73360|0.8849, -0.9969, -0.1330, -0.2671, 0.0154, 0.1024, -0.0006, 0.0240|14229.4
20|0.9406, -1.0000, -0.1363, -0.2710, 0.0174, 0.1016, 0.0802, 0.0265|76780|0.8557, -0.9963, -0.1348, -0.2690, 0.0202, 0.1029, -0.0154, 0.0244|14143.8
21|0.9406, -1.0000, -0.1363, -0.2710, 0.0174, 0.1270, -0.1098, 0.0182|78760|0.9010, -1.0000, -0.1332, -0.2707, 0.0229, 0.1039, 0.0329, 0.0248|15981.6
22|0.9406, -1.0000, -0.1363, -0.2710, 0.0174, 0.1016, -0.1098, 0.0265|87080|0.8596, -0.9873, -0.1364, -0.2710, 0.0250, 0.1034, 0.0359, 0.0251|20178.0
23|0.9406, -1.0000, -0.1363, -0.2710, 0.0174, 0.1016, -0.1098, 0.0265|83220|0.8857, -0.9939, -0.1364, -0.2708, 0.0279, 0.1044, 0.0519, 0.0252|19273.4
24|0.9406, -1.0000, -0.1363, -0.2710, 0.0464, 0.1016, 0.2023, 0.0182|123340|0.9029, -1.0000, -0.1363, -0.2709, 0.0247, 0.1051, 0.0225, 0.0256|18473.4
25|0.9406, -1.0000, -0.1363, -0.2710, 0.0174, 0.1270, -0.1098, 0.0265|74400|0.9009, -0.9089, -0.1369, -0.2718, 0.0269, 0.1041, 0.0230, 0.0248|18037.4
26|0.9406, -1.0000, -0.1363, -0.2710, 0.0174, 0.1016, 0.0802, 0.0265|75200|0.9083, -1.0000, -0.1364, -0.2659, 0.0249, 0.1049, 0.0167, 0.0238|19780.0
27|0.9406, -1.0000, -0.1363, -0.2710, 0.0464, 0.1016, 0.2023, 0.0236|118060|0.9307, -1.0000, -0.1361, -0.2703, 0.0261, 0.1028, 0.0043, 0.0236|22709.2
28|0.9406, -1.0000, -0.1363, -0.2710, 0.0174, 0.1016, 0.0802, 0.0265|108860|0.9257, -1.0000, -0.1363, -0.2710, 0.0281, 0.0992, 0.0231, 0.0222|21752.8
29|0.9406, -1.0000, -0.1363, -0.2710, 0.0174, 0.1016, -0.1098, 0.0004|95160|0.9109, -1.0000, -0.1363, -0.2710, 0.0240, 0.0973, -0.0048, 0.0207|20813.0
30|0.9406, -1.0000, -0.1363, -0.2710, 0.0174, 0.1016, -0.0150, 0.0265|73780|0.9218, -1.0000, -0.1363, -0.2710, 0.0220, 0.1011, -0.0047, 0.0196|19674.0
31|0.9406, -1.0000, -0.1363, -0.2710, 0.0464, 0.1016, 0.2023, 0.0182|111660|0.9020, -1.0000, -0.1363, -0.2710, 0.0199, 0.1004, 0.0046, 0.0213|17422.2
32|0.9406, -1.0000, -0.1363, -0.2710, 0.0174, 0.1016, -0.1098, 0.0265|76820|0.8950, -1.0000, -0.1361, -0.2704, 0.0219, 0.0999, 0.0005, 0.0211|20697.6
