1|0.9174, -1.0000, -0.2993, -0.7020, 0.3221, 0.3040, -0.7444, -0.5876|2400|-0.0136, -0.1199, -0.3808, 0.0229, -0.0096, -0.2690, 0.2996, -0.2068|154.2
2|0.1175, -0.9763, -0.9793, -0.8081, -0.5324, 0.1316, 0.3894, 1.0000|2380|0.0394, -0.1777, -0.4415, -0.3815, -0.2530, -0.2718, 0.3399, -0.2278|304.6
3|0.6474, -1.0000, -0.2337, -0.5326, -0.2626, 0.2331, 0.3271, -0.5366|2960|0.1136, -0.5502, -0.5919, -0.4212, -0.4955, -0.3655, 0.3482, -0.1811|428.6
4|0.1175, -0.6726, -0.9793, -0.8081, -0.5324, 0.1316, 0.3894, 1.0000|2220|0.2237, -0.7218, -0.6084, -0.5904, -0.5359, -0.2912, 0.2901, -0.0325|630.2
5|0.1175, -0.6726, -0.9793, -0.8081, -0.5324, 0.1316, 0.3894, 1.0000|2040|0.1949, -0.7594, -0.6355, -0.7349, -0.4660, -0.1810, 0.3031, 0.0489|683.8
6|0.6474, -0.9195, -0.2337, -0.8806, 0.1346, 0.2331, 0.3271, 0.8050|3520|0.3159, -0.8837, -0.5822, -0.6156, -0.4616, -0.0923, 0.2615, 0.1521|850.6
7|0.6474, -1.0000, -0.2337, -0.5326, -0.2626, 0.2331, 0.3271, -0.5366|3900|0.3196, -0.8500, -0.6190, -0.7477, -0.5517, -0.0658, 0.2913, 0.2938|956.4
8|0.6474, -1.0000, -0.2337, -0.5326, -0.2626, 0.2331, 0.3271, -0.5366|2980|0.3345, -0.8294, -0.6214, -0.7573, -0.5067, 0.0528, 0.2506, 0.4194|1059.0
9|0.9174, -0.6726, -0.9793, -0.8563, -0.7631, 0.1316, 0.3894, 1.0000|4220|0.4537, -0.9048, -0.4881, -0.7083, -0.3707, 0.1126, 0.2007, 0.2186|1114.0
10|0.9174, -0.6726, -0.9793, -0.8563, -0.7631, 0.1316, 0.3894, 1.0000|3460|0.5509, -0.9209, -0.4057, -0.6741, -0.3297, 0.1683, 0.2159, 0.0463|1269.0
11|0.6474, -1.0000, -0.2337, -0.5326, -0.3108, 0.2331, 0.3271, -0.5366|5220|0.6118, -0.9398, -0.4372, -0.6774, -0.3345, 0.1356, 0.2025, 0.0723|1387.0
12|0.6474, -1.0000, -0.2337, -0.5326, -0.2626, 0.2331, 0.3271, -0.5366|5540|0.5887, -0.9602, -0.3756, -0.6434, -0.3769, 0.1388, 0.2205, -0.0112|1164.8
13|0.6474, -1.0000, -0.2337, -0.5631, 0.3221, 0.0917, 0.3271, 1.0000|5940|0.6187, -0.9796, -0.3662, -0.6143, -0.3611, 0.1755, 0.2631, -0.2008|1284.2
14|0.6474, -1.0000, -0.2337, -0.5326, -0.2626, 0.2331, 0.3271, -0.5366|3380|0.6530, -0.9840, -0.3621, -0.5980, -0.3743, 0.2190, 0.3047, -0.2357|1346.8
15|0.6474, -1.0000, -0.2337, -0.5326, -0.2626, 0.2331, 0.3271, 0.4721|14600|0.6591, -0.9882, -0.3684, -0.5914, -0.3476, 0.2174, 0.3009, -0.2167|1463.4
16|0.6474, -1.0000, -0.2337, -0.5326, -0.2626, 0.2331, 0.3271, -0.5366|5080|0.6690, -0.9804, -0.3785, -0.6012, -0.3226, 0.2165, 0.2628, -0.1963|1555.4
17|0.6474, -1.0000, -0.2337, -0.5326, -0.2626, 0.2331, 0.3271, 0.4721|9620|0.5619, -0.9977, -0.3911, -0.5814, -0.2626, 0.2092, 0.2405, -0.1004|1562.8
18|0.6474, -1.0000, -0.2337, -0.5326, -0.2626, 0.2331, 0.3271, 0.4721|8580|0.6409, -0.9777, -0.3987, -0.5833, -0.2635, 0.2123, 0.2881, 0.0198|1591.4
19|0.6474, -1.0000, -0.2337, -0.5326, -0.2626, 0.2331, 0.3271, 0.4721|11200|0.6798, -1.0000, -0.3844, -0.5848, -0.2411, 0.2094, 0.2851, 0.0429|2075.0
20|0.6474, -1.0000, -0.2337, -0.5326, 0.2454, 0.2331, 0.3271, 0.4721|14520|0.6771, -1.0000, -0.3022, -0.5674, -0.2218, 0.2117, 0.2847, 0.1351|2382.0
21|0.6474, -1.0000, -0.2337, -0.5326, 0.2454, 0.2331, 0.3271, 0.4721|12860|0.6744, -1.0000, -0.2668, -0.5619, -0.1993, 0.2242, 0.2878, 0.2569|2736.6
22|0.6474, -1.0000, -0.2337, -0.5326, 0.2454, 0.2331, 0.3271, 0.4721|14520|0.6555, -1.0000, -0.1831, -0.5391, -0.1625, 0.2282, 0.3085, 0.3914|3331.8
23|0.6474, -1.0000, -0.2337, -0.5326, 0.2454, 0.2331, 0.3271, 0.4721|19160|0.6474, -1.0000, -0.1887, -0.5391, -0.1119, 0.2359, 0.3236, 0.4217|3951.2
24|0.6474, -1.0000, -0.2337, -0.5326, 0.2454, 0.2331, 0.3271, 0.4721|22080|0.6474, -1.0000, -0.1950, -0.5326, -0.0739, 0.2358, 0.3236, 0.4621|4160.0
25|0.6474, -1.0000, -0.2337, -0.5326, 0.2454, 0.2331, 0.3271, 0.4721|25180|0.6474, -1.0000, -0.2024, -0.5326, -0.0151, 0.2359, 0.3271, 0.4721|4237.4
26|0.6474, -1.0000, -0.0915, -0.5326, 0.2454, 0.2331, 0.3271, 0.4721|23540|0.6474, -1.0000, -0.2038, -0.5326, 0.0828, 0.2356, 0.3271, 0.4721|5147.4
27|0.6474, -1.0000, -0.2337, -0.5326, 0.2454, 0.2331, 0.3271, 0.4721|17780|0.6474, -1.0000, -0.2095, -0.5326, 0.1082, 0.2346, 0.3271, 0.4721|4466.4
28|0.6474, -1.0000, -0.2337, -0.5326, 0.2454, 0.2331, 0.3271, 0.4721|12720|0.6474, -1.0000, -0.2138, -0.5326, 0.1641, 0.2347, 0.3271, 0.4721|4321.8
29|0.6474, -1.0000, -0.2337, -0.5326, 0.2454, 0.2331, 0.3271, 0.4721|15660|0.6474, -1.0000, -0.2123, -0.5326, 0.2098, 0.2340, 0.3271, 0.4754|4769.6
30|0.6474, -1.0000, -0.2337, -0.5326, 0.2454, 0.2331, 0.3271, 0.4721|22180|0.6474, -1.0000, -0.2095, -0.5326, 0.2251, 0.2339, 0.3271, 0.4732|5211.0
31|0.6474, -1.0000, -0.2337, -0.5326, 0.2454, 0.2331, 0.3271, 0.4721|27420|0.6474, -1.0000, -0.2166, -0.5326, 0.2403, 0.2331, 0.3271, 0.4743|5742.6
32|0.6474, -1.0000, -0.2337, -0.5326, 0.2454, 0.2331, 0.3271, 0.4721|17620|0.6474, -1.0000, -0.2280, -0.5326, 0.2454, 0.2331, 0.3271, 0.4754|5105.0
