1|0.7399, 0.2919, -0.7741, -0.9384, -0.9020, -0.3917, -0.6639, -1.0000|2520|0.0861, -0.1674, -0.0646, -0.1539, 0.0811, -0.1963, -0.2099, -0.0799|153.8
2|0.7669, -0.4876, -0.6394, -1.0000, 0.3896, 0.0386, -0.3424, -0.2534|3080|0.1422, -0.2793, -0.3338, -0.3962, -0.1447, -0.2040, -0.2568, -0.2881|339.6
3|0.7672, -0.9109, -0.6731, -0.4211, -1.0000, -0.8287, 1.0000, -0.4763|1540|0.3173, -0.3904, -0.5900, -0.5419, -0.2091, -0.2332, -0.1248, -0.3566|408.4
4|0.5278, -0.9109, -0.6731, -0.4904, -0.5058, -0.8287, 1.0000, -0.8182|1460|0.4522, -0.4697, -0.7083, -0.6118, -0.2911, -0.3596, -0.0432, -0.3854|423.6
5|0.5278, -0.9109, -0.6731, -0.4904, -0.5058, -0.8287, 1.0000, -0.8182|2220|0.5711, -0.5271, -0.7135, -0.6313, -0.2511, -0.4542, 0.1540, -0.4758|534.2
6|0.5278, -0.9109, -0.6731, -0.4904, -0.5058, -0.1670, 1.0000, -0.8182|2640|0.6553, -0.5541, -0.6850, -0.6953, -0.2553, -0.3807, 0.2105, -0.5210|709.8
7|1.0000, -0.3767, -0.8902, -0.5785, 0.5257, -0.2824, 0.5831, 0.0631|3200|0.5735, -0.6528, -0.7258, -0.6233, -0.2481, -0.3421, 0.4473, -0.5034|642.8
8|0.5278, -0.9109, -0.8902, -0.4904, -0.5058, -1.0000, -0.6639, 0.0631|3600|0.6083, -0.7078, -0.7195, -0.5548, -0.3524, -0.3618, 0.5298, -0.4827|629.6
9|0.5278, -0.9109, -0.9310, -0.4904, -0.5058, -0.8287, -0.6639, 0.0631|3380|0.5112, -0.7764, -0.7301, -0.5749, -0.4609, -0.3906, 0.4768, -0.4026|818.0
10|0.5278, -1.0000, -0.2563, -0.5384, -0.5553, 0.4485, 0.5928, 0.0631|3560|0.5025, -0.8055, -0.7071, -0.5471, -0.4377, -0.1835, 0.4379, -0.3581|772.6
11|0.1754, -1.0000, -0.6731, -0.5384, -0.5058, -0.2824, -0.3424, -0.8983|4660|0.5229, -0.8332, -0.7174, -0.5571, -0.4552, -0.2791, 0.3755, -0.4809|845.0
12|0.5278, -0.9109, -0.9287, -0.4904, -0.5058, -0.4001, -0.3424, -0.2534|5240|0.5226, -0.8672, -0.7061, -0.5116, -0.4697, -0.3801, 0.3379, -0.4366|960.0
13|0.5278, -0.9109, -0.6731, -0.4904, -0.5058, -0.1670, -0.3424, -0.4763|2640|0.5460, -0.8965, -0.7225, -0.4964, -0.4902, -0.3761, 0.2101, -0.2434|880.8
14|0.5278, -0.9109, -0.5036, -0.4904, -0.5058, -0.8287, 1.0000, -0.8182|3060|0.5615, -0.9096, -0.7452, -0.4541, -0.4974, -0.4464, 0.0759, -0.1224|880.4
15|0.8123, -0.9109, -0.9310, -0.4904, -0.5058, -0.4001, -0.3424, -0.2534|4800|0.5804, -0.9206, -0.7296, -0.5104, -0.5132, -0.4209, 0.0358, -0.1651|1151.8
16|0.8123, -0.9109, -0.8499, -0.5384, -0.6096, -0.3917, 0.8211, 0.0495|4660|0.6124, -0.9332, -0.7488, -0.5072, -0.4979, -0.3568, 0.0363, -0.0648|1255.4
17|0.5005, -1.0000, -0.4553, -0.3318, -0.2441, -0.2707, 0.0105, 0.6765|4660|0.6378, -0.9380, -0.7218, -0.5087, -0.4840, -0.3999, 0.1134, 0.0573|1286.8
18|0.5005, -1.0000, -0.4553, -0.3318, -0.2441, -0.2707, 0.0105, 0.6765|4500|0.6420, -0.9263, -0.7166, -0.5115, -0.4852, -0.4156, 0.2002, 0.0399|1343.6
19|0.7270, -0.9109, -0.6731, -0.5785, -0.5058, -0.3917, 0.5831, 0.0631|5460|0.6271, -0.9543, -0.7096, -0.5068, -0.4674, -0.4223, 0.1054, 0.0796|1275.6
20|0.7270, -1.0000, -0.6731, -0.4904, -0.5058, -0.2465, 0.5831, 0.0631|4180|0.6188, -0.9606, -0.6850, -0.5067, -0.4493, -0.4225, 0.0053, 0.1441|1391.8
21|0.5278, -0.9109, -0.7741, -0.4904, -0.5058, -0.1670, -0.1332, 0.0631|6800|0.6061, -0.9652, -0.6680, -0.4522, -0.4336, -0.4177, -0.0755, 0.1212|1350.6
22|0.5278, -0.9109, -0.7741, -0.4904, -0.5058, -0.1670, -0.1332, 0.0631|6060|0.6394, -0.9688, -0.7090, -0.4814, -0.4340, -0.4074, 0.0096, 0.1377|1393.2
23|0.7981, -1.0000, -0.7390, -0.4904, -0.2441, -0.2707, -0.3424, 0.0992|5080|0.6739, -0.9764, -0.7039, -0.4750, -0.4062, -0.3226, -0.0170, 0.1219|1533.4
24|0.7270, -0.9109, -0.7741, -0.5785, -0.2441, -0.2707, -0.1332, 0.0631|6700|0.6729, -0.9782, -0.6721, -0.4939, -0.3593, -0.2982, 0.0179, 0.1494|1917.2
25|0.5005, -1.0000, -0.4553, -0.3318, -0.2441, -0.2707, -0.3424, -0.2534|4740|0.6784, -0.9753, -0.6883, -0.4643, -0.3235, -0.3169, -0.0647, 0.0774|1524.4
26|0.7270, -1.0000, -0.6731, -0.5785, 0.1589, -0.2707, -0.1332, 0.0631|9680|0.6931, -0.9557, -0.6764, -0.4455, -0.3058, -0.3210, -0.0294, 0.0821|2126.6
27|0.7981, -1.0000, -0.7741, -0.3318, -0.2441, -0.2707, 0.0003, -0.2534|9560|0.6978, -0.9786, -0.6722, -0.4295, -0.3206, -0.3002, -0.0384, 0.0469|2224.8
28|0.7270, -1.0000, -0.4553, -0.3318, -0.2441, -0.2707, 0.0003, 0.0992|12020|0.6921, -0.9639, -0.6816, -0.4258, -0.3274, -0.3099, -0.0680, 0.0420|2286.4
29|0.7399, -1.0000, -0.7741, -0.3318, 0.1589, -0.2707, -0.1332, 0.0631|10100|0.7059, -0.9675, -0.6590, -0.4140, -0.2965, -0.3083, -0.0456, 0.0507|1719.8
30|0.7270, -1.0000, -0.6731, -0.4904, -0.2441, -0.2707, -0.1332, 0.0631|13040|0.6978, -0.9875, -0.5845, -0.4247, -0.2453, -0.2986, -0.0950, 0.0446|2574.4
31|0.7270, -1.0000, -0.4553, -0.3318, -0.2441, -0.2707, 0.0003, 0.0631|8060|0.7099, -0.9947, -0.5845, -0.4235, -0.2473, -0.3021, -0.0965, 0.0580|2168.2
32|0.7270, -1.0000, -0.4553, -0.3318, -0.2441, -0.2707, -0.1332, 0.0631|10380|0.6955, -0.9955, -0.5731, -0.4109, -0.2720, -0.2979, -0.0847, 0.0569|2494.0
