1|0.5734, -0.4698, 0.0189, -0.4043, -1.0000, -0.0372, 0.1514, 0.5280|1420|0.2016, -0.1617, -0.1560, -0.0521, -0.0637, 0.0201, 0.1218, 0.1514|160.8
2|0.5310, -0.6972, -1.0000, -0.4233, -0.9983, -0.3529, -0.7129, 0.6465|3060|0.3163, -0.2215, -0.3272, -0.3401, -0.2584, 0.0216, 0.0825, 0.2290|295.8
3|0.5734, -0.4698, -1.0000, -0.8585, -0.3517, -0.0372, -0.5280, -0.4819|5000|0.3811, -0.2857, -0.6120, -0.5972, -0.4519, -0.0528, 0.0996, 0.2370|495.0
4|0.0118, -0.5456, -1.0000, -0.3895, 0.1009, -0.3852, 0.4213, -0.1421|2900|0.4522, -0.3421, -0.7036, -0.6969, -0.4877, -0.0863, 0.0379, 0.2207|657.0
5|0.5310, -0.6972, -1.0000, -0.4233, -0.9983, -0.3529, -0.7129, 0.6465|2140|0.4830, -0.4523, -0.7068, -0.6280, -0.5387, -0.1464, 0.1139, 0.2664|686.6
6|0.5814, -0.7634, -0.4892, -0.4635, -1.0000, -0.3864, 0.6815, 0.3878|3200|0.4401, -0.4763, -0.6717, -0.5723, -0.6142, -0.1649, 0.1015, 0.2802|882.0
7|0.5310, -0.4698, -0.7292, -0.4233, -0.4781, -0.3529, -0.0565, -0.4819|2980|0.4628, -0.5060, -0.7554, -0.6075, -0.5841, -0.2104, 0.1016, 0.2188|794.8
8|0.9889, -0.5835, -0.4892, -0.4043, -0.4781, -0.0372, 0.1514, 0.5280|7480|0.4960, -0.4812, -0.8126, -0.6336, -0.4608, -0.1801, 0.2324, 0.1757|953.2
9|0.5734, -0.4698, -1.0000, -0.4043, -0.4781, -0.0747, 0.0763, 0.5280|3580|0.4739, -0.4965, -0.8401, -0.6268, -0.4795, -0.2100, 0.2592, 0.2272|860.4
10|0.9969, -0.5835, -0.9782, -0.5655, 0.0345, -0.0753, 0.1514, 0.2694|4880|0.5747, -0.4680, -0.8837, -0.6606, -0.4483, -0.1660, 0.2871, 0.1717|993.0
11|0.5310, -0.5456, -1.0000, -0.4233, -1.0000, -0.3529, -0.2489, 0.5280|3260|0.5636, -0.5198, -0.9086, -0.6358, -0.4573, -0.1479, 0.2262, 0.1787|936.2
12|0.5734, -0.6972, -1.0000, -0.8585, -1.0000, -0.3529, 0.1514, 0.6465|3460|0.5656, -0.4807, -0.9015, -0.6393, -0.4341, -0.1719, 0.2182, 0.2406|927.0
13|0.9969, -0.5027, -1.0000, -0.5655, 0.0345, -0.0747, 0.1514, 0.2694|3620|0.5830, -0.5283, -0.8562, -0.6062, -0.4361, -0.1762, 0.1725, 0.3795|896.4
14|0.9969, -0.5027, -1.0000, -0.5655, 0.0345, -0.0747, 0.1514, -0.2435|4100|0.5969, -0.4995, -0.8312, -0.6671, -0.3489, -0.1110, 0.2503, 0.4452|1054.0
15|0.5734, -0.3647, -0.9782, -0.4233, 0.0345, -0.0747, 0.0763, 0.5280|6780|0.6074, -0.5543, -0.8216, -0.6177, -0.3240, -0.1353, 0.2379, 0.3865|1215.8
16|0.6679, -0.3647, -0.4892, -0.4635, 0.0345, -0.0747, 0.0888, 0.3878|4780|0.6550, -0.5735, -0.8397, -0.5728, -0.2686, -0.1665, 0.2218, 0.3997|1203.4
17|0.9969, -0.5027, -1.0000, -0.5655, 0.0345, -0.0747, 0.1514, -0.2435|4500|0.5789, -0.5651, -0.7979, -0.5177, -0.2456, -0.1482, 0.1877, 0.3934|1228.0
18|0.9969, -0.5835, -0.4892, -0.5655, 0.0345, -0.0372, 0.1514, 0.5280|5600|0.6432, -0.5723, -0.7932, -0.5204, -0.2187, -0.1564, 0.1858, 0.3998|1440.6
19|0.6679, -0.3647, -0.4892, -0.4635, 0.0345, -0.0747, 0.0888, 0.3878|6500|0.6671, -0.5850, -0.7494, -0.5563, -0.2113, -0.1540, 0.1684, 0.4420|1368.4
20|0.9969, -0.5835, -0.4892, -0.5655, 0.0345, -0.0372, 0.1514, 0.5280|8380|0.6942, -0.6002, -0.6785, -0.5474, -0.1429, -0.1563, 0.1662, 0.4608|1465.2
21|0.5814, -0.7803, -1.0000, -0.4233, 0.0348, -0.0747, 0.1514, 0.5280|7280|0.7549, -0.5789, -0.6704, -0.5369, -0.1388, -0.1331, 0.1437, 0.4895|1542.4
22|0.9889, -0.5835, -1.0000, -0.4233, 0.0345, -0.0372, 0.1514, 0.5280|6480|0.8220, -0.5782, -0.7003, -0.5499, -0.0413, -0.0952, 0.1236, 0.4780|1687.4
23|0.9969, -0.5835, -0.4892, -0.5655, 0.0345, -0.0372, 0.1514, 0.5280|10900|0.8580, -0.5802, -0.6271, -0.4871, -0.0073, -0.0655, 0.1178, 0.5016|1726.6
24|1.0000, -0.5854, -0.4892, -0.4635, 0.0345, -0.0747, -0.0028, 0.4985|6880|0.8549, -0.5835, -0.5812, -0.5461, 0.0023, -0.0628, 0.1178, 0.5106|1841.6
25|0.9969, -0.5835, -0.4892, -0.4635, 0.0348, -0.0372, 0.1514, 0.5280|5540|0.8603, -0.5850, -0.5507, -0.5133, -0.0086, -0.0520, 0.1172, 0.5012|1714.8
26|0.9889, -0.7634, -0.4892, -0.5655, -0.4781, -0.0747, 0.1514, 0.5280|7740|0.8920, -0.6318, -0.5430, -0.5536, 0.0059, -0.0487, 0.1445, 0.4963|2178.6
27|0.5814, -0.7634, -0.4892, -0.5655, 0.0345, -0.0372, 0.1514, 0.5280|9040|0.9131, -0.6457, -0.5584, -0.5412, 0.0011, -0.0502, 0.1385, 0.4995|1755.0
28|0.9969, -0.7634, -0.4892, -0.5655, 0.0345, -0.0372, 0.1514, 0.5280|15180|0.9128, -0.7103, -0.5745, -0.5544, 0.0137, -0.0463, 0.1529, 0.4754|2351.0
29|0.9964, -1.0000, -0.4922, -0.4457, 0.0591, -0.0373, 0.2595, 0.3965|11200|0.9251, -0.6931, -0.5744, -0.5635, 0.0096, -0.0441, 0.1616, 0.4850|2491.0
30|0.9964, -1.0000, -0.4922, -0.4457, 0.0591, -0.0373, 0.2595, 0.3965|15060|0.8845, -0.7189, -0.5366, -0.5428, 0.0150, -0.0432, 0.1641, 0.4873|2699.0
31|0.9969, -0.7634, -0.4892, -0.5655, 0.0345, -0.0372, 0.1514, 0.5280|14120|0.9010, -0.7441, -0.5181, -0.5384, 0.0110, -0.0427, 0.1749, 0.4960|2881.0
32|0.9964, -1.0000, -0.4922, -0.4457, 0.0591, -0.0373, 0.2595, 0.3965|16620|0.8844, -0.7890, -0.5182, -0.5105, 0.0239, -0.0392, 0.1724, 0.4880|2986.2
