1|-0.7244, -0.7951, -0.2633, -1.0000, 0.6622, -0.9077, -0.1499, 0.4168|880|0.1536, 0.0638, -0.1305, -0.1728, 0.0184, 0.0220, 0.0177, -0.0223|112.0
2|0.6227, -0.2815, -0.2633, -1.0000, 0.6622, 0.2482, 1.0000, 0.6337|1440|0.1353, 0.0281, -0.2047, -0.2777, -0.0600, -0.0822, 0.0322, -0.0018|170.0
3|0.8542, -0.7557, -1.0000, -1.0000, 0.6622, -0.9961, -0.1499, -0.2285|1680|0.2348, -0.2361, -0.2273, -0.4942, -0.1804, -0.0540, 0.1202, 0.0423|212.6
4|0.1822, 0.3083, -1.0000, -0.8887, -0.3007, 0.2166, -0.1429, 0.5530|2600|0.2080, -0.2600, -0.4074, -0.6406, -0.1503, -0.0871, 0.0806, -0.0624|315.0
5|0.4231, -0.9936, -0.2633, -0.8839, 0.6622, 0.3142, -0.1499, 0.4168|1940|0.2906, -0.2818, -0.3586, -0.7267, 0.0586, -0.2172, -0.0532, -0.0592|360.6
6|0.5976, -1.0000, -0.2650, -0.8896, 0.6665, 0.3162, -0.1508, 0.4195|2320|0.3921, -0.4953, -0.3647, -0.8138, 0.1363, -0.1095, -0.1149, -0.1175|491.0
7|1.0000, -0.7828, -0.2035, -0.5632, 0.3222, -0.3033, -0.4834, 0.8834|3360|0.4211, -0.5336, -0.4451, -0.8765, -0.0393, -0.1339, -0.1239, -0.1411|596.0
8|0.1831, -1.0000, -0.9179, -0.8896, -0.7548, -0.7660, 0.0450, -0.3545|2500|0.4124, -0.6582, -0.4774, -0.8784, -0.1247, -0.2556, -0.1854, 0.0664|692.4
9|0.8542, -0.5763, -0.9179, -1.0000, 0.1354, 0.3961, -0.1695, -0.3545|3100|0.2718, -0.6188, -0.5129, -0.9023, -0.1177, -0.2842, -0.1956, 0.1930|544.6
10|0.5241, -0.7951, -1.0000, -0.8887, -0.3007, 0.3932, -0.2086, 0.4168|2500|0.3173, -0.6755, -0.5675, -0.8574, -0.1916, -0.3963, -0.1244, 0.3182|649.4
11|0.5241, -0.7951, -1.0000, -0.8887, -0.3007, -0.1116, -0.2086, 0.4168|6460|0.3901, -0.7026, -0.5882, -0.7567, -0.1973, -0.3398, -0.1129, 0.2700|767.8
12|0.5241, -0.2929, -1.0000, -0.8887, -0.2751, 0.1632, -0.2086, 0.4168|3060|0.3427, -0.4480, -0.6086, -0.6686, -0.1735, -0.4402, -0.1083, 0.3227|666.0
13|0.1969, -0.8127, -0.9871, -0.9807, -1.0000, -0.8280, -0.1508, 0.4195|2840|0.2184, -0.6313, -0.4579, -0.8626, -0.2683, -0.4126, -0.0481, 0.2796|691.8
14|0.1810, -0.7468, -0.9071, -0.9012, 1.0000, -0.7609, -0.1386, 0.3855|4640|0.3133, -0.7250, -0.6181, -0.8784, -0.2811, -0.3718, -0.0230, 0.1974|872.8
15|0.2842, -0.2929, -1.0000, -1.0000, -0.6917, -0.1116, -0.2086, 0.3204|3860|0.2997, -0.7460, -0.6633, -0.8428, -0.2296, -0.2923, -0.0853, 0.1924|732.2
16|0.3198, -0.8946, -1.0000, -0.8042, -0.3384, -0.4187, -0.5472, 1.0000|3180|0.3144, -0.7718, -0.6262, -0.8489, -0.2063, -0.2025, -0.0863, 0.1616|876.2
17|0.5914, -1.0000, -0.3820, -0.7218, -0.1791, -0.1260, -0.2354, 0.5321|4960|0.3443, -0.7714, -0.5734, -0.8311, -0.2297, -0.2375, -0.0875, 0.2178|948.4
18|0.1415, -0.7860, -0.8281, -0.8786, 0.1191, 1.0000, 0.1479, -0.5222|2900|0.3838, -0.8302, -0.6740, -0.8248, -0.2428, -0.3221, -0.0608, 0.1836|1020.0
19|1.0000, -1.0000, -1.0000, -0.8624, -0.0496, -0.1889, -0.2086, 0.3204|4220|0.4328, -0.8757, -0.7233, -0.7891, -0.2376, -0.2390, -0.0212, 0.1904|1095.6
20|0.6131, -0.7951, -1.0000, -0.6395, -0.5303, -0.1889, 0.1475, 0.3204|4720|0.4701, -0.8871, -0.6890, -0.7220, -0.2706, -0.2105, -0.0633, 0.2285|1187.0
21|1.0000, -1.0000, -0.2715, -0.5891, 0.2010, 0.3142, 0.0483, 0.5476|5900|0.5952, -0.8816, -0.7559, -0.7405, -0.2586, -0.1545, -0.0626, 0.2347|1463.6
22|0.6984, -1.0000, -0.4165, -0.6023, -0.0346, 0.0351, 0.0554, 0.0107|6060|0.6437, -0.8970, -0.6761, -0.7175, -0.2459, -0.1838, -0.0730, 0.3379|1238.2
23|1.0000, -1.0000, -0.2715, -0.5891, 0.2010, 0.3142, 0.0483, 0.4734|11780|0.5773, -0.8679, -0.7106, -0.6865, -0.2575, -0.1600, -0.1051, 0.3307|1666.0
24|0.3213, -1.0000, -0.4165, -0.0715, -0.3384, 0.0351, -0.0339, 0.0107|14860|0.6126, -0.8705, -0.7292, -0.6438, -0.2932, -0.1030, -0.0544, 0.3107|1949.0
25|0.3213, -1.0000, -0.4165, -0.0715, -0.3384, 0.0351, -0.0339, 0.0107|8140|0.6226, -0.8987, -0.6550, -0.6108, -0.2039, -0.0907, -0.0293, 0.2914|1640.6
26|0.1150, -1.0000, -0.4165, -0.0715, -0.0346, -0.0365, -0.0339, 0.0107|8280|0.6673, -0.8968, -0.5427, -0.5554, -0.2078, -0.0112, -0.0143, 0.2786|1578.4
27|0.3213, -1.0000, -0.4165, -0.0715, -0.0346, -0.0365, -0.0339, 0.0107|10240|0.7606, -0.9210, -0.5582, -0.6359, -0.2315, 0.0194, -0.0179, 0.3623|1975.6
28|0.3213, -1.0000, -0.4165, -0.0715, -0.0346, -0.0365, -0.0339, 0.0107|34380|0.8256, -0.9491, -0.5013, -0.6144, -0.1730, 0.0528, -0.0269, 0.3874|2348.6
29|0.3213, -1.0000, -0.4165, -0.0022, -0.0346, -0.0365, -0.0339, 0.0107|18540|0.8418, -0.9493, -0.4722, -0.6024, -0.1615, 0.0786, 0.0338, 0.4043|2805.6
30|0.1150, -1.0000, -0.4165, -0.0715, -0.0346, -0.0365, -0.0339, 0.0107|32840|0.8481, -0.9625, -0.4424, -0.5600, -0.1466, 0.1017, 0.0547, 0.3564|3482.2
31|0.6984, -1.0000, -0.2715, -0.5222, 0.2010, 0.3142, -0.0175, 0.2626|18620|0.8481, -0.9570, -0.3808, -0.5491, -0.1636, 0.0650, 0.0559, 0.3402|3418.0
32|1.0000, -1.0000, -0.2715, -0.5222, -0.0346, 0.0351, 0.2181, 0.4195|24700|0.8191, -0.9744, -0.3458, -0.5134, -0.1099, 0.0918, 0.0656, 0.3074|3883.8
