1|0.5333, -0.6569, -1.0000, -0.5412, -0.7509, 0.0142, -0.7013, -0.9432|2200|-0.1388, 0.2237, -0.2338, -0.1800, 0.0075, 0.0237, 0.0661, 0.1347|113.2
2|0.5333, -0.6569, -1.0000, -0.5412, -0.7509, 0.0142, -0.7013, -0.9432|2540|-0.0451, 0.2393, -0.5725, -0.6422, -0.2399, 0.1010, 0.1620, -0.2119|256.4
3|0.5333, -0.6569, -1.0000, -0.5412, -0.7509, 0.0142, -0.7013, -0.9432|1700|0.0501, 0.0552, -0.6213, -0.8136, -0.2331, 0.2369, 0.2109, -0.2910|314.2
4|0.8696, 0.8530, -0.9765, -0.8157, -0.3057, 0.5015, 0.4189, -0.5731|1320|0.0193, -0.0455, -0.6979, -0.7935, -0.2431, 0.0575, 0.1146, -0.1816|361.8
5|-0.4767, -1.0000, -0.6534, -0.9186, 0.2390, 0.3983, -0.2754, -0.9667|2380|0.0408, -0.1123, -0.7550, -0.8865, -0.2731, -0.0162, 0.1933, -0.0536|451.6
6|0.8696, -0.7138, -0.5480, -1.0000, 0.0693, 0.5015, 0.0386, 0.2732|1760|0.0781, -0.1397, -0.7898, -0.8729, -0.2943, 0.0223, 0.2168, -0.0920|408.4
7|-0.5159, -1.0000, -0.6534, -0.9186, 0.3799, -0.7024, -0.2754, -0.9667|2040|0.0520, -0.3087, -0.7882, -0.9063, -0.2378, -0.0966, 0.1432, -0.2345|485.0
8|-0.4767, -1.0000, -0.6534, -0.9186, 0.2390, 0.3983, -0.2754, -0.9667|2760|0.1455, -0.3720, -0.7759, -0.9362, -0.1819, 0.0367, 0.0522, -0.1505|600.2
9|0.5333, -0.7138, -1.0000, -1.0000, 0.0693, 0.3479, 0.0351, 0.2568|3240|0.1781, -0.5736, -0.7473, -0.9664, -0.1266, 0.0073, 0.1181, -0.0320|744.2
10|0.8696, -0.7138, -0.6534, -1.0000, 0.3799, 0.5015, 0.7264, 0.7591|4580|0.3130, -0.6493, -0.7410, -0.9722, -0.1352, -0.0191, 0.1573, 0.0298|915.0
11|0.8696, -0.7138, -0.5480, -1.0000, 0.0693, 0.5015, 0.0386, 0.2732|2980|0.4697, -0.6938, -0.7685, -0.9605, -0.0049, 0.0269, 0.1406, 0.1152|866.0
12|0.5333, -0.7138, -1.0000, -1.0000, 0.0693, 0.3479, 0.0351, 0.2568|5500|0.5525, -0.7092, -0.7176, -0.9732, 0.0418, 0.1661, 0.0747, 0.1773|1068.4
13|0.5333, -0.7138, -1.0000, -1.0000, 0.0693, 0.3479, 0.0351, 0.2732|11260|0.5105, -0.8034, -0.8077, -0.9845, 0.0669, 0.1132, 0.0785, 0.0765|1223.8
14|0.8696, -1.0000, -0.9765, -1.0000, 0.0693, -0.7024, -0.2754, -0.9667|3080|0.5967, -0.6485, -0.8198, -0.9845, 0.0715, 0.0527, 0.0003, 0.0285|1028.2
15|0.8567, -0.7032, -0.5399, -1.0000, 0.0683, 0.4941, 0.0380, 0.2530|3280|0.6961, -0.7597, -0.7798, -0.9862, 0.0455, 0.1335, -0.0054, 0.1048|1132.6
16|0.8696, -0.7138, -0.5480, -1.0000, 0.0693, 0.5015, 0.0386, 0.2732|4580|0.7446, -0.7562, -0.7742, -0.9845, 0.0473, 0.1568, 0.0295, 0.0598|1223.4
17|0.5333, -0.7138, -0.6534, -1.0000, 0.0693, 0.3479, 0.0351, 0.2568|4620|0.7437, -0.7007, -0.7221, -0.9456, 0.0492, 0.2191, 0.0551, 0.1164|1224.4
18|0.3701, -0.4953, -1.0000, -0.6375, -0.0335, -0.2137, -0.0039, 0.1782|3820|0.7268, -0.6985, -0.8126, -0.9347, 0.0526, 0.1980, 0.0888, 0.1564|1219.8
19|0.8696, -1.0000, -0.9765, -1.0000, 0.0693, 0.5015, 0.0351, 0.2568|5940|0.4278, -0.6977, -0.7368, -0.9300, 0.0564, 0.2931, 0.1361, 0.1924|1100.6
20|0.8567, -0.7032, -0.5399, -1.0000, 0.0683, 0.4941, 0.0380, 0.2530|4840|0.6646, -0.7472, -0.7810, -0.9506, 0.0501, 0.2594, 0.0537, 0.1753|1188.0
21|0.8696, -0.7138, -0.6534, -0.9186, -0.0335, -0.2137, -0.2754, 0.1782|4300|0.7594, -0.7639, -0.7757, -0.9784, 0.0604, 0.2993, 0.0982, 0.2058|1162.0
22|0.8696, -0.7335, -0.5480, -1.0000, 0.0693, 0.5015, 0.0351, 0.2732|6800|0.7946, -0.7565, -0.7749, -0.9880, 0.0531, 0.3627, 0.1287, 0.2309|1581.0
23|0.5333, -0.7138, -1.0000, -1.0000, 0.0693, 0.0142, 0.0381, 0.2732|4800|0.8131, -0.7973, -0.7611, -0.9846, 0.0386, 0.3657, 0.2084, 0.2503|1381.0
24|0.8567, -1.0000, -0.5399, -1.0000, 0.0693, 0.4941, 0.0351, 0.2530|4660|0.8208, -0.8135, -0.7768, -0.9902, 0.0387, 0.3715, 0.2669, 0.2244|1346.2
25|0.8696, -0.7138, -0.9765, -1.0000, -0.0482, 0.5015, 0.8837, 0.2732|4640|0.8172, -0.8259, -0.7421, -0.9902, 0.0369, 0.3924, 0.2487, 0.2624|1291.0
26|0.5333, -0.6371, -1.0000, -1.0000, 0.0693, 0.4477, 0.0351, 0.2732|4200|0.8201, -0.8246, -0.7228, -0.9902, 0.0503, 0.3764, 0.1878, 0.2642|1445.0
27|0.8696, -1.0000, -0.5399, -1.0000, 0.0683, 0.5015, 0.6484, 0.2530|7020|0.8170, -0.8173, -0.7252, -0.9919, 0.0611, 0.4128, 0.2096, 0.2640|1488.4
28|0.8696, -1.0000, -0.9765, -1.0000, -0.0482, 0.5015, 0.7264, 0.2568|6680|0.8246, -0.8456, -0.7213, -0.9802, 0.0589, 0.4045, 0.2128, 0.2639|1251.8
29|0.8696, -1.0000, -0.9765, -1.0000, -0.0482, 0.3479, 0.0351, 0.2568|4520|0.8303, -0.8544, -0.7253, -0.9951, 0.0584, 0.4136, 0.2821, 0.2623|1420.2
30|0.8696, -1.0000, -0.5399, -1.0000, 0.0693, 0.5015, 0.6484, 0.2530|5180|0.8573, -0.8855, -0.7433, -0.9943, 0.0499, 0.4329, 0.2607, 0.2636|1477.2
31|0.8696, -1.0000, -0.9765, -1.0000, -0.0482, 0.5015, 0.7264, 0.2732|10960|0.8596, -0.9169, -0.7240, -0.9967, 0.0537, 0.4388, 0.2468, 0.2652|1544.6
32|0.8696, -1.0000, -0.5480, -1.0000, 0.0693, 0.4941, 0.0381, 0.2732|5340|0.8572, -0.9317, -0.7564, -0.9943, 0.0303, 0.4238, 0.2792, 0.2646|1567.4
