1|0.5120, 0.3454, -1.0000, -0.3228, -0.3983, -0.7273, 0.8212, -0.9627|1520|0.1865, -0.0179, -0.1860, -0.2144, -0.0540, -0.1890, -0.0515, -0.0662|208.0
2|0.7574, -0.8262, -0.6522, -0.5584, 0.4462, -1.0000, -0.2149, -0.3731|2160|0.2307, -0.0584, -0.3187, -0.4148, -0.0534, -0.3432, -0.0318, -0.1633|247.0
3|0.7574, -0.8262, -0.6522, -0.5584, 0.4462, -1.0000, 0.0040, -0.4866|2320|0.2511, -0.0967, -0.5122, -0.5997, -0.1082, -0.4522, -0.0107, -0.2448|436.0
4|-0.0402, -0.9644, -1.0000, -0.9268, -0.2059, -0.8071, 0.8332, -0.5249|3260|0.2862, -0.2091, -0.6594, -0.7190, -0.1036, -0.6075, 0.0474, -0.2029|631.4
5|0.1198, -0.3735, -0.6024, -1.0000, -0.1912, -0.4805, -0.9857, 0.9710|2460|0.3096, -0.3553, -0.6776, -0.7261, -0.0556, -0.6403, -0.0368, -0.2350|656.4
6|0.7574, -0.6807, -0.8257, -1.0000, -0.1436, 0.1724, -0.2149, -0.7283|2580|0.3488, -0.4561, -0.7198, -0.6784, -0.0705, -0.6190, -0.0397, -0.2179|752.2
7|0.7574, -0.3735, -1.0000, -0.6953, -0.5070, -1.0000, -0.3682, 0.8720|4060|0.3714, -0.5725, -0.6814, -0.7092, -0.0858, -0.6055, 0.0029, -0.1980|757.2
8|0.5873, -0.8262, -0.8257, -0.4669, -0.2059, -0.1280, 0.3980, -0.1099|6100|0.4883, -0.6500, -0.6868, -0.6858, -0.1463, -0.5914, -0.0443, -0.1745|1001.8
9|0.7574, -0.8262, -0.6522, -0.5584, -0.2059, -0.4805, 0.0040, -0.0450|5780|0.5501, -0.6639, -0.6795, -0.6614, -0.1423, -0.5767, 0.0381, -0.2383|961.8
10|0.9167, -1.0000, -0.4110, -0.6759, 0.5401, -0.5816, -0.2602, -0.0545|3840|0.6130, -0.6825, -0.6838, -0.6036, -0.1338, -0.5571, 0.0486, -0.2288|1045.4
11|0.7574, -0.8262, -0.6522, -0.3625, -0.1912, -1.0000, 0.0040, 0.1511|5080|0.6613, -0.7141, -0.6486, -0.6230, -0.0785, -0.5404, 0.0352, -0.2163|1145.6
12|0.9167, -1.0000, -0.6522, -0.9268, 0.4462, 0.0654, 0.9940, -0.1419|6200|0.7850, -0.7715, -0.6158, -0.6075, -0.1207, -0.5268, 0.0141, -0.2085|1152.0
13|0.7574, -0.8262, -0.6522, -0.3625, -0.2059, -0.1550, 0.0040, 0.1511|13760|0.7845, -0.8056, -0.5425, -0.5470, -0.1097, -0.5331, -0.0134, -0.1948|1209.0
14|0.8629, -1.0000, -0.4110, -0.5326, 0.2381, -0.0326, -0.2602, -0.0545|8560|0.8404, -0.8658, -0.5548, -0.5347, -0.1170, -0.3522, -0.0094, -0.1361|1564.4
15|0.8629, -1.0000, -0.1629, -0.5326, 0.2381, -0.0326, -0.2836, -0.1614|4880|0.8450, -0.9027, -0.5817, -0.5238, -0.1241, -0.2744, -0.0210, -0.1301|1293.6
16|0.9167, -1.0000, -0.6522, -0.5584, -0.2059, 0.4565, 0.0040, 0.1829|10980|0.8448, -0.8959, -0.5165, -0.5476, -0.0767, -0.2073, -0.0593, -0.1260|1668.8
17|0.9167, -1.0000, -0.7895, -0.5326, -0.2314, 0.4565, 0.0048, 0.1829|5100|0.8264, -0.9283, -0.4734, -0.5273, 0.0028, -0.1161, -0.0776, -0.0637|1647.2
18|0.7574, -1.0000, -0.1524, -0.4388, 0.2228, -0.1550, -0.2654, -0.1510|6640|0.8003, -0.9264, -0.5164, -0.5161, -0.0517, -0.0907, -0.0560, -0.0063|1726.0
19|1.0000, -0.9012, -0.7115, -0.4787, -0.0351, 0.3885, 0.0053, 0.2991|12040|0.8142, -0.9352, -0.5386, -0.5340, -0.0576, 0.0482, -0.0322, 0.0273|2013.6
20|0.7574, -0.8526, -0.8521, -0.4388, 0.2228, -0.0305, -0.2654, 0.1829|8920|0.8405, -0.9323, -0.4934, -0.5262, -0.0947, 0.1107, -0.0569, 0.0821|2171.0
21|0.9167, -1.0000, -0.7895, -0.6091, -0.2246, 0.3562, 0.0033, 0.1829|8180|0.8739, -0.9187, -0.5245, -0.5144, -0.1092, 0.0975, -0.0745, 0.0842|2496.8
22|0.9167, -1.0000, -0.7895, -0.6091, -0.2246, 0.3562, 0.0033, 0.1829|9580|0.8360, -0.8282, -0.5478, -0.5471, -0.1198, 0.1263, -0.0490, 0.1046|2250.8
23|0.8629, -1.0000, -0.7942, -0.4983, 0.2381, -0.0326, -0.2836, 0.1829|16580|0.8617, -0.9548, -0.4636, -0.5436, -0.1268, 0.1433, -0.0374, 0.1339|2684.8
24|0.9167, -1.0000, -0.7895, -0.5326, -0.2314, 0.3562, 0.0053, 0.1829|7740|0.8703, -0.9806, -0.4695, -0.5584, -0.1638, 0.1672, -0.0473, 0.1079|2369.0
25|0.8629, -1.0000, -0.4110, -0.5326, -0.2314, -0.1550, 0.0048, 0.1829|7060|0.8402, -0.9652, -0.4707, -0.5340, -0.1938, 0.1832, -0.0266, 0.1208|2226.8
26|0.8629, -1.0000, -0.1629, -0.5326, -0.2314, 0.4565, 0.0048, 0.1829|11600|0.8467, -0.9730, -0.4225, -0.5347, -0.1985, 0.1724, -0.0012, 0.1092|2656.0
27|0.9167, -1.0000, -0.1629, -0.4388, 0.0841, 0.3075, 0.0048, 0.1829|14220|0.8575, -0.9768, -0.3559, -0.5290, -0.2121, 0.1911, 0.0318, 0.1454|2786.8
28|0.9167, -1.0000, -0.1629, -0.4388, 0.0841, 0.3075, 0.0048, 0.1829|10100|0.8300, -0.9729, -0.3197, -0.4871, -0.2059, 0.2614, 0.0243, 0.1496|2769.4
29|0.9167, -1.0000, -0.1629, -0.4388, 0.0841, 0.3562, 0.0048, 0.1653|16600|0.8216, -0.9447, -0.3371, -0.5045, -0.1843, 0.2813, 0.0169, 0.1532|3187.2
30|0.8629, -1.0000, -0.1629, -0.5326, 0.0841, 0.3075, 0.0048, 0.1829|13220|0.8605, -0.9864, -0.2848, -0.4980, -0.1657, 0.3093, 0.0106, 0.1519|3244.0
31|0.9167, -1.0000, -0.1629, -0.4787, 0.0443, 0.3562, 0.0053, 0.1829|17180|0.8644, -0.9998, -0.2698, -0.4693, -0.1427, 0.3415, 0.0006, 0.1459|2837.6
32|0.9167, -1.0000, -0.1629, -0.4388, -0.2314, 0.3075, 0.0048, 0.1829|16280|0.8578, -1.0000, -0.2696, -0.4719, -0.1599, 0.3453, -0.0034, 0.1443|3460.8
