1|-0.5597, -0.8905, -0.5212, -1.0000, 0.4526, -0.8169, 0.2033, -0.1249|1360|0.0294, -0.0539, -0.0971, -0.1177, -0.0474, 0.0453, 0.2094, -0.0456|82.2
2|0.2148, -0.9575, -0.1323, -0.9913, -1.0000, 0.4734, 0.6896, 0.8905|980|0.1111, -0.0958, -0.2216, -0.3100, -0.0245, 0.0284, 0.2285, -0.0342|150.6
3|-0.8261, 0.0351, -1.0000, -0.9950, 0.3110, 0.0318, -0.4590, 0.0459|980|0.0637, -0.1632, -0.2974, -0.5591, -0.0119, -0.0326, 0.1511, 0.1143|177.8
4|0.2469, -0.5980, -1.0000, 0.0005, -1.0000, -0.5705, -0.0652, -0.1436|1780|0.0403, -0.2387, -0.2640, -0.5346, -0.0976, -0.1247, 0.0236, 0.1699|279.2
5|-0.1371, -1.0000, -0.9659, -0.6405, 0.0684, 0.0191, -0.5215, 0.1217|2780|0.1466, -0.3145, -0.3713, -0.5143, -0.1222, -0.1796, 0.0275, -0.1086|337.8
6|0.4255, -0.7105, -0.9141, -0.9116, -1.0000, 0.3540, -0.4875, -0.8251|4600|0.2247, -0.4617, -0.4703, -0.6063, -0.0516, -0.1770, -0.0254, -0.1759|446.4
7|-0.2521, -1.0000, -0.9659, -0.6405, -0.0342, 0.0191, 0.5752, 0.1217|3160|0.2321, -0.5341, -0.5002, -0.6451, -0.1867, -0.2849, -0.0468, -0.1484|508.0
8|-0.0402, -0.6965, -0.7029, -1.0000, -0.0342, 0.0191, 0.5752, 0.1331|2020|0.2139, -0.5559, -0.4430, -0.6637, -0.2018, -0.2881, 0.0144, -0.0818|580.4
9|-0.0828, -0.6965, -0.7029, -1.0000, 0.0289, 0.0004, 0.1128, 0.2777|4320|0.1303, -0.5780, -0.5230, -0.6863, -0.1028, -0.3118, -0.0457, -0.1750|598.2
10|-0.0828, -0.6965, -0.7029, -1.0000, 0.0289, -0.0004, 0.1128, 0.2777|4860|0.1079, -0.5649, -0.5442, -0.7978, -0.0910, -0.2952, -0.0421, -0.1370|664.0
11|0.3301, -1.0000, -0.5155, -0.0966, -0.0266, 0.0248, -0.5348, 0.0358|3820|0.2418, -0.5297, -0.5120, -0.7440, -0.1148, -0.2077, 0.0296, -0.0657|643.4
12|0.4668, -0.6965, -0.7029, -1.0000, 0.4965, -0.0004, 0.2765, 0.2777|3400|0.2030, -0.6187, -0.6519, -0.7768, -0.1116, -0.2249, -0.0116, -0.0364|741.8
13|0.6721, -1.0000, -0.7029, -0.2017, 0.0048, -0.0004, 0.1128, 0.2777|4100|0.2138, -0.6712, -0.6560, -0.7145, -0.1451, -0.1995, 0.0480, -0.0440|749.4
14|0.6721, -1.0000, -0.7029, -0.2017, 0.0048, -0.0004, 0.1128, 0.2777|4340|0.2616, -0.6846, -0.6299, -0.8426, -0.1133, -0.1006, 0.0411, -0.0242|893.6
15|0.6721, -1.0000, -0.7029, -0.2017, 0.0048, -0.0004, 0.1128, 0.2777|4980|0.3244, -0.6515, -0.6221, -0.8080, -0.1047, -0.0738, -0.1152, 0.0330|817.2
16|0.0463, -1.0000, -0.7029, -1.0000, -0.3815, 0.0164, 0.3822, 0.0686|4280|0.3605, -0.7304, -0.6510, -0.7419, -0.1604, -0.0205, -0.0289, -0.0402|803.2
17|0.7991, -0.7868, -1.0000, -0.8102, -0.0124, -0.0210, -0.7720, 0.0517|4600|0.4986, -0.7221, -0.6146, -0.7201, -0.1383, -0.0447, 0.0184, -0.0700|943.6
18|1.0000, -0.6965, -0.7029, -0.7246, -0.0288, 0.0139, 0.6176, 0.0392|4760|0.4888, -0.7117, -0.7089, -0.7539, -0.1664, -0.0749, 0.0075, -0.0129|939.0
19|0.4814, -1.0000, -0.7029, -1.0000, 0.0365, 0.0200, -0.0107, 0.7830|4320|0.5048, -0.6929, -0.6951, -0.7767, -0.1602, -0.0223, 0.0419, -0.0392|909.6
20|0.4403, -1.0000, -0.5826, -0.8289, -0.1980, 0.0003, 0.0019, 0.2777|6200|0.4783, -0.7810, -0.6769, -0.8427, -0.1581, -0.0077, 0.0821, 0.0673|1071.8
21|-0.0333, -1.0000, -0.9519, -1.0000, -0.4945, -0.0210, -0.0200, -0.5638|3620|0.5398, -0.7557, -0.7003, -0.8603, -0.1629, -0.0089, 0.0754, 0.0812|1055.0
22|0.4403, -1.0000, -0.7029, -0.3436, 0.0360, 0.0003, -0.4613, 0.1331|4920|0.4963, -0.7752, -0.7002, -0.8326, -0.1420, 0.0038, 0.0328, 0.0746|1101.2
23|0.8226, -0.6965, -1.0000, -0.1840, -0.3584, 0.0275, -0.1623, 0.0525|5780|0.5457, -0.7971, -0.7138, -0.8335, -0.1672, 0.0044, -0.0093, 0.1148|1271.2
24|0.6721, -1.0000, -0.6895, -1.0000, -0.5209, 0.0003, -0.0446, 0.1331|4720|0.5644, -0.7730, -0.6976, -0.7767, -0.1808, 0.0040, -0.0941, 0.0652|1259.0
25|0.6721, -1.0000, -0.5093, -0.1840, -0.0288, 0.0275, -0.1623, 0.0525|8620|0.6375, -0.8217, -0.7328, -0.7116, -0.1728, 0.0057, -0.0740, 0.0562|1518.4
26|0.6721, -1.0000, -0.5093, -0.1840, -0.0288, 0.0275, -0.1623, 0.0525|17040|0.6800, -0.8459, -0.6876, -0.6905, -0.1829, 0.0060, -0.0288, 0.0296|1584.2
27|0.6721, -1.0000, -0.5093, -0.1840, -0.0288, 0.0275, -0.1623, 0.0525|8320|0.6580, -0.8926, -0.7081, -0.5576, -0.1817, 0.0084, -0.0130, 0.0486|1842.6
28|0.6721, -1.0000, -0.5093, -0.1840, -0.0288, 0.0346, -0.1623, 0.0238|35300|0.6689, -0.8423, -0.6984, -0.4948, -0.1882, 0.0138, -0.0304, 0.0399|2756.6
29|0.6721, -1.0000, -0.5093, -0.1840, -0.0288, 0.0346, -0.1623, 0.0238|30400|0.7025, -0.8924, -0.7033, -0.4827, -0.1612, 0.0152, -0.0029, 0.0446|3261.2
30|0.6721, -1.0000, -0.7029, -0.1840, -0.0288, -0.0399, -0.1623, 0.0238|39220|0.7220, -0.9174, -0.6761, -0.4486, -0.1320, 0.0120, 0.0053, 0.0245|4136.2
31|0.6721, -1.0000, -0.6895, -0.1840, -0.0288, 0.0405, -0.1623, 0.1331|20160|0.7229, -0.8925, -0.6458, -0.3406, -0.1259, 0.0090, -0.0328, 0.0725|3574.4
32|0.6721, -1.0000, -0.5093, -0.1840, -0.0288, -0.0200, -0.1623, 0.0056|33340|0.6768, -0.9211, -0.6405, -0.2927, -0.0835, 0.0105, -0.0807, 0.0807|4931.2
