1|0.0875, -0.5432, -0.8264, -0.7229, -0.9855, -0.7631, 0.7896, 1.0000|1760|0.0499, -0.0746, -0.1238, -0.2259, -0.0408, -0.1730, 0.1271, -0.0770|178.8
2|1.0000, -0.6789, -0.2908, -0.5471, 0.0365, -0.3146, 0.9763, -0.2750|2140|0.1505, -0.1328, -0.1754, -0.2796, -0.1841, -0.2217, 0.3427, 0.0260|249.4
3|0.3692, -0.5432, -1.0000, -0.8589, 0.6263, -0.0837, 0.9545, 1.0000|2780|0.2851, -0.3110, -0.2887, -0.3559, -0.2729, -0.3323, 0.3335, -0.0065|438.8
4|0.5057, -0.2600, -0.7185, -0.6285, 0.0365, 0.1502, 0.6865, 0.2414|4700|0.3709, -0.4444, -0.3791, -0.5870, -0.3410, -0.3774, 0.2393, 0.0593|505.4
5|0.8442, -0.9065, -0.5545, -0.8960, -0.1998, 0.6021, 0.1285, 1.0000|3360|0.4354, -0.4932, -0.4792, -0.6837, -0.3308, -0.1787, 0.1786, 0.0895|652.6
6|1.0000, -0.6789, -0.2908, -0.5471, 0.0365, -0.2305, 1.0000, -0.1930|2140|0.5048, -0.5308, -0.5500, -0.7016, -0.3074, -0.2674, 0.1444, 0.0130|629.2
7|0.5969, -0.9220, -0.2908, -0.5471, 0.0365, 0.1162, 0.3723, -0.1930|3820|0.5325, -0.6402, -0.4939, -0.7358, -0.3408, -0.2919, 0.0592, -0.0295|909.2
8|0.6474, -1.0000, -0.3153, -0.5934, 0.0396, 0.1261, 0.3829, -0.2093|6380|0.5732, -0.6936, -0.4792, -0.6653, -0.3524, -0.2314, 0.1038, 0.0227|1186.0
9|1.0000, -0.9220, -0.0123, -0.0908, 0.0396, -0.2046, 0.0555, -0.3217|11820|0.6547, -0.7448, -0.4310, -0.5975, -0.3129, -0.1623, 0.1367, -0.1503|1488.2
10|1.0000, -0.9220, -0.2917, -0.3102, -0.0138, 0.1162, 0.0555, -0.1930|9500|0.6935, -0.6295, -0.4171, -0.4086, -0.1516, -0.0825, 0.1916, -0.1513|1688.0
11|1.0000, -0.9220, -0.0123, -0.0908, 0.0396, -0.2046, 0.0555, -0.3217|17560|0.7345, -0.7881, -0.3497, -0.4475, -0.1119, 0.0050, 0.1543, -0.1176|2439.6
12|1.0000, -0.9220, -0.2917, -0.3102, -0.0138, 0.1162, 0.0555, -0.1930|28640|0.7151, -0.8527, -0.3164, -0.4391, -0.0307, 0.0736, 0.1585, -0.1559|3248.0
13|1.0000, -1.0000, -0.2432, -0.3102, 0.0349, 0.1162, 0.0430, 0.1605|56280|0.6352, -0.8897, -0.2552, -0.3563, -0.0071, 0.0969, 0.1291, -0.1576|3740.6
14|1.0000, -1.0000, -0.1118, -0.0704, 0.0349, -0.1210, 0.0430, -0.1058|32020|0.6773, -0.8940, -0.2388, -0.3413, 0.0117, 0.0618, 0.1149, -0.1485|3375.8
15|1.0000, -0.8875, -0.1118, -0.2986, -0.0138, 0.1119, 0.0534, -0.1858|22120|0.7669, -0.8774, -0.2500, -0.3307, 0.0058, 0.0651, 0.0940, -0.1348|3787.0
16|0.7022, -1.0000, -0.3164, -0.3364, -0.0150, 0.1261, 0.0602, -0.0398|23620|0.8178, -0.9196, -0.2397, -0.3264, -0.0009, 0.0647, 0.0541, -0.1302|4612.0
17|0.6474, -1.0000, -0.2808, -0.2986, -0.0133, 0.1261, 0.0430, 0.1605|68080|0.8566, -0.9122, -0.2237, -0.2416, -0.0009, 0.0773, 0.0492, -0.1052|5590.2
18|0.7022, -1.0000, -0.0854, -0.3364, -0.0133, 0.1261, 0.0430, 0.1605|20760|0.8701, -0.9205, -0.2219, -0.2702, 0.0034, 0.0884, 0.0529, -0.0742|5780.6
19|0.7022, -1.0000, -0.0854, -0.3364, -0.0133, 0.1261, 0.0430, 0.1605|31960|0.7873, -0.9005, -0.2181, -0.2697, -0.0002, 0.0886, 0.0448, -0.0890|6035.4
20|1.0000, -1.0000, -0.0999, -0.2347, -0.0104, 0.1261, 0.0430, 0.1605|68660|0.7999, -0.9550, -0.1678, -0.2820, -0.0004, 0.0869, 0.0465, -0.0698|6535.4
21|1.0000, -1.0000, -0.0999, -0.2347, -0.0104, 0.1261, 0.0430, 0.1605|118520|0.8144, -0.9172, -0.2163, -0.2874, -0.0006, 0.0944, 0.0486, -0.0625|10821.6
22|1.0000, -1.0000, -0.0999, -0.2347, -0.0104, 0.1629, 0.0430, 0.1605|134360|0.8746, -0.9396, -0.2028, -0.2763, 0.0000, 0.1050, 0.0492, -0.0017|11864.0
23|1.0000, -1.0000, -0.0999, -0.2347, -0.0133, 0.1261, 0.0430, 0.1605|66500|0.9126, -0.9472, -0.1771, -0.2678, -0.0017, 0.1153, 0.0453, 0.0411|12549.6
24|1.0000, -1.0000, -0.0801, -0.1881, 0.0082, 0.1305, 0.0345, 0.1286|137840|0.9089, -0.9641, -0.1716, -0.2747, -0.0029, 0.1228, 0.0458, 0.0672|18429.2
25|1.0000, -1.0000, -0.0801, -0.2347, 0.0283, 0.1305, 0.0534, 0.1605|162500|0.9243, -0.9790, -0.1586, -0.2581, -0.0009, 0.1263, 0.0409, 0.0893|17749.4
26|0.7022, -1.0000, -0.0801, -0.1881, -0.0133, 0.1261, 0.0345, 0.1286|216920|0.8874, -0.9646, -0.1358, -0.2581, 0.0017, 0.1230, 0.0390, 0.0744|26917.0
27|0.7022, -1.0000, -0.0801, -0.1881, -0.0133, 0.1261, 0.0345, 0.1286|214220|0.8474, -0.9841, -0.1189, -0.2484, 0.0052, 0.1235, 0.0376, 0.0854|27622.0
28|0.7022, -1.0000, -0.0801, -0.2347, 0.0258, 0.1119, 0.0345, 0.1605|233420|0.8334, -0.9909, -0.1020, -0.2418, 0.0012, 0.1230, 0.0392, 0.1199|38140.2
29|1.0000, -1.0000, -0.0801, -0.2347, 0.0283, 0.1261, 0.0602, 0.1286|202880|0.8370, -0.9938, -0.0892, -0.2407, 0.0057, 0.1197, 0.0432, 0.1324|38844.6
30|0.7022, -1.0000, -0.0801, -0.2347, 0.0258, 0.1162, 0.0555, 0.1605|301180|0.8339, -0.9909, -0.0841, -0.2362, 0.0082, 0.1209, 0.0443, 0.1242|41401.4
31|0.7022, -1.0000, -0.0801, -0.2347, 0.0258, 0.1119, 0.0555, 0.1605|316080|0.8113, -0.9970, -0.0817, -0.2414, 0.0114, 0.1187, 0.0449, 0.1209|40247.6
32|0.7022, -1.0000, -0.0854, -0.2347, 0.0079, 0.1261, 0.0430, 0.1286|297440|0.7672, -1.0000, -0.0749, -0.2359, 0.0106, 0.1135, 0.0461, 0.1196|55375.8
