1|-0.2262, -1.0000, -0.9046, -0.7059, -0.9821, 0.0598, 0.1651, -0.2512|1620|0.0477, 0.0930, -0.0458, 0.0365, -0.1622, -0.1218, 0.1250, -0.0584|114.4
2|0.6432, -0.0665, -0.7311, -0.7540, 0.1756, 0.2742, 1.0000, -0.5154|1060|0.1247, 0.0215, -0.3210, -0.1781, -0.1836, -0.1401, 0.2414, -0.1930|142.2
3|0.7895, -0.9281, -0.6970, -0.5181, -0.5376, -0.5036, -0.3924, 0.1451|2300|0.2943, -0.0620, -0.4542, -0.3343, -0.3001, -0.1922, 0.3551, -0.3298|306.6
4|0.7895, -0.9281, -0.6970, -0.5181, -0.5376, -0.5036, -0.3924, 0.1451|2060|0.3500, -0.2105, -0.5879, -0.4510, -0.3003, -0.3085, 0.3330, -0.4173|382.4
5|0.7895, -0.9281, -0.6970, -0.5181, -0.5376, -0.5036, -0.3924, 0.1451|3980|0.3271, -0.3605, -0.7138, -0.4458, -0.4627, -0.3144, 0.3182, -0.4459|560.8
6|0.7895, -0.9281, -0.6970, -0.5181, -0.5376, -0.5036, -0.3924, 0.1451|6800|0.3228, -0.4665, -0.7236, -0.4408, -0.5644, -0.3583, 0.2682, -0.3300|623.2
7|1.0000, -0.9281, -0.6970, -0.5181, -0.5376, -0.5036, -0.3924, 0.1451|5280|0.3390, -0.7009, -0.6884, -0.3428, -0.6199, -0.4308, 0.2801, -0.2740|786.4
8|0.7624, -1.0000, -0.0451, -0.0060, -0.5793, -0.5425, -0.4308, 0.1451|7420|0.4534, -0.8048, -0.7414, -0.3137, -0.5716, -0.2869, 0.0824, -0.0879|761.4
9|0.7624, -1.0000, -0.0451, -0.0060, -0.5793, -0.5425, -0.4308, 0.1451|3140|0.4184, -0.8602, -0.6367, -0.3992, -0.5267, -0.3428, 0.1214, -0.1078|838.4
10|0.7624, -1.0000, -0.0451, -0.0060, -0.5793, -0.5425, -0.4308, 0.1451|5820|0.4989, -0.9266, -0.6017, -0.4124, -0.5646, -0.3900, 0.0729, -0.0298|1188.2
11|0.6300, -0.9281, -1.0000, -0.0044, -0.2621, -0.5036, -0.3131, 0.1158|7760|0.5712, -0.9310, -0.6139, -0.4214, -0.5420, -0.4123, -0.1120, 0.0113|1450.2
12|0.0829, -1.0000, -0.8110, -0.5181, -0.5793, -0.1506, -0.4308, 0.1451|4980|0.6148, -0.7591, -0.6085, -0.4449, -0.5405, -0.4701, -0.2014, 0.0829|1248.4
13|0.0829, -1.0000, -0.8110, -0.5181, -0.5793, -0.1506, -0.4308, 0.1451|5860|0.6044, -0.9198, -0.6512, -0.4761, -0.6089, -0.4713, -0.1763, 0.0509|1461.8
14|1.0000, -0.9382, -0.6970, -0.7075, -0.0119, -0.1002, 0.5942, 0.1451|6360|0.5998, -0.9455, -0.6691, -0.4761, -0.5560, -0.4488, -0.1961, 0.0585|1415.2
15|0.7624, -1.0000, -1.0000, -0.5181, -0.9157, -0.5036, -0.3924, 0.1451|6400|0.5672, -0.9225, -0.6892, -0.4878, -0.5529, -0.4360, -0.1531, 0.0673|1467.6
16|0.5809, -1.0000, -0.6970, -0.5181, -0.6266, -0.5438, -0.5569, 0.1451|6360|0.6342, -0.8911, -0.6825, -0.5285, -0.5598, -0.4328, -0.1699, 0.0791|1340.6
17|1.0000, -0.9382, -0.6970, -0.7075, -0.0119, -0.1002, 0.5942, 0.1451|4200|0.6856, -0.8029, -0.6753, -0.5580, -0.5953, -0.4534, -0.1924, 0.0723|1234.4
18|0.6996, -1.0000, -1.0000, -0.8214, -0.6596, 0.0507, -0.4011, 0.1733|4900|0.6562, -0.8675, -0.6630, -0.5590, -0.5863, -0.4261, -0.0978, 0.0649|1294.4
19|0.6844, -0.9281, -0.4683, -0.5582, -0.5793, -0.1002, 0.3496, 0.1733|4740|0.6738, -0.8881, -0.6635, -0.5676, -0.5946, -0.4328, -0.0293, 0.0605|1530.2
20|1.0000, -0.9382, -0.6970, -0.7075, -0.0119, -0.1002, -0.4308, 0.1451|5340|0.6180, -0.9053, -0.6633, -0.5540, -0.5926, -0.3737, 0.0495, 0.0695|1364.4
21|1.0000, -0.9382, -0.6970, -0.7075, -0.0119, -0.1002, 0.5942, 0.1451|4040|0.6675, -0.9176, -0.6726, -0.5869, -0.5741, -0.3276, 0.1542, 0.0774|1383.6
22|0.6844, -0.9281, -0.4683, -0.5582, -0.5793, -0.1002, 0.3496, 0.1733|6660|0.6660, -0.8816, -0.6537, -0.5752, -0.5538, -0.3220, 0.0595, 0.0852|1478.2
23|1.0000, -0.9450, -0.4683, -0.5582, -0.9157, -0.1002, 0.5942, 0.1733|4620|0.7078, -0.8468, -0.6431, -0.5786, -0.5578, -0.3570, -0.0914, 0.0943|1447.6
24|0.6844, -0.9382, -0.4683, -0.7075, -0.0119, -0.1002, 0.3496, 0.1451|5760|0.7501, -0.9282, -0.6610, -0.5195, -0.5577, -0.3696, -0.1656, 0.0792|1416.6
25|0.7374, -1.0000, -0.4683, -0.5181, -0.6596, -0.1749, -0.4555, -0.2317|6020|0.7466, -0.9708, -0.6654, -0.6043, -0.4976, -0.3335, -0.1147, 0.0799|1630.8
26|0.7349, -1.0000, -0.7612, -0.5181, -0.0119, -0.5036, -0.2841, -0.2317|6140|0.7604, -0.9789, -0.6341, -0.5981, -0.4417, -0.2942, -0.1578, 0.0894|1810.4
27|0.6996, -0.9382, -0.6970, -0.5181, -0.0119, -0.1002, -0.5569, 0.1451|8220|0.7463, -0.9595, -0.6392, -0.6067, -0.4526, -0.3050, -0.2093, 0.0786|1678.0
28|0.7624, -1.0000, -0.4683, -0.5181, -0.0119, 0.0507, 0.3496, 0.1451|6140|0.7406, -0.9744, -0.6370, -0.6007, -0.3930, -0.2608, -0.1726, 0.1062|1842.0
29|0.7624, -1.0000, -0.4683, -0.5181, -0.0119, 0.0507, 0.3496, 0.1451|7380|0.7660, -0.9639, -0.6120, -0.5956, -0.3486, -0.2018, -0.1499, 0.1292|1951.2
30|0.7624, -1.0000, -0.4683, -0.5181, -0.0119, 0.0507, 0.3496, 0.1451|12680|0.7826, -0.9665, -0.6008, -0.5839, -0.2884, -0.1501, -0.1203, 0.1372|2151.6
31|0.7624, -1.0000, -0.4683, -0.5181, -0.0119, 0.0507, 0.3496, 0.1451|9900|0.8137, -0.9660, -0.5835, -0.5851, -0.2548, -0.1345, -0.0756, 0.1456|2064.0
32|0.7624, -1.0000, -0.4683, -0.5181, -0.0119, 0.0507, 0.3496, 0.1451|8240|0.8291, -0.9761, -0.5897, -0.5703, -0.1973, -0.1181, -0.0441, 0.1462|2065.0
