1|-0.9216, -1.0000, -0.9354, -0.6292, 0.2325, -0.8821, -0.9758, 0.7800|1320|0.0642, 0.0599, -0.1257, -0.2902, -0.1046, 0.0705, -0.2012, 0.0683|99.0
2|0.6697, -0.9667, -0.5609, -0.5162, -0.8532, -0.2489, 0.3890, 0.9688|2320|0.0999, -0.1545, -0.3884, -0.4577, -0.1369, 0.0111, -0.2740, 0.2658|229.2
3|0.6742, -0.9978, -0.5789, -0.5329, -0.8807, -0.2570, -0.2724, 1.0000|3360|0.0807, -0.1363, -0.5118, -0.4932, -0.2557, -0.0550, -0.2725, 0.3167|292.8
4|-0.2418, -1.0000, -0.6141, -0.7600, -0.2735, 0.2192, -0.0151, -0.7111|2300|0.2384, -0.2385, -0.4921, -0.5887, -0.2742, -0.2597, -0.2417, 0.2640|344.4
5|0.6877, -0.1535, -1.0000, -1.0000, -0.1794, -0.1512, 0.0793, 0.6821|3720|0.3156, -0.3069, -0.5687, -0.5529, -0.3378, -0.2812, -0.2071, 0.1612|443.2
6|0.3318, -0.9672, -0.6141, -0.7600, 0.3077, -0.5270, -0.1224, -0.1227|3280|0.2946, -0.4212, -0.5574, -0.6086, -0.3820, -0.3559, -0.1783, 0.1087|505.2
7|0.4338, -0.2803, -0.5789, -0.7600, 0.2486, -0.2570, 0.3225, 1.0000|2940|0.3102, -0.5815, -0.5821, -0.5532, -0.4613, -0.3429, -0.0906, 0.1392|542.6
8|0.8500, -1.0000, -0.6141, -0.9454, 0.3077, -0.1072, -0.1224, 0.3186|5480|0.3962, -0.7302, -0.6202, -0.6775, -0.3497, -0.3652, -0.0542, 0.2379|826.2
9|0.6975, -1.0000, -0.8729, -0.3767, -0.4953, -0.2658, -0.2894, -0.5766|4620|0.4622, -0.8050, -0.6929, -0.6529, -0.4077, -0.4036, 0.0065, 0.2359|948.4
10|0.6757, -1.0000, -0.7660, -0.5797, -0.8826, -0.2575, 0.1278, -0.0368|5340|0.5256, -0.8721, -0.6489, -0.6769, -0.4336, -0.3548, -0.0239, 0.2068|1225.0
11|0.3430, -1.0000, -0.8438, -0.7426, -0.6059, -0.5449, -0.2797, 0.4448|4740|0.6108, -0.7849, -0.5492, -0.7027, -0.4713, -0.3493, -0.0746, 0.2752|1146.8
12|-0.2418, -0.9978, -0.7660, -0.5797, -0.2367, -0.4043, 0.1278, -0.0368|6820|0.4668, -0.7484, -0.6176, -0.7443, -0.4659, -0.2732, -0.1101, 0.2978|912.6
13|0.3430, -1.0000, -0.8438, -0.7426, -0.6059, -0.5449, -0.2797, 0.4448|3860|0.4916, -0.8139, -0.6897, -0.7298, -0.4402, -0.1694, -0.1508, 0.3694|1155.8
14|0.8842, -1.0000, -0.3771, -0.6428, 0.0689, -0.5461, 0.3232, 0.4458|3780|0.5575, -0.8553, -0.7077, -0.7309, -0.4481, -0.0990, -0.1821, 0.4043|1072.6
15|0.6757, -1.0000, -0.7660, -0.7622, -0.8826, -0.3659, -0.1750, -0.0967|4260|0.5251, -0.9324, -0.6697, -0.7241, -0.4051, -0.1770, -0.1151, 0.3112|1411.6
16|0.6757, -0.9978, -0.7660, -0.4914, -0.2372, -0.3186, -0.2797, 0.3262|7660|0.4787, -0.7569, -0.6385, -0.7227, -0.3844, -0.2113, -0.0816, 0.2688|1305.6
17|0.6757, -1.0000, -0.5159, -0.2499, -0.8826, -0.2575, 0.0213, -0.0368|5280|0.5706, -0.8764, -0.6473, -0.7259, -0.4009, -0.2212, -0.0449, 0.2080|1465.0
18|0.6757, -1.0000, -0.5159, -0.2499, -0.8826, -0.2575, 0.0227, -0.0368|7320|0.5784, -0.8725, -0.6620, -0.6757, -0.4217, -0.2255, -0.0340, 0.1670|1397.0
19|0.6757, -1.0000, -0.8438, -0.2499, -0.2251, 0.0403, 0.1278, -0.0368|5000|0.5363, -0.9290, -0.6850, -0.6302, -0.4406, -0.1977, -0.0307, 0.1229|1315.8
20|0.6757, -1.0000, -0.5159, -0.2499, -0.0548, -0.3205, -0.1265, -0.7692|6720|0.5781, -0.9436, -0.6559, -0.6084, -0.4832, -0.1673, -0.0311, 0.1149|1574.2
21|0.6757, -1.0000, -0.5159, -0.2499, -0.8826, -0.2575, 0.0227, -0.0368|6060|0.6040, -0.9430, -0.6367, -0.5629, -0.4660, -0.1562, -0.0076, 0.1398|1547.6
22|0.6757, -1.0000, -0.3144, -0.2499, -0.8826, -0.2252, 0.0213, -0.0368|10260|0.6366, -0.9902, -0.6063, -0.5628, -0.3916, -0.1640, -0.0009, 0.1343|2062.6
23|0.6757, -1.0000, -0.8438, -0.2499, -0.2251, 0.0403, -0.1265, 0.0450|13240|0.5640, -0.9981, -0.6040, -0.5476, -0.4329, -0.1302, 0.0216, 0.1492|2038.6
24|0.6757, -1.0000, -0.0975, -0.2499, 0.0689, -0.2575, 0.1278, -0.0368|10860|0.5917, -0.9963, -0.5652, -0.4994, -0.4773, -0.1379, 0.0152, 0.1044|2358.4
25|0.6757, -1.0000, -0.8438, -0.2499, -0.2251, -0.0191, -0.1265, -0.0368|12740|0.6586, -0.9908, -0.5323, -0.4180, -0.4128, -0.1294, 0.0446, 0.0169|2552.6
26|0.6757, -1.0000, -0.4794, -0.2499, -0.0548, -0.0191, -0.1265, -0.0368|13080|0.6001, -0.9580, -0.5212, -0.3556, -0.2974, -0.1117, 0.0583, 0.0247|2994.4
27|0.6757, -1.0000, -0.3144, -0.2499, 0.0505, -0.2575, 0.1278, -0.0368|15360|0.6505, -0.9769, -0.4333, -0.3175, -0.2321, -0.0916, 0.0407, -0.0170|3760.2
28|0.6757, -1.0000, -0.3144, -0.2499, -0.2251, 0.0403, 0.0213, -0.0368|24360|0.6763, -0.9592, -0.3676, -0.2892, -0.1816, -0.0764, 0.0644, -0.0201|4757.2
29|0.6757, -1.0000, -0.4794, -0.2499, 0.0689, -0.0191, 0.1278, -0.0368|25560|0.5922, -0.9996, -0.3193, -0.2540, -0.1485, -0.0631, 0.0671, -0.0169|5257.4
30|0.6757, -1.0000, -0.3144, -0.2499, -0.2251, 0.0403, 0.0227, -0.0368|31000|0.6949, -0.9279, -0.3377, -0.2595, -0.1508, -0.0567, 0.0863, -0.0218|5379.8
31|0.8669, -1.0000, -0.0975, -0.2499, -0.2251, 0.0403, 0.1278, -0.0368|28920|0.6873, -0.9773, -0.3042, -0.2534, -0.1699, -0.0649, 0.0918, -0.0273|5347.4
32|0.6757, -1.0000, -0.3144, -0.2499, 0.0689, -0.0191, 0.1278, -0.0368|41400|0.6817, -0.9980, -0.2841, -0.2499, -0.1452, -0.0657, 0.0808, -0.0321|5805.0
