1|0.9708, -1.0000, -0.4250, -0.5708, -0.9014, -0.0468, -0.3196, 0.5563|2060|0.0098, 0.1013, 0.0178, -0.2103, -0.2247, -0.1811, -0.2537, 0.0398|141.4
2|0.9708, -1.0000, -0.4250, -0.5708, -0.9014, -0.0468, -0.3196, 0.5563|2740|0.0320, 0.0563, -0.0243, -0.3256, -0.2271, -0.4235, -0.3383, 0.1416|237.0
3|0.9708, -1.0000, -0.4250, -0.6045, -0.2226, -0.0468, -0.3196, 0.5563|4700|0.2141, -0.1030, -0.2969, -0.5028, -0.3278, -0.5196, -0.4099, 0.1889|461.2
4|0.9708, -1.0000, -0.4250, -0.6045, -0.2226, -0.0468, -0.3196, 0.5563|6500|0.2955, -0.2441, -0.5013, -0.5917, -0.4330, -0.4013, -0.4285, 0.2443|683.0
5|0.4060, -1.0000, -1.0000, -0.5508, -0.9014, -0.0468, -0.3196, 0.0791|3140|0.0796, -0.5077, -0.5314, -0.6144, -0.4510, -0.3590, -0.3521, 0.3172|574.2
6|0.4996, -1.0000, -0.4250, -0.6045, -0.9014, -0.1492, -0.3196, 0.5113|3760|0.2118, -0.6740, -0.6018, -0.5923, -0.5392, -0.3878, -0.3490, 0.2581|907.8
7|0.3129, -1.0000, -0.7457, -0.8580, 0.2918, -0.0315, 0.9895, 0.1348|4700|0.3552, -0.7640, -0.6242, -0.5918, -0.5336, -0.3620, -0.2741, 0.2353|1091.2
8|0.9183, -1.0000, -0.4250, -0.4139, -0.2226, -0.1492, -0.0664, 0.1980|9640|0.5154, -0.8116, -0.6261, -0.6080, -0.5529, -0.3207, -0.3088, 0.2206|1319.8
9|0.4996, -1.0000, -0.4250, -0.4139, -0.2226, -0.1492, -0.3196, 0.1980|9360|0.5268, -0.9057, -0.6295, -0.4491, -0.5337, -0.2233, -0.2018, 0.2198|1239.2
10|0.9183, -1.0000, -0.4250, -0.4139, -0.2226, -0.1492, -0.0664, 0.1980|17200|0.6085, -0.9453, -0.5329, -0.5482, -0.4677, -0.2031, -0.2106, 0.2037|1697.2
11|0.9183, -1.0000, -0.4250, -0.4139, -0.2226, -0.1492, -0.0664, 0.1980|8600|0.6562, -0.9141, -0.5615, -0.5227, -0.4843, -0.2402, -0.2464, 0.1536|2089.6
12|0.9183, -1.0000, -0.4250, -0.4139, -0.2226, -0.1492, -0.0664, 0.1980|9300|0.6766, -0.9153, -0.5783, -0.5113, -0.4099, -0.1769, -0.2074, 0.1333|2066.0
13|0.4060, -1.0000, -0.4250, -0.5508, -0.2226, -0.0468, 0.0363, 0.5113|14120|0.6600, -0.9546, -0.5650, -0.4834, -0.3317, -0.1692, -0.1835, 0.1716|2584.6
14|0.2781, -1.0000, -0.4250, -0.4139, -0.2226, -0.1492, 0.0363, 0.1980|11020|0.6308, -0.9502, -0.5174, -0.4761, -0.3566, -0.1476, -0.1632, 0.1949|2489.6
15|0.9183, -1.0000, -0.4250, -0.4139, -0.2226, -0.0737, -0.0664, 0.1980|8460|0.7175, -0.9701, -0.4972, -0.4599, -0.3390, -0.1291, -0.1403, 0.2073|2261.6
16|0.9454, -1.0000, -0.7457, -0.5155, 0.2612, -0.0468, -0.0816, 0.1980|12820|0.7548, -0.9666, -0.4713, -0.4692, -0.2865, -0.1047, -0.1223, 0.2062|2807.2
17|0.9183, -1.0000, -0.4250, -0.4139, -0.2226, -0.0000, -0.0664, 0.1980|10980|0.7752, -0.9334, -0.4567, -0.4768, -0.2902, -0.0971, -0.0979, 0.2314|2818.4
18|0.7157, -1.0000, -0.2932, -0.6045, 0.2612, 0.0000, -0.0816, 0.1980|11320|0.8190, -0.9395, -0.4382, -0.4655, -0.2682, -0.0751, -0.1107, 0.2399|2857.4
19|0.9183, -1.0000, -0.4250, -0.4139, -0.2226, -0.1492, 0.0363, 0.1980|13300|0.8062, -0.9672, -0.4463, -0.4915, -0.2431, -0.0826, -0.1251, 0.2402|2827.4
20|0.9183, -1.0000, -0.4250, -0.4139, -0.2226, -0.0000, -0.0547, 0.1980|10600|0.8312, -0.9488, -0.4108, -0.4765, -0.2378, -0.0802, -0.1195, 0.2171|2713.6
21|0.9454, -1.0000, -0.5497, -0.4139, -0.2226, -0.1492, -0.0664, 0.1980|21000|0.8178, -0.9832, -0.3994, -0.4865, -0.2521, -0.0763, -0.1141, 0.1981|3035.2
22|0.9183, -1.0000, -0.4250, -0.4139, -0.2226, -0.0000, -0.0547, 0.1980|16280|0.8671, -0.9859, -0.3928, -0.4698, -0.2475, -0.0647, -0.0892, 0.1982|3722.0
23|0.9454, -1.0000, -0.5497, -0.4139, -0.2226, -0.1492, -0.0664, 0.1980|16320|0.8739, -0.9657, -0.4092, -0.4730, -0.2324, -0.0656, -0.0608, 0.2243|3275.6
24|0.9454, -1.0000, -0.5497, -0.4139, -0.2226, -0.1492, -0.0664, 0.1980|16100|0.8759, -0.9906, -0.4186, -0.4713, -0.1883, -0.0563, -0.0569, 0.2238|3782.2
25|0.9183, -1.0000, -0.4250, -0.4139, -0.2226, 0.0000, -0.0816, 0.1296|21900|0.8994, -0.9933, -0.4175, -0.4517, -0.1943, -0.0662, -0.0459, 0.2237|3241.0
26|0.9454, -1.0000, -0.4250, -0.4139, -0.2226, -0.1492, -0.0664, 0.1980|22920|0.8919, -1.0000, -0.4111, -0.4581, -0.2160, -0.0685, -0.0415, 0.2211|3467.8
27|0.9183, -1.0000, -0.4250, -0.4139, -0.2226, -0.0468, -0.0816, 0.1980|18680|0.9260, -1.0000, -0.4162, -0.4537, -0.2024, -0.0744, -0.0368, 0.2055|3974.4
28|0.9454, -1.0000, -0.4250, -0.4139, -0.2226, -0.1492, 0.0363, 0.3112|16920|0.9305, -0.9800, -0.4197, -0.4408, -0.1992, -0.0824, -0.0362, 0.2106|3670.8
29|0.9454, -1.0000, -0.4496, -0.4139, -0.2226, -0.1492, -0.0816, 0.1980|22940|0.9294, -1.0000, -0.4277, -0.4332, -0.2073, -0.0841, -0.0391, 0.2100|4358.8
30|0.9183, -1.0000, -0.4250, -0.4139, -0.1015, 0.0000, -0.0816, -0.0271|19360|0.9335, -1.0000, -0.4349, -0.4226, -0.2126, -0.0888, -0.0470, 0.2123|3679.2
31|0.9183, -1.0000, -0.4250, -0.4139, -0.1015, 0.0000, -0.0816, -0.0271|25600|0.9335, -1.0000, -0.4451, -0.4213, -0.2135, -0.0918, -0.0515, 0.2074|3788.8
32|0.9183, -1.0000, -0.4250, -0.4139, -0.1015, 0.0000, -0.0816, -0.0271|25800|0.9338, -1.0000, -0.4379, -0.4180, -0.1905, -0.0882, -0.0440, 0.2183|4095.2
