0|1.3405, -0.4990, 0.8149, -1.2427, 0.1528, 0.0624, -0.5073, -1.1837|40
1|1.3466, -0.5130, 0.8169, -1.2454, 0.1585, 0.0568, -0.5002, -1.1822|0
2|1.3455, -0.5131, 0.8212, -1.2543, 0.1553, 0.0510, -0.5037, -1.1883|40
3|1.3424, -0.5098, 0.8243, -1.2604, 0.1545, 0.0632, -0.5017, -1.1893|0
4|1.3456, -0.5111, 0.8177, -1.2642, 0.1496, 0.0618, -0.5015, -1.1895|0
5|1.3483, -0.5161, 0.8173, -1.2592, 0.1462, 0.0632, -0.4924, -1.1975|0
6|1.3495, -0.5177, 0.8142, -1.2572, 0.1431, 0.0672, -0.4872, -1.1948|0
7|1.3477, -0.5194, 0.8128, -1.2636, 0.1549, 0.0704, -0.4956, -1.1929|0
8|1.3513, -0.5231, 0.8112, -1.2662, 0.1487, 0.0753, -0.5000, -1.1876|0
9|1.3555, -0.5193, 0.8180, -1.2679, 0.1426, 0.0746, -0.5047, -1.1917|0
10|1.3539, -0.5167, 0.8115, -1.2702, 0.1480, 0.0742, -0.5033, -1.2017|0
11|1.3476, -0.5138, 0.8077, -1.2694, 0.1494, 0.0797, -0.5152, -1.2045|0
12|1.3478, -0.5169, 0.7996, -1.2700, 0.1587, 0.0790, -0.5217, -1.2084|0
13|1.3482, -0.5241, 0.7879, -1.2682, 0.1578, 0.0822, -0.5220, -1.2001|0
14|1.3557, -0.5282, 0.7878, -1.2701, 0.1526, 0.0883, -0.5261, -1.1924|0
15|1.3665, -0.5257, 0.7859, -1.2701, 0.1486, 0.0867, -0.5219, -1.1977|0
16|1.3611, -0.5250, 0.7709, -1.2714, 0.1519, 0.0854, -0.5284, -1.1978|0
17|1.3639, -0.5239, 0.7603, -1.2751, 0.1592, 0.0899, -0.5378, -1.2050|0
18|1.3780, -0.5295, 0.7581, -1.2720, 0.1526, 0.0861, -0.5370, -1.2025|0
19|1.3792, -0.5338, 0.7478, -1.2699, 0.1527, 0.0833, -0.5408, -1.2082|40
20|1.3801, -0.5394, 0.7431, -1.2725, 0.1516, 0.0833, -0.5343, -1.2100|40
21|1.3854, -0.5327, 0.7233, -1.2827, 0.1487, 0.0817, -0.5294, -1.2054|0
22|1.3830, -0.5276, 0.7126, -1.2895, 0.1449, 0.0727, -0.5195, -1.2027|0
23|1.3819, -0.5326, 0.6961, -1.2858, 0.1475, 0.0661, -0.5179, -1.1986|0
24|1.3797, -0.5305, 0.6943, -1.2921, 0.1439, 0.0648, -0.5263, -1.1928|120
25|1.3711, -0.5343, 0.6967, -1.2942, 0.1478, 0.0662, -0.5258, -1.1982|0
26|1.3678, -0.5385, 0.6927, -1.2989, 0.1458, 0.0576, -0.5269, -1.1914|40
27|1.3628, -0.5407, 0.6864, -1.2895, 0.1521, 0.0559, -0.5177, -1.2031|40
28|1.3629, -0.5412, 0.6739, -1.2805, 0.1533, 0.0564, -0.5216, -1.2065|40
29|1.3586, -0.5464, 0.6662, -1.2765, 0.1495, 0.0576, -0.5250, -1.2151|0
30|1.3638, -0.5446, 0.6554, -1.2713, 0.1460, 0.0528, -0.5252, -1.2204|40
31|1.3640, -0.5548, 0.6517, -1.2771, 0.1442, 0.0586, -0.5234, -1.2243|0
