0|0.8550, -1.0713, 0.5639, 0.8347, -1.3452, 0.3338, 1.4590, 0.0435|0
1|0.8723, -1.0820, 0.5383, 0.8405, -1.3502, 0.3230, 1.4627, 0.0494|0
2|0.8885, -1.0839, 0.5223, 0.8465, -1.3509, 0.3202, 1.4497, 0.0463|0
3|0.8783, -1.0957, 0.5310, 0.8545, -1.3404, 0.3214, 1.4442, 0.0430|0
4|0.8787, -1.1038, 0.5293, 0.8621, -1.3524, 0.3224, 1.4248, 0.0353|0
5|0.8535, -1.1119, 0.5239, 0.8753, -1.3487, 0.3203, 1.4301, 0.0380|40
6|0.8547, -1.1270, 0.5165, 0.9005, -1.3491, 0.3072, 1.4301, 0.0333|0
7|0.8472, -1.1375, 0.5148, 0.8935, -1.3536, 0.2970, 1.4208, 0.0273|0
8|0.8558, -1.1246, 0.5209, 0.8787, -1.3668, 0.2883, 1.4313, 0.0385|0
9|0.8675, -1.1233, 0.5160, 0.8744, -1.3594, 0.2926, 1.4124, 0.0265|0
10|0.8641, -1.1093, 0.5165, 0.8728, -1.3518, 0.2765, 1.4097, 0.0244|0
11|0.8844, -1.1194, 0.5024, 0.8810, -1.3424, 0.2772, 1.4162, 0.0313|0
12|0.8792, -1.1069, 0.4972, 0.8744, -1.3284, 0.2787, 1.4087, 0.0173|0
13|0.8807, -1.1079, 0.5018, 0.8962, -1.3244, 0.2557, 1.4010, 0.0117|0
14|0.8907, -1.1015, 0.4988, 0.8937, -1.3231, 0.2600, 1.4021, 0.0259|0
15|0.8918, -1.0825, 0.4946, 0.8970, -1.3176, 0.2594, 1.4013, 0.0234|0
16|0.8767, -1.0775, 0.4922, 0.9081, -1.3162, 0.2583, 1.3997, 0.0187|0
17|0.8876, -1.0869, 0.4901, 0.9084, -1.3233, 0.2608, 1.4080, 0.0298|0
18|0.9058, -1.0736, 0.4801, 0.9143, -1.3463, 0.2536, 1.4142, 0.0429|0
19|0.8970, -1.0799, 0.4855, 0.9095, -1.3528, 0.2376, 1.4242, 0.0087|0
20|0.8851, -1.0802, 0.4748, 0.8868, -1.3589, 0.2508, 1.4185, 0.0089|0
21|0.8819, -1.0701, 0.4735, 0.8713, -1.3397, 0.2355, 1.4205, 0.0118|0
22|0.8881, -1.0701, 0.4844, 0.8822, -1.3453, 0.2136, 1.4209, 0.0279|0
23|0.8721, -1.0852, 0.4906, 0.8698, -1.3437, 0.1989, 1.4261, 0.0290|0
24|0.8770, -1.0930, 0.4670, 0.8792, -1.3506, 0.1910, 1.4074, 0.0435|0
25|0.8811, -1.0889, 0.4622, 0.8878, -1.3340, 0.2014, 1.4054, 0.0410|0
26|0.8787, -1.0844, 0.4502, 0.8855, -1.3128, 0.2098, 1.3961, 0.0416|0
27|0.8874, -1.0837, 0.4518, 0.8722, -1.3041, 0.1975, 1.3881, 0.0441|40
28|0.8773, -1.0754, 0.4417, 0.8747, -1.2964, 0.1882, 1.3873, 0.0433|0
29|0.8871, -1.0703, 0.4503, 0.8820, -1.2927, 0.1791, 1.3909, 0.0482|40
30|0.8967, -1.0738, 0.4513, 0.9096, -1.2811, 0.1610, 1.3856, 0.0646|0
31|0.9056, -1.0644, 0.4595, 0.9301, -1.2828, 0.1595, 1.3810, 0.0591|0
