0|0.6675, 1.3364, -0.0800, -0.7778, -0.8791, -0.0170, -0.5301, 1.0076|0
1|0.6854, 1.3388, -0.1398, -0.8030, -0.8868, -0.0070, -0.5300, 1.0405|40
2|0.6731, 1.2962, -0.1857, -0.8167, -0.8724, -0.0081, -0.5560, 1.0144|80
3|0.6915, 1.2739, -0.2584, -0.8074, -0.8801, -0.0001, -0.5337, 1.0013|80
4|0.6847, 1.2327, -0.3189, -0.7802, -0.8492, -0.0021, -0.5251, 1.0031|360
5|0.6917, 1.2049, -0.3452, -0.7808, -0.8396, -0.0017, -0.4978, 0.9864|0
6|0.7017, 1.2064, -0.4069, -0.7951, -0.8673, -0.0098, -0.5042, 0.9719|160
7|0.6976, 1.2089, -0.4393, -0.8168, -0.8553, -0.0132, -0.4697, 0.9730|280
8|0.7097, 1.1885, -0.4912, -0.8019, -0.8200, -0.0139, -0.4758, 0.9697|80
9|0.7360, 1.1763, -0.5201, -0.8006, -0.8316, -0.0079, -0.4649, 0.9693|120
10|0.7390, 1.1598, -0.5579, -0.8095, -0.8354, -0.0256, -0.4475, 0.9610|160
11|0.7512, 1.1585, -0.5993, -0.8200, -0.8408, -0.0203, -0.4412, 0.9606|160
12|0.7458, 1.1351, -0.6101, -0.8191, -0.8402, -0.0106, -0.4683, 0.9537|420
13|0.7671, 1.1161, -0.6478, -0.8196, -0.8375, 0.0076, -0.4601, 0.9526|400
14|0.7688, 1.1096, -0.6525, -0.8302, -0.8382, 0.0236, -0.4876, 0.9485|40
15|0.7849, 1.0924, -0.6821, -0.8562, -0.8312, 0.0063, -0.4836, 0.9324|80
16|0.7942, 1.0954, -0.6968, -0.8470, -0.8175, -0.0065, -0.5039, 0.9352|120
17|0.7965, 1.0792, -0.7171, -0.8719, -0.8008, -0.0137, -0.5175, 0.9038|700
18|0.8008, 1.0622, -0.7545, -0.8850, -0.7828, -0.0213, -0.4990, 0.8943|360
19|0.8345, 1.0694, -0.7643, -0.8665, -0.7873, -0.0241, -0.4863, 0.9088|580
20|0.8378, 1.0923, -0.7672, -0.8441, -0.7778, -0.0159, -0.4653, 0.9067|320
21|0.8444, 1.0964, -0.7874, -0.8718, -0.7581, -0.0259, -0.4455, 0.8824|120
22|0.8444, 1.0878, -0.7957, -0.9027, -0.7281, -0.0240, -0.4480, 0.8782|760
23|0.8587, 1.0503, -0.8078, -0.8971, -0.7248, 0.0014, -0.4633, 0.8646|540
24|0.8833, 1.0451, -0.8331, -0.8729, -0.7299, -0.0062, -0.4684, 0.8960|120
25|0.8737, 1.0324, -0.8538, -0.9134, -0.7208, -0.0175, -0.4689, 0.9116|820
26|0.8732, 1.0400, -0.8543, -0.9223, -0.7300, 0.0056, -0.4830, 0.9542|540
27|0.8840, 1.0557, -0.8555, -0.9248, -0.7177, -0.0191, -0.4812, 0.9617|200
28|0.9170, 1.0498, -0.8668, -0.9315, -0.7169, -0.0116, -0.4726, 0.9650|580
29|0.9095, 1.0426, -0.8724, -0.9649, -0.7064, 0.0022, -0.4620, 0.9748|560
30|0.9143, 1.0450, -0.8818, -0.9801, -0.7128, -0.0023, -0.4382, 0.9921|360
31|0.9222, 1.0355, -0.8924, -0.9869, -0.6939, -0.0147, -0.4500, 0.9780|420
