0|0.3566, -0.1037, -1.1078, 1.0434, -1.0223, -1.2317, 0.9375, 1.2020|0
1|0.3201, -0.1289, -1.1154, 0.9506, -1.1074, -1.1636, 0.9841, 1.1544|0
2|0.2976, -0.1629, -1.0895, 0.8415, -1.1637, -1.1619, 0.9571, 1.0805|40
3|0.2889, -0.2758, -1.0554, 0.8018, -1.1307, -1.2549, 0.8448, 1.0538|100
4|0.3397, -0.3425, -0.9551, 0.7293, -1.2037, -1.2851, 0.8889, 1.0937|0
5|0.3302, -0.3455, -0.9432, 0.6589, -1.2338, -1.2884, 0.8235, 1.1356|140
6|0.2938, -0.4034, -0.9079, 0.6399, -1.3379, -1.3460, 0.9074, 1.1241|0
7|0.3430, -0.4489, -0.9426, 0.5437, -1.2785, -1.4773, 0.9214, 1.1946|40
8|0.3268, -0.4409, -0.9804, 0.4551, -1.3803, -1.5285, 0.9072, 1.2049|280
9|0.3475, -0.4029, -0.9571, 0.3622, -1.3865, -1.6131, 0.8390, 1.2512|520
10|0.3529, -0.4040, -0.9193, 0.2304, -1.3814, -1.6641, 0.8949, 1.2658|200
11|0.4074, -0.4860, -0.7794, 0.0691, -1.3566, -1.5913, 0.9212, 1.1983|200
12|0.4251, -0.4664, -0.8239, -0.0898, -1.3372, -1.6297, 0.9224, 1.1070|400
13|0.4699, -0.5254, -0.8725, -0.2433, -1.3757, -1.6676, 0.8587, 1.0168|40
14|0.5033, -0.6160, -0.8479, -0.3002, -1.3828, -1.6985, 0.7981, 0.9126|260
15|0.4940, -0.7141, -0.8443, -0.3652, -1.3765, -1.6376, 0.7991, 0.9273|400
16|0.4873, -0.8267, -0.8595, -0.3727, -1.3631, -1.5804, 0.8346, 0.9310|920
17|0.4702, -0.8897, -0.8502, -0.3785, -1.3347, -1.6496, 0.8162, 0.8715|200
18|0.4965, -0.9560, -0.7858, -0.3902, -1.3726, -1.7285, 0.8467, 0.8555|1040
19|0.5595, -1.0491, -0.8412, -0.4468, -1.3773, -1.7483, 0.6894, 0.8638|660
20|0.5960, -1.0323, -0.8627, -0.5082, -1.4561, -1.6868, 0.6585, 0.8831|1020
21|0.4995, -1.0991, -0.8678, -0.5333, -1.3641, -1.6969, 0.5856, 0.8794|1760
22|0.5133, -1.1359, -0.8939, -0.5298, -1.3434, -1.6654, 0.5714, 0.8597|560
23|0.5535, -1.0106, -0.8337, -0.5636, -1.3273, -1.7013, 0.5337, 0.8824|560
24|0.5112, -1.0752, -0.8891, -0.5346, -1.1976, -1.6676, 0.5125, 0.8232|540
25|0.5299, -1.1423, -0.9190, -0.4852, -1.1953, -1.6871, 0.5109, 0.8086|320
26|0.5938, -1.2034, -0.9383, -0.5353, -1.1934, -1.7166, 0.4836, 0.8119|2620
27|0.6194, -1.2194, -0.9045, -0.5035, -1.1738, -1.7636, 0.4799, 0.7724|2020
28|0.6127, -1.2963, -0.9003, -0.5255, -1.1403, -1.7672, 0.4351, 0.7592|1160
29|0.5716, -1.2796, -0.8046, -0.6277, -1.1975, -1.7401, 0.4238, 0.7962|500
30|0.6108, -1.2940, -0.9112, -0.6493, -1.0699, -1.7349, 0.3891, 0.8189|880
31|0.6368, -1.2743, -0.8874, -0.6480, -1.0341, -1.7585, 0.3474, 0.8326|1700
