0|-0.2094, -1.1704, -1.4622, 1.1301, -1.2838, 0.7218, 1.0769, -0.8992|0
1|-0.2074, -1.1719, -1.4588, 1.1279, -1.2814, 0.7176, 1.0778, -0.8982|40
2|-0.2045, -1.1672, -1.4557, 1.1240, -1.2894, 0.7253, 1.0763, -0.9072|0
3|-0.2038, -1.1636, -1.4537, 1.1157, -1.2910, 0.7263, 1.0737, -0.9059|40
4|-0.2090, -1.1654, -1.4638, 1.1211, -1.2900, 0.7240, 1.0792, -0.9034|40
5|-0.2030, -1.1588, -1.4617, 1.1261, -1.2861, 0.7259, 1.0780, -0.9018|0
6|-0.1984, -1.1572, -1.4661, 1.1175, -1.2943, 0.7216, 1.0761, -0.9104|0
7|-0.1996, -1.1638, -1.4787, 1.1186, -1.2982, 0.7328, 1.0761, -0.9064|80
8|-0.1993, -1.1667, -1.4785, 1.1044, -1.3027, 0.7332, 1.0777, -0.8986|0
9|-0.1990, -1.1665, -1.4905, 1.1032, -1.3089, 0.7373, 1.0773, -0.8972|40
10|-0.1983, -1.1590, -1.4983, 1.1016, -1.3141, 0.7278, 1.0759, -0.8985|0
11|-0.2012, -1.1673, -1.4975, 1.1017, -1.3151, 0.7247, 1.0820, -0.9021|0
12|-0.2115, -1.1630, -1.4969, 1.0944, -1.3205, 0.7250, 1.0726, -0.9019|40
13|-0.2076, -1.1687, -1.4985, 1.0854, -1.3247, 0.7230, 1.0702, -0.9008|0
14|-0.2156, -1.1559, -1.4921, 1.0861, -1.3295, 0.7201, 1.0722, -0.8979|40
15|-0.2296, -1.1578, -1.4940, 1.0820, -1.3357, 0.7110, 1.0754, -0.8856|0
16|-0.2258, -1.1662, -1.4931, 1.0770, -1.3331, 0.7034, 1.0839, -0.8933|0
17|-0.2212, -1.1621, -1.4968, 1.0736, -1.3325, 0.7048, 1.0902, -0.8952|0
18|-0.2229, -1.1539, -1.4852, 1.0675, -1.3310, 0.6949, 1.0965, -0.8991|0
19|-0.2264, -1.1542, -1.4903, 1.0627, -1.3321, 0.6890, 1.0982, -0.9015|40
20|-0.2270, -1.1568, -1.4894, 1.0594, -1.3355, 0.6835, 1.0936, -0.9076|0
21|-0.2335, -1.1539, -1.4821, 1.0595, -1.3302, 0.6868, 1.1018, -0.9106|0
22|-0.2354, -1.1599, -1.4813, 1.0514, -1.3338, 0.6841, 1.1037, -0.9058|0
23|-0.2398, -1.1680, -1.4892, 1.0446, -1.3429, 0.6914, 1.1090, -0.9122|40
24|-0.2358, -1.1656, -1.4887, 1.0369, -1.3420, 0.6965, 1.1033, -0.9093|0
25|-0.2374, -1.1642, -1.4889, 1.0365, -1.3433, 0.6887, 1.1070, -0.9071|180
26|-0.2408, -1.1713, -1.4930, 1.0285, -1.3461, 0.6881, 1.1070, -0.9023|0
27|-0.2413, -1.1688, -1.4904, 1.0157, -1.3498, 0.6899, 1.0983, -0.9053|0
28|-0.2551, -1.1744, -1.4923, 1.0091, -1.3509, 0.6972, 1.0916, -0.9017|0
29|-0.2605, -1.1766, -1.4947, 1.0071, -1.3555, 0.6991, 1.1021, -0.8949|0
30|-0.2602, -1.1736, -1.4948, 1.0026, -1.3600, 0.6966, 1.1019, -0.8867|0
31|-0.2611, -1.1795, -1.4998, 1.0064, -1.3634, 0.6903, 1.1061, -0.8802|0
