0|-0.0147, 1.4263, 0.1596, -0.8812, 0.1352, -0.7952, -0.9694, -1.4210|40
1|0.0017, 1.4154, 0.1366, -0.8739, 0.1286, -0.8123, -0.9635, -1.4345|40
2|-0.0035, 1.4085, 0.1122, -0.8955, 0.1456, -0.8174, -0.9940, -1.4531|0
3|0.0022, 1.3844, 0.0939, -0.9105, 0.1428, -0.8355, -1.0075, -1.4671|120
4|0.0055, 1.4064, 0.0905, -0.8925, 0.1351, -0.8391, -1.0059, -1.4709|40
5|0.0082, 1.4036, 0.0755, -0.9073, 0.1262, -0.8407, -0.9808, -1.4713|40
6|0.0038, 1.4003, 0.0717, -0.9152, 0.1392, -0.8396, -0.9800, -1.4817|80
7|-0.0006, 1.4031, 0.0661, -0.9292, 0.1280, -0.8417, -0.9716, -1.4861|40
8|0.0041, 1.3861, 0.0474, -0.9394, 0.1240, -0.8550, -0.9951, -1.4941|40
9|-0.0021, 1.3620, 0.0255, -0.9354, 0.1360, -0.8536, -0.9953, -1.4880|40
10|-0.0101, 1.3492, 0.0052, -0.9406, 0.1378, -0.8667, -0.9947, -1.4936|80
11|-0.0035, 1.3485, -0.0119, -0.9289, 0.1339, -0.8934, -0.9877, -1.4906|160
12|0.0150, 1.3533, -0.0413, -0.9331, 0.1463, -0.9081, -0.9988, -1.4845|160
13|0.0263, 1.3411, -0.0707, -0.9332, 0.1495, -0.9120, -0.9901, -1.4652|80
14|0.0302, 1.3276, -0.0866, -0.9277, 0.1472, -0.9055, -0.9888, -1.4569|0
15|0.0296, 1.3230, -0.0998, -0.9222, 0.1449, -0.9153, -0.9816, -1.4571|80
16|0.0292, 1.3061, -0.1171, -0.9275, 0.1478, -0.9213, -0.9859, -1.4464|160
17|0.0190, 1.2931, -0.1268, -0.9346, 0.1398, -0.9258, -0.9909, -1.4528|280
18|0.0206, 1.2945, -0.1694, -0.9304, 0.1072, -0.9112, -1.0122, -1.4670|120
19|0.0097, 1.2924, -0.1928, -0.9373, 0.0978, -0.9203, -1.0196, -1.4832|40
20|0.0100, 1.3015, -0.2285, -0.9363, 0.0896, -0.9268, -1.0116, -1.4831|120
21|0.0051, 1.2842, -0.2592, -0.9474, 0.0615, -0.9327, -1.0119, -1.4769|40
22|0.0196, 1.2862, -0.2705, -0.9688, 0.0582, -0.9369, -1.0206, -1.4691|40
23|0.0337, 1.2637, -0.2959, -0.9794, 0.0638, -0.9317, -1.0368, -1.4611|120
24|0.0283, 1.2623, -0.3285, -0.9788, 0.0588, -0.9217, -1.0274, -1.4711|0
25|0.0290, 1.2485, -0.3431, -0.9540, 0.0581, -0.9121, -1.0204, -1.4752|120
26|0.0246, 1.2614, -0.3643, -0.9545, 0.0692, -0.9146, -1.0252, -1.4555|240
27|0.0214, 1.2457, -0.3866, -0.9596, 0.0777, -0.9143, -1.0250, -1.4513|160
28|0.0136, 1.2475, -0.4100, -0.9601, 0.0811, -0.9231, -1.0029, -1.4260|140
29|0.0154, 1.2487, -0.4512, -0.9640, 0.0851, -0.9321, -0.9978, -1.4316|240
30|0.0014, 1.2472, -0.4764, -0.9692, 0.0893, -0.9400, -1.0156, -1.4447|280
31|0.0141, 1.2524, -0.5081, -0.9759, 0.0947, -0.9325, -1.0031, -1.4541|340
