0|0.2344, 1.1795, -0.6403, 0.2673, -1.4452, 1.4753, 0.1257, 1.4114|0
1|0.2387, 1.1874, -0.6394, 0.2728, -1.4596, 1.4609, 0.1213, 1.4242|40
2|0.2418, 1.1923, -0.6485, 0.2750, -1.4783, 1.4526, 0.1198, 1.4246|40
3|0.2392, 1.1876, -0.6555, 0.2844, -1.4830, 1.4602, 0.1149, 1.4304|0
4|0.2432, 1.2032, -0.6656, 0.2850, -1.4781, 1.4560, 0.1108, 1.4360|80
5|0.2468, 1.2147, -0.6703, 0.2710, -1.4842, 1.4503, 0.1200, 1.4279|0
6|0.2481, 1.2236, -0.6744, 0.2697, -1.4841, 1.4616, 0.1339, 1.4371|0
7|0.2408, 1.2242, -0.6739, 0.2661, -1.4779, 1.4605, 0.1344, 1.4322|0
8|0.2390, 1.2245, -0.6740, 0.2640, -1.4834, 1.4442, 0.1480, 1.4368|0
9|0.2437, 1.2400, -0.6740, 0.2594, -1.4813, 1.4385, 0.1494, 1.4382|0
10|0.2337, 1.2482, -0.6738, 0.2644, -1.4916, 1.4449, 0.1473, 1.4374|40
11|0.2375, 1.2434, -0.6683, 0.2687, -1.4944, 1.4379, 0.1528, 1.4432|0
12|0.2323, 1.2487, -0.6656, 0.2669, -1.5006, 1.4414, 0.1498, 1.4480|0
13|0.2359, 1.2378, -0.6792, 0.2682, -1.5054, 1.4410, 0.1440, 1.4482|0
14|0.2333, 1.2523, -0.6904, 0.2609, -1.5077, 1.4375, 0.1461, 1.4401|0
15|0.2331, 1.2385, -0.6891, 0.2568, -1.5095, 1.4241, 0.1438, 1.4345|0
16|0.2341, 1.2392, -0.6868, 0.2624, -1.4964, 1.4066, 0.1452, 1.4321|0
17|0.2407, 1.2293, -0.6927, 0.2677, -1.4951, 1.4077, 0.1331, 1.4286|0
18|0.2465, 1.2232, -0.6900, 0.2540, -1.4891, 1.4041, 0.1356, 1.4210|0
19|0.2298, 1.2303, -0.6975, 0.2623, -1.4761, 1.3971, 0.1405, 1.4205|120
20|0.2321, 1.2305, -0.7091, 0.2565, -1.4649, 1.3947, 0.1517, 1.4204|0
21|0.2255, 1.2241, -0.7057, 0.2647, -1.4664, 1.3788, 0.1487, 1.4361|0
22|0.2433, 1.2232, -0.7021, 0.2746, -1.4609, 1.3713, 0.1366, 1.4329|0
23|0.2525, 1.2195, -0.6996, 0.2761, -1.4590, 1.3597, 0.1341, 1.4257|0
24|0.2588, 1.2180, -0.7059, 0.2719, -1.4694, 1.3701, 0.1302, 1.4143|0
25|0.2615, 1.2139, -0.7160, 0.2739, -1.4728, 1.3673, 0.1307, 1.4170|0
26|0.2755, 1.2091, -0.7230, 0.2698, -1.4654, 1.3676, 0.1323, 1.4278|0
27|0.2604, 1.2060, -0.7258, 0.2727, -1.4655, 1.3555, 0.1440, 1.4303|0
28|0.2621, 1.2086, -0.7122, 0.2785, -1.4677, 1.3609, 0.1540, 1.4250|0
29|0.2655, 1.2171, -0.7145, 0.2780, -1.4659, 1.3678, 0.1536, 1.4275|0
30|0.2685, 1.2221, -0.7151, 0.2864, -1.4751, 1.3776, 0.1594, 1.4300|0
31|0.2686, 1.2349, -0.7200, 0.3016, -1.4699, 1.3909, 0.1838, 1.4408|0
