0|0.3553, 0.9331, 0.2826, -0.4396, -1.2620, -0.6811, 0.7085, -1.2867|0
1|0.3755, 0.9129, 0.2502, -0.4466, -1.2586, -0.6692, 0.7147, -1.2844|40
2|0.3787, 0.8992, 0.2236, -0.4646, -1.2667, -0.6609, 0.7165, -1.2911|80
3|0.3845, 0.8822, 0.2046, -0.4695, -1.2611, -0.6670, 0.7180, -1.2779|0
4|0.3854, 0.8791, 0.1553, -0.4839, -1.2319, -0.6860, 0.7216, -1.2858|40
5|0.3798, 0.8640, 0.1357, -0.4744, -1.2428, -0.6901, 0.7180, -1.2754|0
6|0.3659, 0.8372, 0.1192, -0.4942, -1.2459, -0.7015, 0.7295, -1.2931|80
7|0.3769, 0.8283, 0.0829, -0.4952, -1.2451, -0.7092, 0.7288, -1.2887|80
8|0.3938, 0.8149, 0.0416, -0.4972, -1.2351, -0.7143, 0.7272, -1.2869|0
9|0.4163, 0.7983, 0.0205, -0.5126, -1.2361, -0.7116, 0.7480, -1.2886|0
10|0.4226, 0.7829, -0.0039, -0.5131, -1.2458, -0.7103, 0.7539, -1.2703|80
11|0.4315, 0.7656, -0.0457, -0.5046, -1.2569, -0.7188, 0.7466, -1.2605|40
12|0.4210, 0.7468, -0.0779, -0.4990, -1.2588, -0.7197, 0.7409, -1.2748|120
13|0.4352, 0.7338, -0.1065, -0.5034, -1.2552, -0.7242, 0.7609, -1.2673|120
14|0.4393, 0.7263, -0.1695, -0.5008, -1.2591, -0.7200, 0.7677, -1.2580|120
15|0.4448, 0.7053, -0.1948, -0.5168, -1.2607, -0.7239, 0.7561, -1.2645|120
16|0.4645, 0.7042, -0.2422, -0.5131, -1.2603, -0.7354, 0.7719, -1.2521|160
17|0.4634, 0.6959, -0.2848, -0.5245, -1.2515, -0.7332, 0.7601, -1.2376|40
18|0.4714, 0.6869, -0.3239, -0.5325, -1.2379, -0.7194, 0.7566, -1.2251|160
19|0.4724, 0.6709, -0.3489, -0.5409, -1.2339, -0.7307, 0.7585, -1.2376|120
20|0.4889, 0.6757, -0.3872, -0.5282, -1.2278, -0.7218, 0.7424, -1.2452|540
21|0.4719, 0.6607, -0.4120, -0.5456, -1.2226, -0.7268, 0.7388, -1.2554|120
22|0.4779, 0.6367, -0.4335, -0.5482, -1.2142, -0.7203, 0.7460, -1.2609|380
23|0.4703, 0.6337, -0.4542, -0.5445, -1.2219, -0.7215, 0.7458, -1.2612|200
24|0.4694, 0.6379, -0.4736, -0.5383, -1.2089, -0.7235, 0.7475, -1.2589|560
25|0.4869, 0.6310, -0.4810, -0.5482, -1.2004, -0.7469, 0.7592, -1.2522|240
26|0.4993, 0.6293, -0.5153, -0.5351, -1.1966, -0.7403, 0.7369, -1.2562|200
27|0.5027, 0.6028, -0.5386, -0.5376, -1.2051, -0.7454, 0.7341, -1.2517|400
28|0.5358, 0.6039, -0.5674, -0.5290, -1.1851, -0.7553, 0.7246, -1.2433|280
29|0.5187, 0.5823, -0.5809, -0.5328, -1.1865, -0.7532, 0.7269, -1.2573|80
30|0.5116, 0.5641, -0.6000, -0.5342, -1.1834, -0.7585, 0.7280, -1.2466|200
31|0.5005, 0.5445, -0.6190, -0.5285, -1.1832, -0.7472, 0.7334, -1.2486|80
32|0.5045, 0.5284, -0.6373, -0.5289, -1.1777, -0.7433, 0.7075, -1.2619|320
33|0.5086, 0.5030, -0.6421, -0.5266, -1.1682, -0.7562, 0.7111, -1.2515|280
34|0.4976, 0.4959, -0.6543, -0.5236, -1.1648, -0.7599, 0.7139, -1.2504|200
35|0.5057, 0.4872, -0.6544, -0.5100, -1.1592, -0.7590, 0.7266, -1.2507|160
36|0.5111, 0.4609, -0.6545, -0.5120, -1.1524, -0.7636, 0.7210, -1.2570|240
37|0.5098, 0.4584, -0.6501, -0.5075, -1.1562, -0.7437, 0.7037, -1.2656|200
38|0.5182, 0.4415, -0.6606, -0.5181, -1.1498, -0.7534, 0.6892, -1.2723|420
39|0.5208, 0.4205, -0.6549, -0.5160, -1.1538, -0.7616, 0.6896, -1.2494|360
40|0.5175, 0.3947, -0.6672, -0.5193, -1.1433, -0.7792, 0.6873, -1.2393|480
41|0.5306, 0.3948, -0.6841, -0.4919, -1.1426, -0.7735, 0.6854, -1.2316|460
42|0.5398, 0.3909, -0.6931, -0.4925, -1.1446, -0.7570, 0.6791, -1.2216|320
43|0.5351, 0.3719, -0.7055, -0.5081, -1.1538, -0.7403, 0.6674, -1.2075|220
44|0.5472, 0.3457, -0.7134, -0.5110, -1.1477, -0.7379, 0.6661, -1.2191|640
45|0.5478, 0.3541, -0.7285, -0.5233, -1.1503, -0.7403, 0.6560, -1.2062|320
46|0.5779, 0.3484, -0.7478, -0.5418, -1.1492, -0.7600, 0.6523, -1.2135|320
47|0.5906, 0.3309, -0.7552, -0.5346, -1.1414, -0.7474, 0.6718, -1.2113|360
48|0.5971, 0.3263, -0.7398, -0.5386, -1.1336, -0.7567, 0.6547, -1.2031|680
49|0.5954, 0.3098, -0.7368, -0.5348, -1.1259, -0.7562, 0.6559, -1.1940|1100
50|0.5998, 0.3082, -0.7413, -0.5466, -1.1282, -0.7799, 0.6534, -1.1838|460
51|0.6276, 0.2999, -0.7474, -0.5367, -1.1400, -0.7729, 0.6632, -1.1734|200
52|0.6338, 0.2863, -0.7429, -0.5281, -1.1403, -0.7743, 0.6469, -1.1730|320
53|0.6292, 0.2683, -0.7405, -0.5391, -1.1207, -0.7675, 0.6355, -1.1666|600
54|0.6212, 0.2683, -0.7645, -0.5414, -1.1147, -0.7583, 0.6334, -1.1600|480
55|0.6232, 0.2626, -0.7603, -0.5559, -1.1260, -0.7429, 0.6306, -1.1680|160
56|0.6308, 0.2417, -0.7747, -0.5563, -1.1213, -0.7484, 0.6094, -1.1581|560
57|0.6446, 0.2289, -0.7968, -0.5571, -1.1291, -0.7497, 0.5922, -1.1564|420
58|0.6635, 0.2191, -0.8128, -0.5464, -1.1204, -0.7319, 0.5842, -1.1585|360
59|0.6702, 0.1932, -0.8272, -0.5455, -1.1100, -0.7306, 0.5848, -1.1598|280
60|0.7057, 0.1815, -0.8257, -0.5430, -1.0940, -0.7148, 0.5842, -1.1356|360
61|0.7136, 0.1769, -0.8463, -0.5342, -1.0993, -0.7229, 0.5946, -1.1291|540
62|0.7265, 0.1578, -0.8409, -0.5390, -1.1155, -0.7156, 0.5846, -1.1449|560
63|0.7303, 0.1507, -0.8623, -0.5401, -1.1100, -0.7073, 0.5756, -1.1582|240
