0|-0.2406, 0.7668, -0.7537, -1.3520, -0.0409, -1.4680, -0.0144, 0.9373|240
1|-0.2062, 0.7626, -0.7916, -1.3311, -0.0548, -1.4507, -0.0087, 0.9331|300
2|-0.1970, 0.7490, -0.8052, -1.3325, -0.0440, -1.4579, -0.0197, 0.9216|120
3|-0.1928, 0.7239, -0.8270, -1.3261, -0.0354, -1.4377, -0.0087, 0.9047|340
4|-0.1913, 0.7140, -0.8330, -1.3180, -0.0404, -1.4384, -0.0028, 0.9190|120
5|-0.1937, 0.7063, -0.8444, -1.3118, -0.0449, -1.4317, -0.0117, 0.9352|520
6|-0.1962, 0.6998, -0.8510, -1.3232, -0.0284, -1.4168, -0.0089, 0.9408|680
7|-0.1945, 0.6810, -0.8759, -1.3183, -0.0141, -1.4080, -0.0227, 0.9628|300
8|-0.1937, 0.6805, -0.9047, -1.3253, -0.0113, -1.3949, -0.0335, 0.9599|180
9|-0.1825, 0.6711, -0.9089, -1.3340, -0.0177, -1.3940, -0.0327, 0.9466|160
10|-0.1742, 0.6665, -0.9365, -1.3289, -0.0112, -1.3952, -0.0372, 0.9502|540
11|-0.1694, 0.6523, -0.9489, -1.3217, -0.0087, -1.3945, -0.0404, 0.9357|240
12|-0.1687, 0.6284, -0.9579, -1.3166, 0.0033, -1.3985, -0.0386, 0.9196|80
13|-0.1609, 0.6175, -0.9716, -1.3225, -0.0086, -1.3822, -0.0409, 0.9028|400
14|-0.1597, 0.6068, -0.9905, -1.3161, -0.0256, -1.3996, -0.0417, 0.8857|640
15|-0.1488, 0.5787, -1.0085, -1.3144, -0.0342, -1.4041, -0.0459, 0.8887|0
16|-0.1525, 0.5727, -1.0225, -1.3250, -0.0507, -1.4079, -0.0373, 0.8707|520
17|-0.1432, 0.5597, -1.0264, -1.3167, -0.0517, -1.3955, -0.0239, 0.8868|320
18|-0.1276, 0.5538, -1.0547, -1.3089, -0.0439, -1.4076, -0.0216, 0.8832|120
19|-0.1069, 0.5721, -1.0684, -1.3089, -0.0436, -1.3966, -0.0255, 0.9020|560
20|-0.0970, 0.5647, -1.0838, -1.3059, -0.0503, -1.3909, -0.0185, 0.8963|440
21|-0.1089, 0.5416, -1.1063, -1.3049, -0.0582, -1.3896, -0.0303, 0.9113|980
22|-0.1074, 0.5264, -1.1227, -1.2848, -0.0389, -1.3967, -0.0083, 0.9157|400
23|-0.0953, 0.5159, -1.1189, -1.2720, -0.0486, -1.3992, -0.0212, 0.8982|680
24|-0.0854, 0.5192, -1.1306, -1.2734, -0.0294, -1.3935, -0.0219, 0.8958|760
25|-0.0845, 0.5079, -1.1343, -1.2632, -0.0400, -1.3861, -0.0257, 0.8948|160
26|-0.0762, 0.4872, -1.1455, -1.2545, -0.0569, -1.3889, -0.0234, 0.8981|660
27|-0.0640, 0.4630, -1.1629, -1.2565, -0.0653, -1.3684, -0.0422, 0.9051|40
28|-0.0439, 0.4677, -1.1687, -1.2540, -0.0837, -1.3588, -0.0349, 0.9159|40
29|-0.0302, 0.4635, -1.1942, -1.2474, -0.0797, -1.3424, -0.0520, 0.9404|200
30|-0.0210, 0.4644, -1.2042, -1.2416, -0.0645, -1.3521, -0.0495, 0.9364|580
31|-0.0119, 0.4471, -1.2070, -1.2438, -0.0490, -1.3381, -0.0361, 0.9517|460
