0|0.3538, 1.3124, -0.2436, -1.1754, 1.1312, -1.1235, 1.4944, 1.3726|0
1|0.3332, 1.2901, -0.2791, -1.1993, 1.0922, -1.1419, 1.4870, 1.3780|80
2|0.3218, 1.3082, -0.3411, -1.2128, 1.1000, -1.1320, 1.4755, 1.3703|120
3|0.3094, 1.3014, -0.3724, -1.2470, 1.0585, -1.1272, 1.4835, 1.3673|80
4|0.2974, 1.2729, -0.4113, -1.2640, 1.0654, -1.1324, 1.4829, 1.3449|380
5|0.2966, 1.2257, -0.4746, -1.2798, 1.0631, -1.1410, 1.4731, 1.3258|120
6|0.3117, 1.2218, -0.5172, -1.2802, 1.0551, -1.1305, 1.4739, 1.3179|40
7|0.3280, 1.2005, -0.5485, -1.2841, 1.0172, -1.1245, 1.4698, 1.2926|160
8|0.3187, 1.1941, -0.5781, -1.2963, 1.0340, -1.1414, 1.4714, 1.3180|40
9|0.3153, 1.1785, -0.6066, -1.3448, 1.0385, -1.1395, 1.4775, 1.3512|40
10|0.3222, 1.1915, -0.6395, -1.3756, 1.0079, -1.1516, 1.4588, 1.3324|260
11|0.3405, 1.1601, -0.6701, -1.3830, 0.9991, -1.1781, 1.4474, 1.3364|80
12|0.3553, 1.1417, -0.7031, -1.3849, 1.0065, -1.2145, 1.4473, 1.3284|0
13|0.3550, 1.1311, -0.7498, -1.3970, 0.9790, -1.2283, 1.4452, 1.3255|80
14|0.3497, 1.1238, -0.7970, -1.3947, 0.9492, -1.2277, 1.4449, 1.3225|80
15|0.3682, 1.1006, -0.8433, -1.3704, 0.9539, -1.2443, 1.4274, 1.2955|160
16|0.3755, 1.0834, -0.8723, -1.3942, 0.9104, -1.2362, 1.4395, 1.2699|380
17|0.3874, 1.0883, -0.8884, -1.3914, 0.8874, -1.2206, 1.4067, 1.2655|260
18|0.3944, 1.0738, -0.9068, -1.4137, 0.8805, -1.2167, 1.4198, 1.2641|120
19|0.4018, 1.0780, -0.9215, -1.4289, 0.8877, -1.2223, 1.4113, 1.2506|80
20|0.4318, 1.0792, -0.9442, -1.4515, 0.8983, -1.2054, 1.3992, 1.2252|40
21|0.4052, 1.0806, -0.9696, -1.4609, 0.8853, -1.2132, 1.4008, 1.2264|120
22|0.4089, 1.0913, -0.9890, -1.4717, 0.8829, -1.2080, 1.4223, 1.2046|500
23|0.4015, 1.0681, -1.0265, -1.4663, 0.8794, -1.2151, 1.4492, 1.1940|240
24|0.3834, 1.0745, -1.0015, -1.4768, 0.8630, -1.2044, 1.4778, 1.1759|560
25|0.3705, 1.0795, -1.0138, -1.4849, 0.8337, -1.2286, 1.4712, 1.1725|540
26|0.3906, 1.1000, -1.0434, -1.4774, 0.8366, -1.2245, 1.4705, 1.1699|260
27|0.4157, 1.0819, -1.0321, -1.4969, 0.8273, -1.2138, 1.4497, 1.1927|0
28|0.4410, 1.0761, -1.0762, -1.5183, 0.8106, -1.2045, 1.4723, 1.2034|320
29|0.4490, 1.0641, -1.0733, -1.5297, 0.8098, -1.1987, 1.4704, 1.1866|240
30|0.4555, 1.0450, -1.0821, -1.5552, 0.8237, -1.2120, 1.4457, 1.1824|220
31|0.4414, 1.0342, -1.0620, -1.5337, 0.8291, -1.2055, 1.4221, 1.1514|260
32|0.4536, 1.0382, -1.0803, -1.5535, 0.8234, -1.2042, 1.4287, 1.1615|80
33|0.4408, 1.0337, -1.1196, -1.5617, 0.8201, -1.2179, 1.4048, 1.2139|940
34|0.4273, 1.0166, -1.1256, -1.5724, 0.7922, -1.1885, 1.3860, 1.1836|180
35|0.4511, 1.0201, -1.1269, -1.5934, 0.7609, -1.1849, 1.3907, 1.2055|260
36|0.4834, 1.0430, -1.1393, -1.6079, 0.7689, -1.1627, 1.3495, 1.2100|340
37|0.4843, 1.0374, -1.1408, -1.6205, 0.7925, -1.1504, 1.3259, 1.2162|220
38|0.4764, 1.0230, -1.1474, -1.6327, 0.7790, -1.1702, 1.3239, 1.2269|580
39|0.4797, 1.0014, -1.1383, -1.6088, 0.7541, -1.1919, 1.3337, 1.2445|780
40|0.4689, 0.9995, -1.1497, -1.6199, 0.7382, -1.1771, 1.3162, 1.2570|280
41|0.4642, 1.0068, -1.1476, -1.6196, 0.6983, -1.1565, 1.3231, 1.2199|380
42|0.4663, 1.0055, -1.1328, -1.6121, 0.7276, -1.1702, 1.3310, 1.2207|140
43|0.5049, 0.9942, -1.1564, -1.6147, 0.7266, -1.1717, 1.3348, 1.1937|140
44|0.5225, 0.9735, -1.1700, -1.6043, 0.7233, -1.2004, 1.3533, 1.2056|660
45|0.5052, 0.9866, -1.1873, -1.6153, 0.7194, -1.2142, 1.3400, 1.2195|880
46|0.4969, 0.9700, -1.1918, -1.6023, 0.7018, -1.1970, 1.3507, 1.2092|780
47|0.4845, 0.9541, -1.2178, -1.6092, 0.7012, -1.1843, 1.3612, 1.1633|1100
48|0.4903, 0.9446, -1.2499, -1.6170, 0.7034, -1.1886, 1.3594, 1.1642|240
49|0.4707, 0.9438, -1.2690, -1.6148, 0.7125, -1.1664, 1.3651, 1.1774|40
50|0.5156, 0.9352, -1.2612, -1.5974, 0.7117, -1.1797, 1.3602, 1.1700|1240
51|0.5389, 0.9218, -1.2643, -1.5778, 0.7229, -1.1564, 1.3595, 1.1445|40
52|0.5547, 0.9170, -1.2809, -1.5976, 0.7296, -1.1741, 1.3426, 1.1682|200
53|0.5526, 0.9310, -1.3058, -1.6368, 0.7328, -1.1435, 1.3531, 1.1656|500
54|0.5907, 0.9273, -1.2970, -1.6614, 0.7534, -1.1433, 1.3263, 1.1600|160
55|0.5854, 0.9081, -1.3179, -1.6679, 0.7453, -1.1083, 1.3534, 1.1649|440
56|0.6065, 0.8946, -1.3158, -1.6703, 0.7426, -1.1065, 1.3536, 1.1655|560
57|0.5949, 0.9039, -1.3335, -1.6761, 0.7239, -1.0950, 1.3644, 1.1694|440
58|0.5975, 0.9062, -1.3460, -1.6561, 0.7309, -1.0842, 1.3589, 1.1621|200
59|0.6186, 0.9064, -1.3395, -1.6471, 0.7542, -1.0436, 1.3630, 1.1884|100
60|0.6125, 0.9064, -1.3592, -1.6738, 0.7703, -1.0448, 1.3529, 1.1618|760
61|0.5770, 0.9127, -1.3570, -1.6678, 0.7677, -1.0294, 1.3567, 1.1441|160
62|0.5626, 0.9353, -1.3716, -1.6964, 0.7668, -1.0184, 1.3599, 1.1618|1540
63|0.5596, 0.9569, -1.3780, -1.6838, 0.7519, -1.0026, 1.3496, 1.1435|920
64|0.5481, 0.9648, -1.3721, -1.6909, 0.7464, -0.9845, 1.3290, 1.1623|120
65|0.5394, 0.9601, -1.3641, -1.6851, 0.7239, -0.9716, 1.3422, 1.1444|280
66|0.5487, 0.9309, -1.3707, -1.6960, 0.7410, -0.9534, 1.3550, 1.1501|260
67|0.5607, 0.9391, -1.3443, -1.6777, 0.7097, -0.9564, 1.3430, 1.1564|1060
68|0.5694, 0.9287, -1.3417, -1.6751, 0.7125, -0.9621, 1.3458, 1.1895|560
69|0.5913, 0.9235, -1.3539, -1.6713, 0.7128, -0.9689, 1.3677, 1.1772|880
70|0.5775, 0.9140, -1.3665, -1.6699, 0.7173, -0.9552, 1.3618, 1.1748|780
71|0.5690, 0.8917, -1.3922, -1.6808, 0.7073, -0.9494, 1.3327, 1.1712|440
72|0.6001, 0.8806, -1.4171, -1.6741, 0.7270, -0.9366, 1.3579, 1.1969|140
73|0.5802, 0.8561, -1.3910, -1.6874, 0.7205, -0.9203, 1.3514, 1.1708|40
74|0.5959, 0.8929, -1.3886, -1.7174, 0.7445, -0.9354, 1.3479, 1.1662|480
75|0.5821, 0.9075, -1.3947, -1.7267, 0.7461, -0.9116, 1.3307, 1.1569|0
76|0.6127, 0.9426, -1.4070, -1.7405, 0.7295, -0.9206, 1.3224, 1.1494|600
77|0.6475, 0.9511, -1.3979, -1.7366, 0.6995, -0.9172, 1.3340, 1.1601|1640
78|0.6487, 0.9593, -1.4076, -1.7457, 0.6565, -0.9116, 1.3135, 1.1635|80
79|0.6610, 0.9530, -1.4253, -1.7422, 0.6418, -0.8988, 1.3169, 1.1731|120
80|0.6494, 0.9664, -1.4497, -1.7398, 0.6400, -0.8442, 1.3013, 1.1921|540
81|0.6486, 0.9736, -1.4482, -1.7338, 0.6480, -0.8530, 1.3030, 1.2002|220
82|0.6534, 0.9732, -1.4663, -1.7290, 0.6530, -0.8255, 1.2933, 1.2073|400
83|0.6486, 0.9793, -1.4500, -1.7237, 0.6449, -0.8259, 1.2935, 1.2209|480
84|0.6409, 0.9523, -1.4602, -1.7401, 0.6662, -0.8289, 1.3153, 1.2197|160
85|0.6616, 0.9729, -1.4576, -1.7459, 0.6437, -0.8598, 1.3188, 1.2338|500
86|0.6763, 0.9590, -1.4816, -1.7792, 0.6590, -0.8626, 1.3284, 1.2346|360
87|0.6721, 0.9444, -1.4813, -1.7772, 0.6413, -0.8753, 1.3245, 1.2446|580
88|0.6759, 0.9297, -1.4659, -1.7882, 0.6206, -0.8606, 1.3345, 1.2663|180
89|0.6694, 0.9331, -1.4741, -1.7899, 0.5939, -0.8677, 1.3069, 1.2681|400
90|0.6683, 0.9229, -1.4916, -1.7876, 0.6019, -0.8487, 1.2970, 1.2531|300
91|0.6745, 0.9053, -1.5148, -1.8053, 0.6173, -0.8445, 1.2703, 1.2497|200
92|0.6764, 0.8828, -1.5308, -1.8085, 0.5948, -0.8635, 1.2679, 1.2454|540
93|0.6788, 0.8654, -1.5379, -1.8079, 0.6002, -0.8649, 1.2617, 1.2647|520
94|0.6994, 0.8982, -1.5171, -1.8139, 0.5822, -0.8760, 1.2557, 1.2854|220
95|0.6843, 0.8861, -1.4969, -1.8177, 0.5862, -0.9042, 1.2188, 1.3095|420
96|0.7021, 0.8965, -1.5081, -1.8270, 0.5524, -0.9141, 1.2195, 1.2784|720
97|0.7147, 0.8888, -1.5039, -1.8447, 0.5455, -0.8885, 1.2061, 1.2713|340
98|0.7001, 0.8951, -1.5078, -1.8518, 0.5548, -0.8986, 1.1968, 1.2646|960
99|0.7177, 0.8786, -1.5120, -1.8341, 0.5348, -0.8986, 1.1972, 1.2932|320
