0|-0.0603, 0.0064, -0.3096, 0.4553, -1.3656, 0.7714, -1.2151, -1.4093|0
1|-0.0092, -0.0558, -0.3639, 0.4501, -1.3751, 0.7489, -1.2739, -1.4586|0
2|0.0370, -0.0831, -0.3607, 0.4919, -1.3463, 0.7749, -1.3644, -1.4370|0
3|0.0496, 0.0312, -0.4738, 0.6248, -1.3210, 0.7787, -1.4256, -1.4017|0
4|0.0504, -0.0081, -0.4828, 0.6017, -1.3716, 0.7951, -1.4840, -1.4012|0
5|0.0348, 0.0327, -0.4346, 0.5889, -1.4001, 0.8011, -1.4536, -1.3065|0
6|0.1250, -0.0264, -0.4942, 0.7056, -1.3232, 0.8991, -1.3941, -1.2933|0
7|0.1284, -0.0183, -0.5292, 0.6383, -1.4230, 0.9091, -1.4465, -1.3349|0
8|0.1473, -0.0548, -0.5931, 0.6207, -1.4511, 0.8475, -1.3815, -1.2859|0
9|0.1646, -0.0085, -0.6093, 0.5808, -1.4502, 0.8605, -1.3975, -1.2521|40
10|0.2252, 0.0724, -0.6661, 0.4990, -1.4730, 0.8131, -1.4047, -1.1747|0
11|0.2785, 0.1579, -0.6682, 0.5081, -1.4567, 0.8221, -1.3392, -1.1744|0
12|0.2227, 0.0794, -0.6828, 0.5287, -1.4572, 0.7247, -1.3652, -1.1587|40
13|0.2489, 0.1431, -0.7217, 0.5169, -1.4497, 0.6073, -1.3076, -1.1807|0
14|0.1520, 0.0586, -0.7324, 0.4920, -1.3887, 0.5995, -1.3435, -1.1362|100
15|0.1357, 0.0978, -0.8060, 0.4398, -1.4251, 0.6159, -1.3100, -1.1265|0
16|0.1015, 0.0739, -0.7905, 0.3813, -1.3886, 0.5900, -1.3519, -1.1120|0
17|0.1244, 0.0698, -0.7993, 0.3709, -1.4159, 0.5663, -1.3697, -1.1208|0
18|0.1397, 0.0760, -0.8428, 0.3078, -1.3732, 0.5522, -1.4737, -1.1255|80
19|0.0697, 0.1190, -0.8841, 0.2352, -1.3448, 0.5694, -1.5705, -1.1564|0
20|0.0798, 0.1230, -0.9292, 0.2562, -1.2889, 0.5747, -1.5029, -1.1328|40
21|0.1021, 0.1924, -0.9834, 0.1605, -1.3134, 0.5056, -1.4682, -1.1924|0
22|0.1267, 0.1056, -0.9885, 0.0353, -1.2819, 0.4808, -1.4981, -1.1670|0
23|0.1347, 0.1504, -1.0262, -0.0379, -1.2735, 0.4364, -1.5253, -1.1376|0
24|0.1179, 0.0968, -1.0078, -0.1590, -1.3642, 0.4286, -1.5496, -1.0615|120
25|0.1240, 0.1841, -0.9855, -0.2377, -1.3391, 0.3987, -1.5853, -1.0589|120
26|0.0864, 0.1601, -0.9874, -0.3235, -1.3235, 0.2388, -1.6094, -1.1302|0
27|0.1273, 0.2217, -0.9650, -0.3159, -1.3002, 0.1821, -1.5066, -1.1116|40
28|0.1534, 0.1706, -1.0303, -0.4047, -1.1957, 0.1631, -1.5697, -1.1167|160
29|0.1850, 0.0297, -1.0324, -0.4657, -1.2558, 0.0828, -1.5815, -1.1062|40
30|0.2512, 0.0101, -0.9901, -0.5042, -1.3010, 0.0176, -1.5298, -1.1232|120
31|0.3155, -0.0906, -0.9575, -0.4576, -1.3191, -0.0158, -1.4956, -1.1463|840
32|0.3651, -0.1393, -0.9493, -0.5395, -1.2118, -0.0039, -1.4050, -1.1270|240
33|0.3324, -0.1444, -0.9241, -0.5454, -1.1937, -0.0907, -1.2762, -1.1085|320
34|0.3604, -0.2651, -0.9785, -0.5096, -1.1510, -0.0749, -1.3243, -1.0558|520
35|0.3933, -0.2156, -1.0148, -0.5581, -1.2018, -0.1282, -1.3405, -1.0217|300
36|0.3467, -0.2052, -1.0078, -0.6315, -1.1722, -0.1406, -1.3287, -0.9549|440
37|0.3487, -0.2786, -0.9373, -0.7045, -1.1217, -0.1921, -1.3181, -0.9279|380
38|0.3791, -0.3261, -0.9983, -0.6843, -1.1465, -0.2268, -1.3108, -0.9557|1040
39|0.4475, -0.4249, -0.9425, -0.6542, -1.1758, -0.2183, -1.3073, -0.9259|1320
40|0.4469, -0.5286, -0.8610, -0.7746, -1.0823, -0.2224, -1.2375, -0.9750|560
41|0.4271, -0.5217, -0.8112, -0.8123, -1.0484, -0.3130, -1.2096, -0.9303|880
42|0.4551, -0.5459, -0.7849, -0.7725, -1.1042, -0.3017, -1.2707, -0.8745|180
43|0.5107, -0.6518, -0.7953, -0.7831, -1.1446, -0.3349, -1.2707, -0.8189|420
44|0.5671, -0.7334, -0.7593, -0.7527, -1.1039, -0.3547, -1.1520, -0.7837|560
45|0.5553, -0.7456, -0.7656, -0.7468, -1.1285, -0.4016, -1.2370, -0.7180|420
46|0.6194, -0.7519, -0.7713, -0.7513, -1.1522, -0.4273, -1.1434, -0.6626|660
47|0.6991, -0.7849, -0.8349, -0.6299, -1.1285, -0.3096, -1.0994, -0.6396|2740
48|0.7196, -0.8214, -0.8958, -0.6349, -1.0344, -0.3429, -1.0432, -0.5305|940
49|0.7630, -0.8836, -0.8534, -0.5883, -1.1108, -0.3333, -1.1257, -0.4201|380
50|0.6963, -0.9711, -0.7788, -0.6038, -1.1857, -0.4108, -1.1901, -0.4143|720
51|0.7019, -0.9738, -0.7746, -0.5981, -1.1574, -0.4711, -1.1761, -0.3587|1600
52|0.7920, -1.0372, -0.8552, -0.5011, -1.1824, -0.4526, -1.1121, -0.3536|320
53|0.8831, -1.0543, -0.8299, -0.4939, -1.2307, -0.5708, -0.9823, -0.2764|2080
54|0.9268, -1.1039, -0.8071, -0.5027, -1.2063, -0.5652, -0.9215, -0.1684|2800
55|0.9111, -1.1797, -0.7922, -0.5155, -1.1959, -0.4649, -0.8458, -0.0701|440
56|1.0179, -1.1348, -0.9219, -0.4103, -1.2293, -0.4505, -0.8975, -0.1027|700
57|1.0240, -1.1792, -0.8680, -0.4638, -1.1705, -0.4402, -0.8971, -0.0915|740
58|1.0717, -1.2977, -0.8363, -0.4718, -1.0984, -0.5460, -0.8604, -0.1440|1280
59|1.0105, -1.4049, -0.8665, -0.4413, -1.0558, -0.4894, -0.8366, -0.1500|1600
60|0.9688, -1.5293, -0.7893, -0.4893, -1.1024, -0.5587, -0.7691, -0.1467|1720
61|0.9422, -1.5392, -0.8443, -0.4470, -1.1044, -0.4967, -0.7575, -0.0189|300
62|0.9732, -1.5055, -0.7674, -0.4790, -0.9952, -0.4909, -0.7952, 0.0472|1460
63|0.8880, -1.5341, -0.7010, -0.4278, -1.0040, -0.5232, -0.7736, -0.0543|2080
64|0.8496, -1.4856, -0.6530, -0.4287, -0.9121, -0.4640, -0.7424, -0.0788|4760
65|0.8649, -1.5652, -0.6012, -0.3184, -0.8693, -0.4393, -0.7668, -0.1581|2520
66|0.8713, -1.6096, -0.5563, -0.3881, -0.8227, -0.4320, -0.6547, -0.1360|2680
67|0.8859, -1.6218, -0.5550, -0.3869, -0.8577, -0.3025, -0.6811, -0.1220|1400
68|0.9122, -1.6831, -0.5766, -0.4312, -0.7476, -0.2873, -0.6651, -0.0805|2540
69|0.8955, -1.7442, -0.4300, -0.3282, -0.6365, -0.3131, -0.6100, -0.0690|3500
70|0.9928, -1.8262, -0.3628, -0.2407, -0.6565, -0.3325, -0.5346, -0.1526|9200
71|1.0233, -1.8714, -0.3402, -0.2293, -0.5495, -0.3607, -0.4140, -0.1244|580
72|1.0499, -1.8407, -0.2144, -0.1933, -0.4949, -0.2947, -0.3869, -0.0414|9380
73|1.0215, -1.9162, -0.1916, -0.1649, -0.3060, -0.2541, -0.3678, 0.0126|9200
74|1.0166, -1.9416, -0.2003, -0.2627, -0.2766, -0.0717, -0.2680, 0.0680|16420
75|1.0218, -1.9756, -0.0577, -0.1289, -0.2447, -0.0581, -0.2520, 0.0705|23640
76|0.9950, -2.0064, -0.1005, -0.1852, -0.1549, -0.0683, -0.1444, 0.0274|23580
77|0.9823, -2.0383, -0.1111, -0.2085, -0.0548, -0.0138, -0.1198, 0.0570|214480
78|0.9703, -2.0544, -0.1156, -0.2814, -0.0974, 0.1123, -0.0169, 0.1191|85700
79|0.9388, -2.1387, -0.1094, -0.3011, -0.0451, 0.0108, 0.0175, 0.0954|26560
80|0.9753, -2.2693, -0.1347, -0.2671, 0.0232, 0.1282, 0.0385, 0.0142|19600
81|0.9731, -2.2124, -0.0177, -0.3506, -0.0517, 0.0518, 0.0452, 0.0802|185340
82|0.9961, -2.2765, -0.1185, -0.2709, 0.0087, 0.0255, 0.0026, 0.1316|391080
83|1.0265, -2.3088, -0.0152, -0.3196, -0.1446, 0.0280, -0.0555, 0.0331|130560
84|0.9485, -2.3213, -0.1135, -0.2031, -0.0245, 0.0118, -0.1328, 0.1251|16240
85|0.9042, -2.3644, -0.0274, -0.2700, -0.0926, -0.0279, -0.0653, 0.1284|3400
86|0.9232, -2.3556, -0.1419, -0.2947, -0.0125, -0.0082, -0.0462, 0.0862|175460
87|0.9926, -2.3531, -0.1119, -0.3023, -0.0380, 0.0686, -0.0198, 0.1206|137460
88|1.0147, -2.3669, -0.0512, -0.2647, -0.0878, 0.0872, -0.0287, 0.0690|233400
89|1.0928, -2.4075, -0.1698, -0.2597, -0.0759, -0.0245, -0.0441, 0.1168|49200
90|1.1369, -2.3845, -0.0433, -0.2888, -0.1013, -0.0137, -0.0591, 0.1699|130640
91|1.0725, -2.3604, -0.1634, -0.2464, -0.1048, 0.0069, 0.0579, 0.1580|23200
92|1.0758, -2.3100, -0.0756, -0.2851, -0.0455, 0.0090, -0.0734, 0.1592|120360
93|1.1799, -2.3268, -0.0654, -0.2462, -0.0685, 0.0222, -0.0375, 0.0651|757380
94|1.1966, -2.3541, -0.0330, -0.2984, -0.0674, 0.0857, -0.0910, 0.0898|343360
95|1.1860, -2.3539, -0.1291, -0.2413, -0.0480, 0.0312, -0.0006, 0.1287|1813560
96|1.2552, -2.4396, -0.0974, -0.3472, -0.1335, 0.0353, -0.0221, 0.0976|22640
97|1.2797, -2.4198, -0.1431, -0.2498, -0.1348, 0.0527, -0.0636, 0.1847|6840
98|1.3051, -2.4012, -0.0740, -0.2613, -0.0963, 0.0084, -0.0524, 0.2301|379240
99|1.3007, -2.3695, -0.1204, -0.2646, -0.1150, -0.0630, -0.0320, 0.1632|74520
