0|1.4663, 0.7479, -0.6830, -1.4367, 0.3363, 1.1860, 0.8798, -0.3710|500
1|1.4715, 0.7441, -0.6993, -1.4289, 0.3391, 1.1871, 0.8742, -0.3467|600
2|1.4880, 0.7490, -0.7205, -1.4303, 0.3212, 1.1786, 0.8636, -0.3555|480
3|1.4939, 0.7302, -0.7328, -1.4251, 0.2941, 1.1578, 0.8781, -0.3555|480
4|1.5056, 0.7128, -0.7210, -1.4273, 0.3102, 1.1614, 0.8729, -0.3688|260
5|1.4980, 0.7058, -0.7363, -1.4242, 0.3051, 1.1635, 0.8724, -0.3718|440
6|1.4954, 0.7037, -0.7493, -1.4309, 0.2877, 1.1725, 0.8844, -0.3600|180
7|1.5031, 0.7033, -0.7554, -1.4330, 0.2878, 1.1341, 0.8810, -0.3609|320
8|1.5194, 0.7166, -0.7489, -1.4313, 0.2820, 1.1072, 0.8869, -0.3614|220
9|1.5185, 0.7239, -0.7504, -1.4392, 0.2841, 1.1022, 0.8874, -0.3495|280
10|1.5204, 0.7221, -0.7626, -1.4417, 0.2779, 1.0883, 0.8877, -0.3518|860
11|1.5377, 0.7258, -0.7776, -1.4537, 0.2764, 1.0834, 0.8827, -0.3334|80
12|1.5489, 0.7370, -0.7820, -1.4508, 0.2683, 1.0749, 0.8668, -0.3477|160
13|1.5615, 0.7455, -0.7852, -1.4366, 0.2626, 1.0639, 0.8645, -0.3537|200
14|1.5684, 0.7479, -0.7868, -1.4129, 0.2710, 1.0706, 0.8735, -0.3467|120
15|1.5818, 0.7364, -0.7838, -1.4274, 0.2682, 1.0670, 0.8878, -0.3480|580
16|1.5805, 0.7378, -0.7723, -1.4332, 0.2726, 1.0414, 0.8825, -0.3465|240
17|1.6101, 0.7215, -0.8017, -1.4281, 0.2744, 1.0307, 0.8744, -0.3566|200
18|1.6181, 0.7052, -0.7999, -1.4411, 0.2812, 1.0201, 0.8729, -0.3422|360
19|1.6198, 0.6890, -0.7979, -1.4381, 0.2742, 1.0129, 0.8789, -0.3164|120
20|1.6357, 0.6848, -0.8015, -1.4299, 0.2692, 1.0139, 0.8648, -0.3019|720
21|1.6475, 0.6814, -0.8069, -1.4294, 0.2652, 1.0144, 0.8580, -0.2977|360
22|1.6466, 0.6708, -0.8252, -1.4302, 0.2728, 1.0017, 0.8643, -0.2788|600
23|1.6646, 0.6722, -0.8414, -1.4421, 0.2662, 0.9969, 0.8712, -0.2908|160
24|1.6786, 0.6789, -0.8604, -1.4316, 0.2720, 0.9771, 0.8720, -0.2881|640
25|1.6703, 0.6983, -0.8575, -1.4222, 0.2814, 0.9645, 0.8694, -0.2784|320
26|1.6791, 0.7191, -0.8590, -1.4183, 0.2914, 0.9393, 0.8700, -0.2879|80
27|1.6808, 0.7127, -0.8615, -1.4209, 0.2924, 0.9236, 0.8747, -0.2715|80
28|1.6847, 0.7067, -0.8714, -1.4226, 0.2857, 0.9094, 0.8678, -0.2603|700
29|1.6889, 0.7057, -0.8757, -1.4154, 0.2816, 0.8841, 0.8721, -0.2722|200
30|1.7159, 0.6934, -0.8908, -1.4207, 0.2882, 0.8792, 0.8817, -0.2733|180
31|1.7003, 0.6709, -0.9095, -1.4143, 0.3014, 0.8920, 0.8672, -0.2710|240
32|1.7015, 0.6542, -0.9394, -1.4346, 0.3000, 0.8781, 0.8475, -0.2587|520
33|1.7013, 0.6439, -0.9491, -1.4375, 0.2982, 0.8671, 0.8492, -0.2519|360
34|1.6947, 0.6476, -0.9696, -1.4574, 0.2852, 0.8631, 0.8551, -0.2521|300
35|1.7061, 0.6365, -0.9917, -1.4618, 0.2930, 0.8681, 0.8538, -0.2481|920
36|1.6966, 0.6233, -0.9955, -1.4469, 0.2719, 0.8738, 0.8646, -0.2565|560
37|1.6941, 0.6174, -1.0194, -1.4507, 0.2718, 0.8824, 0.8476, -0.2588|580
38|1.6926, 0.5892, -1.0110, -1.4390, 0.2631, 0.8641, 0.8392, -0.2439|680
39|1.7083, 0.5908, -1.0172, -1.4387, 0.2587, 0.8629, 0.8446, -0.2500|760
40|1.6944, 0.5832, -1.0273, -1.4264, 0.2601, 0.8398, 0.8362, -0.2506|1060
41|1.6886, 0.5724, -1.0275, -1.4504, 0.2510, 0.8406, 0.8401, -0.2354|80
42|1.6974, 0.5744, -1.0327, -1.4606, 0.2481, 0.8481, 0.8453, -0.2291|600
43|1.6996, 0.5491, -1.0417, -1.4653, 0.2403, 0.8573, 0.8534, -0.2312|360
44|1.7257, 0.5253, -1.0475, -1.4692, 0.2336, 0.8398, 0.8416, -0.2274|300
45|1.7297, 0.5197, -1.0452, -1.4655, 0.2361, 0.8494, 0.8444, -0.2228|280
46|1.7430, 0.5175, -1.0594, -1.4700, 0.2436, 0.8295, 0.8488, -0.2279|380
47|1.7476, 0.5082, -1.0537, -1.4706, 0.2435, 0.8227, 0.8453, -0.2201|1560
48|1.7544, 0.4936, -1.0524, -1.4595, 0.2467, 0.8296, 0.8412, -0.2189|240
49|1.7514, 0.4950, -1.0722, -1.4799, 0.2479, 0.8080, 0.8440, -0.2129|580
50|1.7575, 0.4861, -1.0682, -1.4839, 0.2460, 0.8177, 0.8428, -0.2267|220
51|1.7658, 0.4683, -1.0784, -1.4841, 0.2513, 0.8021, 0.8451, -0.2252|80
52|1.7522, 0.4613, -1.0888, -1.4818, 0.2649, 0.8193, 0.8468, -0.2232|1100
53|1.7685, 0.4528, -1.0947, -1.4775, 0.2539, 0.8149, 0.8524, -0.2280|1320
54|1.7803, 0.4271, -1.0919, -1.4789, 0.2592, 0.8189, 0.8504, -0.2395|500
55|1.7850, 0.4170, -1.0755, -1.4764, 0.2642, 0.7977, 0.8573, -0.2314|760
56|1.7830, 0.4183, -1.0617, -1.4825, 0.2576, 0.7996, 0.8676, -0.2329|240
57|1.7926, 0.4045, -1.0703, -1.4658, 0.2380, 0.8072, 0.8875, -0.2400|700
58|1.7972, 0.4075, -1.0749, -1.4723, 0.2240, 0.8127, 0.8866, -0.2397|2120
59|1.8006, 0.3869, -1.0774, -1.4800, 0.2206, 0.8054, 0.8963, -0.2453|680
60|1.7950, 0.3747, -1.0825, -1.4740, 0.2193, 0.8076, 0.9037, -0.2527|1600
61|1.7841, 0.3777, -1.1098, -1.4576, 0.2146, 0.8073, 0.8834, -0.2504|1880
62|1.7902, 0.3861, -1.1032, -1.4525, 0.2065, 0.8158, 0.8909, -0.2501|240
63|1.7812, 0.3852, -1.1122, -1.4554, 0.1983, 0.8029, 0.8917, -0.2533|140
64|1.7816, 0.3950, -1.1202, -1.4484, 0.2120, 0.8122, 0.9101, -0.2348|680
65|1.7854, 0.3906, -1.1204, -1.4414, 0.1963, 0.8098, 0.9020, -0.2405|2000
66|1.7874, 0.3973, -1.1362, -1.4293, 0.2024, 0.8023, 0.9139, -0.2506|1020
67|1.7941, 0.3926, -1.1531, -1.4426, 0.2103, 0.8001, 0.9156, -0.2418|540
68|1.7915, 0.3790, -1.1620, -1.4325, 0.1953, 0.7956, 0.9143, -0.2482|480
69|1.7962, 0.3706, -1.1484, -1.4387, 0.2037, 0.7870, 0.9012, -0.2459|240
70|1.8174, 0.3612, -1.1409, -1.4499, 0.2050, 0.7713, 0.8997, -0.2420|580
71|1.8299, 0.3383, -1.1387, -1.4576, 0.1994, 0.7590, 0.9098, -0.2442|240
72|1.8148, 0.3408, -1.1353, -1.4415, 0.2199, 0.7732, 0.9190, -0.2333|400
73|1.8164, 0.3270, -1.1438, -1.4379, 0.2192, 0.7788, 0.9299, -0.2372|680
74|1.8227, 0.3185, -1.1431, -1.4449, 0.2220, 0.7793, 0.9009, -0.2285|640
75|1.8191, 0.3140, -1.1502, -1.4654, 0.2264, 0.7745, 0.9168, -0.2215|720
76|1.8315, 0.3113, -1.1460, -1.4613, 0.2257, 0.7581, 0.9170, -0.2179|240
77|1.8207, 0.3054, -1.1498, -1.4646, 0.2252, 0.7508, 0.9213, -0.2033|860
78|1.8250, 0.3012, -1.1727, -1.4767, 0.2189, 0.7386, 0.9240, -0.1963|160
79|1.8237, 0.2944, -1.1763, -1.4821, 0.2262, 0.7208, 0.9141, -0.2206|980
80|1.8207, 0.2912, -1.1910, -1.4720, 0.2192, 0.7095, 0.9291, -0.2129|300
81|1.8277, 0.2770, -1.1999, -1.4811, 0.2119, 0.7195, 0.9410, -0.2108|500
82|1.8310, 0.2619, -1.2044, -1.4752, 0.2133, 0.6960, 0.9340, -0.2238|320
83|1.8302, 0.2645, -1.2083, -1.4651, 0.2253, 0.6932, 0.9252, -0.2353|500
84|1.8369, 0.2616, -1.2134, -1.4713, 0.2421, 0.6984, 0.9061, -0.2370|280
85|1.8471, 0.2654, -1.2319, -1.4740, 0.2398, 0.7014, 0.9046, -0.2401|1020
86|1.8455, 0.2641, -1.2364, -1.4652, 0.2403, 0.6911, 0.8968, -0.2362|1020
87|1.8514, 0.2734, -1.2395, -1.4614, 0.2365, 0.6881, 0.9131, -0.2250|720
88|1.8520, 0.2688, -1.2478, -1.4635, 0.2357, 0.6834, 0.8977, -0.2400|2260
89|1.8686, 0.2536, -1.2510, -1.4671, 0.2218, 0.6864, 0.8929, -0.2469|720
90|1.8645, 0.2598, -1.2622, -1.4653, 0.2216, 0.6776, 0.9028, -0.2499|1020
91|1.8765, 0.2477, -1.2530, -1.4723, 0.2173, 0.6936, 0.9033, -0.2465|940
92|1.8745, 0.2552, -1.2582, -1.4708, 0.2065, 0.6839, 0.9193, -0.2431|520
93|1.8774, 0.2554, -1.2732, -1.4545, 0.2032, 0.6858, 0.9096, -0.2492|1740
94|1.8873, 0.2433, -1.2779, -1.4498, 0.2064, 0.6689, 0.9218, -0.2517|600
95|1.8738, 0.2474, -1.2640, -1.4747, 0.2032, 0.6615, 0.9349, -0.2488|780
96|1.8837, 0.2344, -1.2582, -1.4584, 0.1923, 0.6688, 0.9285, -0.2381|960
97|1.9012, 0.2475, -1.2614, -1.4583, 0.1793, 0.6498, 0.9428, -0.2324|560
98|1.9172, 0.2345, -1.2519, -1.4582, 0.1736, 0.6314, 0.9438, -0.2209|440
99|1.9177, 0.2214, -1.2427, -1.4629, 0.1746, 0.6144, 0.9371, -0.2363|640
