0|-0.0667, 1.0344, -0.9810, -1.3611, 0.9718, 0.8282, 0.9974, 0.4669|100
1|-0.0675, 1.0328, -0.9836, -1.3515, 0.9707, 0.8292, 0.9997, 0.4532|240
2|-0.0655, 1.0394, -0.9846, -1.3519, 0.9761, 0.8251, 1.0026, 0.4495|0
3|-0.0575, 1.0426, -0.9834, -1.3586, 0.9745, 0.8370, 1.0051, 0.4445|80
4|-0.0564, 1.0517, -0.9855, -1.3601, 0.9624, 0.8400, 1.0012, 0.4293|960
5|-0.0538, 1.0539, -0.9886, -1.3650, 0.9573, 0.8230, 1.0036, 0.4234|80
6|-0.0515, 1.0558, -0.9895, -1.3743, 0.9523, 0.8262, 1.0058, 0.4246|380
7|-0.0465, 1.0519, -0.9878, -1.3733, 0.9564, 0.8231, 1.0079, 0.4365|140
8|-0.0478, 1.0580, -0.9810, -1.3747, 0.9535, 0.8129, 1.0038, 0.4330|0
9|-0.0508, 1.0591, -0.9801, -1.3741, 0.9490, 0.8086, 1.0055, 0.4287|80
10|-0.0472, 1.0622, -0.9925, -1.3819, 0.9420, 0.8124, 0.9990, 0.4242|140
11|-0.0457, 1.0526, -0.9921, -1.3824, 0.9312, 0.8044, 0.9996, 0.4259|80
12|-0.0435, 1.0497, -0.9956, -1.3924, 0.9302, 0.8015, 0.9969, 0.4312|280
13|-0.0404, 1.0460, -0.9918, -1.4025, 0.9298, 0.7999, 0.9949, 0.4336|0
14|-0.0416, 1.0494, -0.9968, -1.4075, 0.9265, 0.7992, 1.0038, 0.4253|40
15|-0.0320, 1.0484, -1.0000, -1.4173, 0.9242, 0.7901, 1.0038, 0.4287|180
16|-0.0344, 1.0547, -1.0005, -1.4239, 0.9145, 0.7856, 0.9943, 0.4324|180
17|-0.0317, 1.0450, -0.9997, -1.4318, 0.9234, 0.7843, 0.9914, 0.4323|40
18|-0.0312, 1.0470, -0.9944, -1.4339, 0.9284, 0.7767, 0.9893, 0.4264|40
19|-0.0271, 1.0449, -0.9972, -1.4355, 0.9249, 0.7747, 0.9848, 0.4284|160
20|-0.0308, 1.0458, -0.9960, -1.4415, 0.9251, 0.7766, 0.9960, 0.4238|180
21|-0.0340, 1.0465, -0.9930, -1.4302, 0.9190, 0.7728, 1.0084, 0.4111|0
22|-0.0259, 1.0442, -0.9864, -1.4295, 0.9100, 0.7666, 1.0112, 0.4114|200
23|-0.0278, 1.0440, -0.9877, -1.4305, 0.9116, 0.7690, 1.0170, 0.4079|180
24|-0.0232, 1.0440, -0.9862, -1.4367, 0.9051, 0.7642, 1.0164, 0.4051|40
25|-0.0165, 1.0470, -0.9915, -1.4353, 0.8985, 0.7507, 1.0114, 0.4068|0
26|-0.0206, 1.0483, -0.9858, -1.4405, 0.8896, 0.7504, 1.0122, 0.4084|40
27|-0.0273, 1.0452, -0.9885, -1.4340, 0.8932, 0.7447, 1.0102, 0.4045|80
28|-0.0236, 1.0486, -0.9828, -1.4391, 0.8939, 0.7430, 1.0123, 0.4093|40
29|-0.0203, 1.0532, -0.9828, -1.4429, 0.8930, 0.7422, 1.0103, 0.4147|240
30|-0.0077, 1.0497, -0.9856, -1.4372, 0.8896, 0.7381, 1.0080, 0.4146|220
31|-0.0084, 1.0441, -0.9873, -1.4440, 0.8708, 0.7366, 1.0150, 0.4154|120
32|-0.0069, 1.0393, -0.9924, -1.4497, 0.8643, 0.7373, 1.0067, 0.4143|40
33|-0.0127, 1.0297, -0.9914, -1.4615, 0.8547, 0.7357, 1.0100, 0.4169|100
34|-0.0092, 1.0317, -0.9854, -1.4612, 0.8493, 0.7294, 1.0140, 0.4180|380
35|-0.0064, 1.0189, -0.9946, -1.4601, 0.8498, 0.7323, 1.0078, 0.4215|280
36|-0.0102, 1.0163, -0.9899, -1.4632, 0.8473, 0.7416, 1.0099, 0.4233|140
37|-0.0055, 1.0029, -0.9878, -1.4698, 0.8423, 0.7382, 1.0150, 0.4317|420
38|-0.0049, 0.9999, -0.9858, -1.4663, 0.8403, 0.7273, 1.0162, 0.4312|1180
39|-0.0036, 0.9949, -0.9843, -1.4681, 0.8362, 0.7214, 1.0149, 0.4371|40
40|0.0013, 0.9911, -0.9835, -1.4764, 0.8317, 0.7220, 1.0165, 0.4343|200
41|-0.0033, 0.9955, -0.9815, -1.4768, 0.8317, 0.7203, 1.0246, 0.4276|380
42|-0.0094, 1.0016, -0.9781, -1.4909, 0.8268, 0.7189, 1.0246, 0.4340|340
43|-0.0118, 1.0112, -0.9783, -1.4968, 0.8214, 0.7205, 1.0343, 0.4371|280
44|-0.0123, 1.0192, -0.9809, -1.4880, 0.8182, 0.7201, 1.0270, 0.4316|200
45|-0.0068, 1.0208, -0.9786, -1.4828, 0.8159, 0.7126, 1.0245, 0.4348|1600
46|-0.0025, 1.0174, -0.9846, -1.4838, 0.8130, 0.7130, 1.0253, 0.4502|220
47|0.0003, 1.0159, -0.9800, -1.4863, 0.8124, 0.7143, 1.0198, 0.4516|600
48|-0.0046, 1.0171, -0.9804, -1.4788, 0.8006, 0.7178, 1.0209, 0.4486|500
49|-0.0003, 1.0188, -0.9851, -1.4755, 0.7983, 0.7111, 1.0205, 0.4641|0
50|0.0017, 1.0268, -0.9868, -1.4869, 0.7986, 0.7034, 1.0133, 0.4654|80
51|0.0027, 1.0261, -0.9764, -1.4941, 0.7951, 0.7040, 1.0130, 0.4629|120
52|0.0021, 1.0212, -0.9690, -1.5002, 0.8014, 0.7019, 1.0125, 0.4624|80
53|0.0050, 1.0243, -0.9770, -1.5020, 0.7952, 0.6929, 1.0081, 0.4626|240
54|0.0039, 1.0176, -0.9778, -1.5044, 0.8005, 0.6888, 1.0116, 0.4666|40
55|0.0025, 1.0147, -0.9917, -1.5064, 0.7976, 0.6891, 1.0108, 0.4655|160
56|0.0059, 1.0140, -0.9926, -1.5090, 0.8007, 0.6887, 1.0225, 0.4566|120
57|0.0086, 1.0147, -0.9889, -1.5135, 0.8077, 0.6870, 1.0261, 0.4577|160
58|0.0148, 1.0135, -0.9835, -1.5156, 0.8008, 0.6774, 1.0253, 0.4487|0
59|0.0174, 1.0075, -0.9876, -1.5154, 0.8114, 0.6703, 1.0190, 0.4485|40
60|0.0192, 1.0072, -0.9893, -1.5133, 0.8124, 0.6679, 1.0185, 0.4482|40
61|0.0199, 1.0061, -0.9901, -1.5145, 0.8133, 0.6605, 1.0190, 0.4535|560
62|0.0183, 1.0130, -0.9911, -1.5222, 0.8036, 0.6552, 1.0223, 0.4556|120
63|0.0169, 1.0127, -0.9971, -1.5225, 0.8049, 0.6516, 1.0236, 0.4541|400
64|0.0161, 1.0094, -0.9844, -1.5220, 0.8066, 0.6556, 1.0274, 0.4517|260
65|0.0105, 1.0038, -0.9865, -1.5292, 0.8087, 0.6474, 1.0261, 0.4482|180
66|0.0052, 0.9995, -0.9842, -1.5302, 0.8065, 0.6457, 1.0340, 0.4590|140
67|0.0092, 0.9945, -0.9754, -1.5257, 0.8006, 0.6465, 1.0319, 0.4602|440
68|0.0031, 0.9910, -0.9758, -1.5402, 0.8010, 0.6490, 1.0272, 0.4609|100
69|0.0069, 0.9898, -0.9756, -1.5434, 0.7993, 0.6441, 1.0281, 0.4633|220
70|0.0041, 0.9908, -0.9703, -1.5437, 0.7992, 0.6479, 1.0203, 0.4625|1800
71|0.0062, 1.0015, -0.9779, -1.5549, 0.8033, 0.6499, 1.0211, 0.4598|80
72|-0.0028, 0.9990, -0.9784, -1.5600, 0.7940, 0.6472, 1.0254, 0.4562|40
73|-0.0125, 0.9966, -0.9848, -1.5645, 0.7831, 0.6421, 1.0334, 0.4595|120
74|-0.0180, 0.9988, -0.9958, -1.5681, 0.7860, 0.6421, 1.0372, 0.4612|0
75|-0.0055, 1.0033, -1.0016, -1.5639, 0.7809, 0.6386, 1.0338, 0.4606|140
76|-0.0102, 1.0035, -1.0053, -1.5731, 0.7852, 0.6334, 1.0409, 0.4590|460
77|-0.0119, 1.0116, -1.0037, -1.5730, 0.7857, 0.6345, 1.0484, 0.4543|260
78|-0.0120, 1.0199, -1.0011, -1.5784, 0.7822, 0.6284, 1.0465, 0.4516|380
79|-0.0096, 1.0159, -0.9896, -1.5758, 0.7843, 0.6273, 1.0528, 0.4528|220
80|-0.0149, 1.0175, -0.9924, -1.5718, 0.7790, 0.6268, 1.0531, 0.4584|180
81|-0.0146, 1.0186, -0.9913, -1.5632, 0.7738, 0.6248, 1.0492, 0.4592|160
82|-0.0091, 1.0208, -0.9907, -1.5647, 0.7758, 0.6270, 1.0534, 0.4475|160
83|-0.0066, 1.0177, -0.9968, -1.5692, 0.7854, 0.6282, 1.0544, 0.4535|80
84|-0.0038, 1.0229, -0.9994, -1.5767, 0.7837, 0.6340, 1.0566, 0.4445|300
85|0.0019, 1.0173, -1.0029, -1.5763, 0.7889, 0.6341, 1.0545, 0.4534|220
86|0.0075, 1.0197, -1.0030, -1.5762, 0.7915, 0.6373, 1.0505, 0.4538|40
87|0.0181, 1.0171, -1.0062, -1.5767, 0.7839, 0.6395, 1.0540, 0.4557|520
88|0.0262, 1.0149, -1.0088, -1.5844, 0.7787, 0.6302, 1.0454, 0.4578|480
89|0.0174, 1.0175, -1.0130, -1.5866, 0.7810, 0.6235, 1.0449, 0.4615|920
90|0.0246, 1.0197, -1.0200, -1.5849, 0.7811, 0.6179, 1.0512, 0.4734|560
91|0.0254, 1.0242, -1.0209, -1.5857, 0.7750, 0.6156, 1.0493, 0.4752|420
92|0.0259, 1.0195, -1.0195, -1.5820, 0.7792, 0.6103, 1.0434, 0.4807|200
93|0.0310, 1.0190, -1.0221, -1.5836, 0.7899, 0.6069, 1.0584, 0.4739|760
94|0.0298, 1.0246, -1.0278, -1.5896, 0.7907, 0.6043, 1.0573, 0.4753|360
95|0.0332, 1.0185, -1.0268, -1.5930, 0.7887, 0.6112, 1.0533, 0.4777|240
96|0.0424, 1.0161, -1.0285, -1.5950, 0.7843, 0.6146, 1.0392, 0.4838|440
97|0.0413, 1.0170, -1.0254, -1.5977, 0.7774, 0.6132, 1.0373, 0.4864|340
98|0.0447, 1.0166, -1.0314, -1.6026, 0.7811, 0.6068, 1.0343, 0.4886|600
99|0.0499, 1.0130, -1.0386, -1.6059, 0.7779, 0.5990, 1.0302, 0.4985|360
