0|-0.7315, 0.4812, -0.2854, -0.6383, -1.0146, -0.1311, -1.0207, 0.9205|160
1|-0.7238, 0.4781, -0.3060, -0.6354, -1.0158, -0.1414, -1.0095, 0.9120|0
2|-0.7260, 0.4746, -0.3227, -0.6477, -1.0142, -0.1359, -0.9922, 0.9154|140
3|-0.7266, 0.4655, -0.3287, -0.6576, -1.0166, -0.1351, -1.0044, 0.9059|660
4|-0.7280, 0.4544, -0.3370, -0.6657, -1.0096, -0.1423, -1.0090, 0.9137|0
5|-0.7180, 0.4524, -0.3541, -0.6737, -1.0019, -0.1523, -1.0158, 0.9127|200
6|-0.7064, 0.4524, -0.3698, -0.6779, -1.0195, -0.1626, -0.9978, 0.9139|80
7|-0.6942, 0.4384, -0.3907, -0.6921, -1.0357, -0.1756, -0.9936, 0.9214|240
8|-0.6802, 0.4246, -0.4004, -0.6890, -1.0443, -0.1635, -0.9899, 0.9236|260
9|-0.6741, 0.4078, -0.4240, -0.6738, -1.0400, -0.1651, -0.9864, 0.9079|80
10|-0.6765, 0.4079, -0.4375, -0.6848, -1.0449, -0.1631, -0.9824, 0.9041|40
11|-0.6609, 0.4100, -0.4310, -0.6895, -1.0481, -0.1731, -0.9880, 0.9104|260
12|-0.6662, 0.4170, -0.4332, -0.6840, -1.0505, -0.1740, -0.9871, 0.8969|440
13|-0.6644, 0.4118, -0.4328, -0.6917, -1.0348, -0.1756, -0.9873, 0.8976|0
14|-0.6600, 0.4100, -0.4307, -0.6882, -1.0345, -0.1719, -0.9972, 0.8831|80
15|-0.6644, 0.3964, -0.4327, -0.6797, -1.0470, -0.1763, -1.0145, 0.8792|160
16|-0.6644, 0.3999, -0.4422, -0.6908, -1.0463, -0.1759, -1.0076, 0.8705|80
17|-0.6703, 0.3922, -0.4621, -0.6987, -1.0510, -0.1848, -0.9917, 0.8795|160
18|-0.6651, 0.3869, -0.4681, -0.7031, -1.0502, -0.1972, -0.9932, 0.8812|120
19|-0.6642, 0.3804, -0.4771, -0.6955, -1.0536, -0.1990, -0.9969, 0.8797|0
20|-0.6556, 0.3726, -0.4861, -0.7011, -1.0502, -0.2018, -0.9912, 0.8761|80
21|-0.6523, 0.3657, -0.4978, -0.6979, -1.0480, -0.2135, -0.9853, 0.8766|160
22|-0.6422, 0.3558, -0.5154, -0.6978, -1.0501, -0.2167, -0.9832, 0.8797|180
23|-0.6264, 0.3448, -0.5216, -0.7057, -1.0408, -0.2292, -0.9747, 0.8747|200
24|-0.6113, 0.3478, -0.5219, -0.7073, -1.0357, -0.2393, -0.9752, 0.8704|420
25|-0.6137, 0.3432, -0.5325, -0.7082, -1.0322, -0.2531, -0.9811, 0.8718|160
26|-0.6112, 0.3316, -0.5488, -0.7041, -1.0351, -0.2675, -0.9872, 0.8783|500
27|-0.6023, 0.3135, -0.5636, -0.7022, -1.0387, -0.2776, -0.9825, 0.8858|520
28|-0.5965, 0.2980, -0.5691, -0.7055, -1.0361, -0.2831, -0.9865, 0.8858|160
29|-0.5889, 0.2945, -0.5698, -0.7198, -1.0339, -0.2701, -0.9875, 0.8860|120
30|-0.5968, 0.2985, -0.5767, -0.7275, -1.0214, -0.2703, -0.9871, 0.8789|280
31|-0.5798, 0.2998, -0.5762, -0.7386, -1.0236, -0.2687, -0.9851, 0.8675|80
32|-0.5725, 0.2910, -0.5817, -0.7468, -1.0144, -0.2747, -0.9817, 0.8560|40
33|-0.5627, 0.2976, -0.5889, -0.7433, -1.0152, -0.2752, -0.9828, 0.8521|340
34|-0.5676, 0.3005, -0.5761, -0.7354, -1.0195, -0.2753, -0.9763, 0.8379|0
35|-0.5602, 0.2876, -0.5866, -0.7323, -1.0217, -0.2678, -0.9703, 0.8292|160
36|-0.5594, 0.2807, -0.5914, -0.7389, -1.0224, -0.2713, -0.9612, 0.8348|200
37|-0.5612, 0.2731, -0.6094, -0.7309, -1.0334, -0.2714, -0.9613, 0.8427|300
38|-0.5530, 0.2757, -0.6209, -0.7460, -1.0359, -0.2836, -0.9628, 0.8312|120
39|-0.5508, 0.2705, -0.6239, -0.7465, -1.0514, -0.2966, -0.9632, 0.8410|200
40|-0.5421, 0.2713, -0.6319, -0.7520, -1.0573, -0.3040, -0.9600, 0.8431|560
41|-0.5322, 0.2599, -0.6444, -0.7683, -1.0512, -0.3071, -0.9664, 0.8370|120
42|-0.5316, 0.2526, -0.6453, -0.7681, -1.0362, -0.3148, -0.9617, 0.8431|40
43|-0.5268, 0.2452, -0.6467, -0.7821, -1.0393, -0.3200, -0.9563, 0.8485|120
44|-0.5244, 0.2382, -0.6417, -0.7747, -1.0403, -0.3270, -0.9597, 0.8499|200
45|-0.5188, 0.2300, -0.6465, -0.7751, -1.0403, -0.3314, -0.9542, 0.8553|360
46|-0.5024, 0.2285, -0.6482, -0.7680, -1.0400, -0.3356, -0.9521, 0.8558|160
47|-0.4976, 0.2132, -0.6508, -0.7710, -1.0385, -0.3331, -0.9495, 0.8577|360
48|-0.4922, 0.2095, -0.6514, -0.7820, -1.0345, -0.3355, -0.9586, 0.8581|260
49|-0.4960, 0.2028, -0.6492, -0.7818, -1.0215, -0.3476, -0.9671, 0.8579|260
50|-0.4958, 0.2094, -0.6366, -0.7764, -1.0191, -0.3487, -0.9653, 0.8535|200
51|-0.4902, 0.1982, -0.6390, -0.7847, -1.0284, -0.3505, -0.9595, 0.8432|340
52|-0.4891, 0.1878, -0.6519, -0.7848, -1.0159, -0.3564, -0.9468, 0.8390|280
53|-0.4902, 0.1856, -0.6635, -0.7875, -1.0131, -0.3524, -0.9445, 0.8397|620
54|-0.4806, 0.1722, -0.6680, -0.8015, -1.0249, -0.3460, -0.9469, 0.8384|120
55|-0.4692, 0.1761, -0.6809, -0.8014, -1.0202, -0.3415, -0.9371, 0.8286|1080
56|-0.4600, 0.1786, -0.6833, -0.7982, -1.0175, -0.3402, -0.9350, 0.8241|560
57|-0.4457, 0.1651, -0.6946, -0.7961, -1.0206, -0.3435, -0.9301, 0.8241|0
58|-0.4379, 0.1588, -0.6918, -0.7930, -1.0196, -0.3485, -0.9251, 0.8084|240
59|-0.4313, 0.1636, -0.6863, -0.7996, -1.0198, -0.3559, -0.9293, 0.8114|200
60|-0.4162, 0.1577, -0.6860, -0.7999, -1.0142, -0.3636, -0.9317, 0.8147|280
61|-0.4057, 0.1550, -0.6802, -0.7955, -1.0088, -0.3627, -0.9317, 0.8044|280
62|-0.4060, 0.1533, -0.6715, -0.7918, -1.0205, -0.3606, -0.9178, 0.7895|480
63|-0.4015, 0.1511, -0.6662, -0.7937, -1.0195, -0.3674, -0.9148, 0.7954|740
64|-0.3951, 0.1446, -0.6726, -0.7831, -1.0180, -0.3611, -0.9123, 0.7910|900
65|-0.3862, 0.1425, -0.6740, -0.7962, -1.0210, -0.3479, -0.9048, 0.7961|200
66|-0.3863, 0.1366, -0.6703, -0.7916, -1.0356, -0.3575, -0.9086, 0.7935|260
67|-0.3824, 0.1258, -0.6774, -0.7959, -1.0243, -0.3480, -0.9239, 0.8027|840
68|-0.3817, 0.1265, -0.6816, -0.8050, -1.0305, -0.3530, -0.9197, 0.8026|460
69|-0.3792, 0.1091, -0.6840, -0.8027, -1.0306, -0.3571, -0.9217, 0.7975|280
70|-0.3670, 0.1151, -0.6888, -0.8047, -1.0255, -0.3589, -0.9260, 0.8042|360
71|-0.3659, 0.1122, -0.7063, -0.8186, -1.0365, -0.3728, -0.9153, 0.8035|320
72|-0.3544, 0.0948, -0.7082, -0.8178, -1.0453, -0.3792, -0.9009, 0.7917|500
73|-0.3475, 0.0930, -0.7067, -0.8283, -1.0564, -0.3819, -0.8926, 0.7906|200
74|-0.3430, 0.0876, -0.7139, -0.8289, -1.0522, -0.3827, -0.8887, 0.7841|460
75|-0.3324, 0.0929, -0.7240, -0.8313, -1.0557, -0.3892, -0.9023, 0.7735|100
76|-0.3276, 0.0919, -0.7277, -0.8295, -1.0633, -0.3928, -0.8999, 0.7698|220
77|-0.3303, 0.0737, -0.7159, -0.8424, -1.0645, -0.4116, -0.8999, 0.7638|240
78|-0.3167, 0.0772, -0.7216, -0.8466, -1.0571, -0.4117, -0.8953, 0.7773|120
79|-0.3083, 0.0803, -0.7161, -0.8487, -1.0569, -0.4310, -0.9012, 0.7697|140
80|-0.2941, 0.0719, -0.7205, -0.8533, -1.0607, -0.4369, -0.8951, 0.7847|160
81|-0.2916, 0.0728, -0.7250, -0.8512, -1.0740, -0.4347, -0.8943, 0.7809|200
82|-0.2968, 0.0623, -0.7310, -0.8498, -1.0580, -0.4307, -0.8927, 0.7764|480
83|-0.2830, 0.0536, -0.7333, -0.8408, -1.0627, -0.4358, -0.8929, 0.7845|980
84|-0.2802, 0.0460, -0.7344, -0.8331, -1.0543, -0.4412, -0.8901, 0.7758|360
85|-0.2728, 0.0430, -0.7376, -0.8271, -1.0491, -0.4378, -0.9011, 0.7716|620
86|-0.2690, 0.0384, -0.7420, -0.8438, -1.0605, -0.4355, -0.8987, 0.7801|320
87|-0.2712, 0.0279, -0.7492, -0.8501, -1.0626, -0.4376, -0.9040, 0.7909|400
88|-0.2644, 0.0305, -0.7592, -0.8471, -1.0658, -0.4422, -0.9084, 0.7872|200
89|-0.2634, 0.0323, -0.7625, -0.8583, -1.0670, -0.4506, -0.9042, 0.7930|200
90|-0.2642, 0.0179, -0.7725, -0.8556, -1.0593, -0.4584, -0.8838, 0.7933|300
91|-0.2621, 0.0274, -0.7828, -0.8502, -1.0619, -0.4540, -0.8901, 0.8037|140
92|-0.2678, 0.0207, -0.7940, -0.8481, -1.0635, -0.4645, -0.8867, 0.8013|200
93|-0.2705, 0.0139, -0.7926, -0.8453, -1.0565, -0.4737, -0.8923, 0.8071|340
94|-0.2746, 0.0211, -0.7888, -0.8511, -1.0473, -0.4804, -0.9009, 0.8189|240
95|-0.2650, 0.0279, -0.7995, -0.8553, -1.0376, -0.4815, -0.9036, 0.8176|80
96|-0.2640, 0.0220, -0.8034, -0.8658, -1.0367, -0.4799, -0.8961, 0.8201|160
97|-0.2484, 0.0210, -0.8036, -0.8644, -1.0420, -0.4845, -0.8863, 0.8113|160
98|-0.2443, 0.0154, -0.8004, -0.8613, -1.0449, -0.4936, -0.8937, 0.8148|280
99|-0.2452, 0.0127, -0.8039, -0.8559, -1.0389, -0.4888, -0.8941, 0.8122|400
