0|0.1966, -1.4695, -0.7046, -0.7273, -0.4997, -0.1743, 0.6432, 0.1740|2960
1|0.2015, -1.4795, -0.6958, -0.7232, -0.4957, -0.1786, 0.6504, 0.1666|2340
2|0.2097, -1.4837, -0.7025, -0.7125, -0.4959, -0.1699, 0.6378, 0.1678|480
3|0.2170, -1.4827, -0.6961, -0.7060, -0.4969, -0.1749, 0.6319, 0.1655|1160
4|0.2234, -1.4883, -0.6922, -0.7037, -0.4901, -0.1709, 0.6292, 0.1684|980
5|0.2272, -1.4972, -0.6955, -0.6945, -0.4902, -0.1663, 0.6324, 0.1642|3460
6|0.2376, -1.4981, -0.6918, -0.6919, -0.4830, -0.1531, 0.6206, 0.1632|3560
7|0.2504, -1.5070, -0.6848, -0.6964, -0.4872, -0.1441, 0.6167, 0.1611|3020
8|0.2497, -1.5106, -0.6793, -0.6898, -0.4864, -0.1444, 0.6068, 0.1636|1840
9|0.2487, -1.5136, -0.6767, -0.6964, -0.4806, -0.1432, 0.5962, 0.1651|1760
10|0.2528, -1.5124, -0.6683, -0.6916, -0.4792, -0.1481, 0.5889, 0.1614|1100
11|0.2569, -1.5080, -0.6663, -0.6864, -0.4778, -0.1476, 0.5791, 0.1661|1740
12|0.2605, -1.5137, -0.6620, -0.6896, -0.4745, -0.1616, 0.5740, 0.1748|1020
13|0.2625, -1.5145, -0.6550, -0.6952, -0.4657, -0.1633, 0.5705, 0.1843|960
14|0.2642, -1.5224, -0.6578, -0.6890, -0.4623, -0.1595, 0.5687, 0.1813|1420
15|0.2768, -1.5302, -0.6410, -0.6933, -0.4573, -0.1590, 0.5624, 0.1923|2440
16|0.2802, -1.5298, -0.6402, -0.6946, -0.4530, -0.1623, 0.5579, 0.1899|1260
17|0.2800, -1.5321, -0.6369, -0.6898, -0.4493, -0.1595, 0.5584, 0.1953|3200
18|0.2818, -1.5308, -0.6373, -0.6900, -0.4454, -0.1541, 0.5504, 0.2033|760
19|0.2877, -1.5335, -0.6398, -0.6792, -0.4454, -0.1535, 0.5445, 0.2019|2620
20|0.2932, -1.5379, -0.6346, -0.6754, -0.4375, -0.1537, 0.5366, 0.2016|800
21|0.3082, -1.5311, -0.6331, -0.6807, -0.4258, -0.1573, 0.5429, 0.2023|2760
22|0.3142, -1.5342, -0.6312, -0.6707, -0.4235, -0.1549, 0.5417, 0.2004|1540
23|0.3204, -1.5471, -0.6291, -0.6622, -0.4208, -0.1617, 0.5352, 0.1998|2200
24|0.3167, -1.5468, -0.6319, -0.6549, -0.4103, -0.1608, 0.5180, 0.2002|2220
25|0.3222, -1.5540, -0.6307, -0.6477, -0.3995, -0.1658, 0.5182, 0.2094|1300
26|0.3166, -1.5569, -0.6188, -0.6539, -0.3919, -0.1576, 0.5104, 0.2144|320
27|0.3276, -1.5540, -0.6244, -0.6467, -0.3844, -0.1574, 0.5064, 0.2098|260
28|0.3341, -1.5565, -0.6246, -0.6391, -0.3811, -0.1548, 0.5038, 0.2096|1480
29|0.3424, -1.5594, -0.6175, -0.6336, -0.3766, -0.1537, 0.4960, 0.2055|700
30|0.3498, -1.5667, -0.6157, -0.6236, -0.3710, -0.1445, 0.4975, 0.2061|760
31|0.3416, -1.5774, -0.6150, -0.6197, -0.3748, -0.1397, 0.4904, 0.2065|2700
32|0.3554, -1.5916, -0.6167, -0.6219, -0.3726, -0.1364, 0.4819, 0.1996|2020
33|0.3567, -1.5965, -0.6062, -0.6250, -0.3651, -0.1303, 0.4837, 0.2016|4100
34|0.3552, -1.6013, -0.5891, -0.6184, -0.3582, -0.1289, 0.4757, 0.2004|2180
35|0.3605, -1.6119, -0.5894, -0.6221, -0.3542, -0.1218, 0.4732, 0.1914|1660
36|0.3558, -1.6104, -0.5924, -0.6255, -0.3393, -0.1227, 0.4669, 0.1987|980
37|0.3573, -1.6131, -0.5792, -0.6242, -0.3361, -0.1195, 0.4607, 0.2045|760
38|0.3644, -1.6106, -0.5743, -0.6098, -0.3245, -0.1081, 0.4516, 0.2147|2540
39|0.3650, -1.6090, -0.5735, -0.6046, -0.3193, -0.1040, 0.4446, 0.2187|2300
40|0.3730, -1.6173, -0.5748, -0.6036, -0.3123, -0.1077, 0.4395, 0.2237|3380
41|0.3746, -1.6167, -0.5776, -0.6062, -0.2978, -0.1086, 0.4248, 0.2327|1420
42|0.3749, -1.6265, -0.5771, -0.6055, -0.2918, -0.1103, 0.4236, 0.2348|2480
43|0.3829, -1.6319, -0.5729, -0.6079, -0.2867, -0.1079, 0.4232, 0.2387|1700
44|0.3849, -1.6329, -0.5651, -0.6096, -0.2732, -0.1133, 0.4110, 0.2353|1340
45|0.3897, -1.6307, -0.5673, -0.6018, -0.2640, -0.1129, 0.4103, 0.2428|4980
46|0.3910, -1.6362, -0.5583, -0.5971, -0.2514, -0.1130, 0.4099, 0.2394|10280
47|0.3894, -1.6437, -0.5562, -0.5982, -0.2501, -0.1120, 0.3924, 0.2394|2160
48|0.3916, -1.6446, -0.5517, -0.5923, -0.2447, -0.1129, 0.3909, 0.2446|2220
49|0.3972, -1.6550, -0.5486, -0.5909, -0.2406, -0.1105, 0.3865, 0.2445|4440
50|0.4046, -1.6668, -0.5369, -0.5863, -0.2386, -0.1079, 0.3783, 0.2514|2860
51|0.4050, -1.6662, -0.5356, -0.5894, -0.2359, -0.1033, 0.3826, 0.2481|1540
52|0.4080, -1.6640, -0.5377, -0.5864, -0.2257, -0.1037, 0.3755, 0.2426|13100
53|0.4059, -1.6742, -0.5350, -0.5825, -0.2283, -0.1110, 0.3681, 0.2438|1320
54|0.4061, -1.6836, -0.5306, -0.5764, -0.2293, -0.1055, 0.3651, 0.2498|1240
55|0.4071, -1.6883, -0.5320, -0.5711, -0.2231, -0.1006, 0.3626, 0.2575|2480
56|0.4206, -1.6925, -0.5268, -0.5741, -0.2236, -0.0824, 0.3570, 0.2598|2520
57|0.4301, -1.6931, -0.5280, -0.5699, -0.2237, -0.0861, 0.3589, 0.2542|4640
58|0.4291, -1.7020, -0.5162, -0.5651, -0.2243, -0.0903, 0.3553, 0.2509|2200
59|0.4320, -1.7121, -0.5096, -0.5644, -0.2199, -0.0814, 0.3481, 0.2627|9380
60|0.4373, -1.7158, -0.5095, -0.5552, -0.2092, -0.0764, 0.3319, 0.2622|6440
61|0.4405, -1.7196, -0.5025, -0.5487, -0.2027, -0.0740, 0.3262, 0.2582|8160
62|0.4392, -1.7204, -0.4893, -0.5479, -0.1980, -0.0735, 0.3273, 0.2506|880
63|0.4505, -1.7197, -0.4835, -0.5385, -0.1930, -0.0779, 0.3169, 0.2493|4160
64|0.4494, -1.7181, -0.4751, -0.5328, -0.1921, -0.0830, 0.3165, 0.2460|4000
65|0.4523, -1.7266, -0.4654, -0.5353, -0.2002, -0.0756, 0.3049, 0.2418|2960
66|0.4645, -1.7254, -0.4483, -0.5330, -0.1986, -0.0726, 0.3013, 0.2446|1220
67|0.4667, -1.7261, -0.4441, -0.5237, -0.1852, -0.0651, 0.2961, 0.2474|1720
68|0.4689, -1.7348, -0.4430, -0.5155, -0.1775, -0.0708, 0.2870, 0.2484|3120
69|0.4791, -1.7351, -0.4383, -0.5138, -0.1782, -0.0706, 0.2920, 0.2467|2740
70|0.4831, -1.7459, -0.4329, -0.4978, -0.1674, -0.0679, 0.2817, 0.2402|7360
71|0.4930, -1.7387, -0.4213, -0.4923, -0.1587, -0.0716, 0.2710, 0.2398|1240
72|0.4976, -1.7487, -0.4106, -0.4845, -0.1508, -0.0682, 0.2689, 0.2411|20660
73|0.4976, -1.7511, -0.4093, -0.4804, -0.1424, -0.0665, 0.2600, 0.2396|5500
74|0.4927, -1.7562, -0.4041, -0.4724, -0.1358, -0.0633, 0.2543, 0.2382|6300
75|0.4975, -1.7623, -0.3936, -0.4705, -0.1290, -0.0571, 0.2387, 0.2402|1500
76|0.5058, -1.7600, -0.3872, -0.4640, -0.1241, -0.0458, 0.2387, 0.2392|1100
77|0.5077, -1.7664, -0.3746, -0.4566, -0.1176, -0.0361, 0.2323, 0.2491|6180
78|0.5140, -1.7622, -0.3759, -0.4482, -0.1169, -0.0273, 0.2245, 0.2447|18360
79|0.5071, -1.7655, -0.3619, -0.4449, -0.1070, -0.0211, 0.2144, 0.2489|1860
80|0.5127, -1.7755, -0.3544, -0.4482, -0.0985, -0.0087, 0.2149, 0.2451|13720
81|0.5086, -1.7749, -0.3419, -0.4317, -0.0971, -0.0027, 0.2059, 0.2516|15540
82|0.5148, -1.7786, -0.3338, -0.4226, -0.0971, 0.0079, 0.1853, 0.2464|7760
83|0.5167, -1.7847, -0.3243, -0.4131, -0.0954, 0.0149, 0.1718, 0.2409|6080
84|0.5241, -1.7921, -0.3145, -0.4074, -0.0917, 0.0274, 0.1606, 0.2411|13500
85|0.5275, -1.7959, -0.3067, -0.4003, -0.0753, 0.0332, 0.1458, 0.2322|7240
86|0.5224, -1.8079, -0.2995, -0.3914, -0.0776, 0.0372, 0.1403, 0.2448|13080
87|0.5329, -1.8176, -0.2879, -0.3855, -0.0784, 0.0398, 0.1268, 0.2431|20840
88|0.5408, -1.8221, -0.2767, -0.3776, -0.0810, 0.0433, 0.1197, 0.2423|13540
89|0.5401, -1.8217, -0.2654, -0.3679, -0.0810, 0.0404, 0.1125, 0.2344|65600
90|0.5362, -1.8334, -0.2599, -0.3627, -0.0677, 0.0451, 0.1100, 0.2268|16680
91|0.5489, -1.8382, -0.2441, -0.3564, -0.0675, 0.0514, 0.0981, 0.2248|21500
92|0.5462, -1.8407, -0.2309, -0.3472, -0.0661, 0.0488, 0.0912, 0.2210|6680
93|0.5449, -1.8415, -0.2238, -0.3459, -0.0627, 0.0492, 0.0866, 0.2232|53680
94|0.5422, -1.8497, -0.2168, -0.3445, -0.0676, 0.0485, 0.0867, 0.2244|29620
95|0.5432, -1.8515, -0.2059, -0.3371, -0.0595, 0.0525, 0.0775, 0.2223|1340
96|0.5380, -1.8524, -0.1926, -0.3307, -0.0600, 0.0577, 0.0758, 0.2245|26800
97|0.5395, -1.8542, -0.1828, -0.3291, -0.0522, 0.0569, 0.0751, 0.2217|242660
98|0.5323, -1.8629, -0.1659, -0.3269, -0.0536, 0.0505, 0.0715, 0.2165|3340
99|0.5337, -1.8693, -0.1600, -0.3267, -0.0496, 0.0530, 0.0649, 0.2134|63020
