0|0.4423, -0.8735, 1.1747, 0.4392, -1.2859, -1.4210, 1.0571, -1.3200|0
1|0.4277, -0.8769, 1.1949, 0.4529, -1.2839, -1.3988, 1.0811, -1.2787|0
2|0.3968, -0.8899, 1.1501, 0.4519, -1.2908, -1.4180, 1.0865, -1.2768|0
3|0.3938, -0.8897, 1.1188, 0.4371, -1.3127, -1.4425, 1.0401, -1.2993|0
4|0.3816, -0.8979, 1.0815, 0.4096, -1.2729, -1.4431, 1.0136, -1.2839|0
5|0.3720, -0.9229, 1.0489, 0.4003, -1.2755, -1.4768, 1.0075, -1.3064|0
6|0.3593, -0.8936, 1.0436, 0.4051, -1.2816, -1.4516, 1.0301, -1.2678|0
7|0.3668, -0.9069, 1.0832, 0.4435, -1.2930, -1.4240, 1.0211, -1.2766|0
8|0.3844, -0.9162, 1.0775, 0.4214, -1.2920, -1.4371, 1.0313, -1.2713|0
9|0.3864, -0.9310, 1.0699, 0.3922, -1.2919, -1.4715, 1.0290, -1.2491|0
10|0.3987, -0.9782, 1.0681, 0.3903, -1.3159, -1.4776, 1.0027, -1.2357|0
11|0.3915, -0.9676, 1.0324, 0.3873, -1.3171, -1.4957, 1.0076, -1.2396|0
12|0.3744, -0.9897, 1.0248, 0.3618, -1.3531, -1.4891, 1.0347, -1.2108|0
13|0.3815, -1.0078, 0.9936, 0.3322, -1.3585, -1.5151, 1.0552, -1.1821|0
14|0.3974, -1.0001, 0.9955, 0.2751, -1.3914, -1.5428, 1.0549, -1.1836|0
15|0.4063, -0.9968, 0.9499, 0.2252, -1.3778, -1.5547, 1.0798, -1.2057|0
16|0.4223, -0.9902, 0.9651, 0.1954, -1.3643, -1.5768, 1.1196, -1.2336|0
17|0.4456, -1.0404, 0.9236, 0.1764, -1.3662, -1.5196, 1.1157, -1.2621|0
18|0.4765, -1.0519, 0.9059, 0.1527, -1.3577, -1.5231, 1.1014, -1.2630|40
19|0.4641, -1.0297, 0.8670, 0.1272, -1.3493, -1.4836, 1.0784, -1.2844|0
20|0.4641, -1.0514, 0.8478, 0.0774, -1.3433, -1.4720, 1.0547, -1.2828|0
21|0.4533, -1.0818, 0.8339, 0.0426, -1.2955, -1.4714, 1.0217, -1.2738|40
22|0.4458, -1.1108, 0.8010, -0.0077, -1.3024, -1.4826, 1.0165, -1.2707|80
23|0.4618, -1.1428, 0.7666, -0.0373, -1.2982, -1.4975, 1.0213, -1.2958|80
24|0.4942, -1.1541, 0.7057, -0.0734, -1.2711, -1.5047, 0.9874, -1.2845|40
25|0.4875, -1.1544, 0.6439, -0.0869, -1.2850, -1.4689, 1.0220, -1.2994|40
26|0.4931, -1.1471, 0.5532, -0.1041, -1.3142, -1.4805, 0.9783, -1.3442|120
27|0.4995, -1.1476, 0.4661, -0.1560, -1.3268, -1.4877, 0.9641, -1.3460|0
28|0.5176, -1.1946, 0.3614, -0.1727, -1.3364, -1.5043, 0.9846, -1.3585|200
29|0.4919, -1.2616, 0.2589, -0.1930, -1.3249, -1.5099, 0.9876, -1.3912|240
30|0.5185, -1.2874, 0.2055, -0.2302, -1.3144, -1.5006, 0.9955, -1.3992|400
31|0.5055, -1.3069, 0.1462, -0.2162, -1.3333, -1.4750, 1.0025, -1.4596|280
32|0.4927, -1.3284, 0.0724, -0.2391, -1.3428, -1.4701, 0.9980, -1.4210|200
33|0.5047, -1.3349, 0.0196, -0.2212, -1.3258, -1.4820, 1.0077, -1.4176|720
34|0.4989, -1.3689, -0.0473, -0.2218, -1.3440, -1.4952, 0.9869, -1.3703|320
35|0.4791, -1.3947, -0.1200, -0.1719, -1.3389, -1.4766, 0.9981, -1.3411|720
36|0.4869, -1.4607, -0.1827, -0.1804, -1.3253, -1.4733, 0.9484, -1.3495|400
37|0.4638, -1.4584, -0.1879, -0.1774, -1.3248, -1.4467, 0.9043, -1.2988|520
38|0.4733, -1.4724, -0.2463, -0.1392, -1.3159, -1.4378, 0.8995, -1.2921|880
39|0.4826, -1.4998, -0.3188, -0.1630, -1.3154, -1.4397, 0.8734, -1.2811|240
40|0.4983, -1.5338, -0.3057, -0.2074, -1.2977, -1.4347, 0.8627, -1.2839|540
41|0.4818, -1.5601, -0.3014, -0.1920, -1.2710, -1.4341, 0.8497, -1.2674|420
42|0.4860, -1.5625, -0.2936, -0.1623, -1.2590, -1.4232, 0.8076, -1.2850|480
43|0.5060, -1.5847, -0.3334, -0.1462, -1.2301, -1.4012, 0.7740, -1.2423|920
44|0.5437, -1.5888, -0.3443, -0.1422, -1.2391, -1.4128, 0.7561, -1.2320|980
45|0.5426, -1.5934, -0.3597, -0.1326, -1.2360, -1.4169, 0.7469, -1.2271|1280
46|0.5918, -1.6167, -0.3555, -0.1463, -1.2309, -1.3944, 0.7776, -1.2182|900
47|0.5793, -1.6445, -0.3702, -0.1408, -1.2242, -1.3871, 0.7608, -1.2079|780
48|0.5780, -1.6604, -0.3874, -0.1240, -1.2036, -1.3739, 0.7858, -1.2004|880
49|0.5703, -1.6569, -0.3732, -0.1444, -1.1983, -1.3477, 0.7810, -1.1674|320
50|0.5394, -1.6438, -0.3666, -0.1646, -1.1917, -1.3618, 0.7617, -1.1580|1340
51|0.5660, -1.6478, -0.3658, -0.1326, -1.2033, -1.3679, 0.7541, -1.1451|2460
52|0.5773, -1.6826, -0.4026, -0.0981, -1.1936, -1.3433, 0.7281, -1.1529|820
53|0.5930, -1.6979, -0.4290, -0.0851, -1.1796, -1.3427, 0.6859, -1.1379|440
54|0.6289, -1.6981, -0.4413, -0.0935, -1.1869, -1.3456, 0.6461, -1.1602|1260
55|0.6498, -1.7359, -0.4512, -0.1222, -1.1625, -1.3368, 0.6277, -1.1284|960
56|0.6428, -1.7183, -0.4593, -0.1038, -1.1715, -1.3171, 0.5869, -1.1125|1280
57|0.6660, -1.7552, -0.4609, -0.1102, -1.1512, -1.3223, 0.5582, -1.1173|760
58|0.6920, -1.7400, -0.5138, -0.1255, -1.1693, -1.3232, 0.5638, -1.0885|760
59|0.6678, -1.7372, -0.5177, -0.1548, -1.1640, -1.3101, 0.5538, -1.0965|360
60|0.6843, -1.7378, -0.5212, -0.1904, -1.1645, -1.3110, 0.5180, -1.0973|520
61|0.6704, -1.7741, -0.5500, -0.2319, -1.1813, -1.2779, 0.4863, -1.0882|3360
62|0.6989, -1.7830, -0.5223, -0.2113, -1.1840, -1.2509, 0.4495, -1.0798|720
63|0.7029, -1.8256, -0.5290, -0.2088, -1.1994, -1.2407, 0.4038, -1.0720|1380
64|0.6817, -1.8123, -0.5292, -0.1971, -1.1730, -1.1698, 0.4043, -1.1181|2140
65|0.6586, -1.8075, -0.5242, -0.2054, -1.1961, -1.1568, 0.4173, -1.1046|1900
66|0.6601, -1.8198, -0.5173, -0.1966, -1.1941, -1.1594, 0.4216, -1.1260|1640
67|0.6832, -1.8467, -0.4917, -0.1573, -1.1747, -1.1347, 0.3894, -1.1474|1380
68|0.7096, -1.8551, -0.5142, -0.1538, -1.1651, -1.1526, 0.3431, -1.1609|660
69|0.7469, -1.8752, -0.5110, -0.1482, -1.1572, -1.1525, 0.3360, -1.1232|860
70|0.7597, -1.9087, -0.5248, -0.1617, -1.1320, -1.1111, 0.3631, -1.1077|2340
71|0.7589, -1.9392, -0.5247, -0.1393, -1.0926, -1.0658, 0.3591, -1.0638|700
72|0.7349, -1.9233, -0.5353, -0.1383, -1.0703, -1.0816, 0.3223, -1.0745|1020
73|0.7224, -1.9528, -0.5244, -0.1564, -1.0635, -1.0565, 0.2961, -1.0605|3660
74|0.7225, -1.9831, -0.5283, -0.1663, -1.0846, -1.0873, 0.2758, -1.0904|900
75|0.7356, -2.0044, -0.5216, -0.1531, -1.0950, -1.1096, 0.2640, -1.0970|3820
76|0.7651, -2.0243, -0.5349, -0.1699, -1.1326, -1.0915, 0.2333, -1.0690|1140
77|0.8011, -2.0637, -0.5084, -0.1930, -1.1214, -1.0894, 0.2277, -1.0514|1360
78|0.7775, -2.0941, -0.4868, -0.1844, -1.1286, -1.0680, 0.2027, -1.0613|1340
79|0.8031, -2.0775, -0.4819, -0.1943, -1.1569, -1.0869, 0.1824, -1.0705|560
80|0.8038, -2.0772, -0.5068, -0.1762, -1.1442, -1.0541, 0.1388, -1.0426|1120
81|0.8229, -2.1219, -0.4923, -0.1776, -1.1576, -1.0254, 0.1378, -1.0235|1060
82|0.8321, -2.1391, -0.4831, -0.1866, -1.1617, -1.0295, 0.1104, -1.0085|2480
83|0.8847, -2.1813, -0.5094, -0.1816, -1.1788, -1.0086, 0.0985, -1.0190|1480
84|0.8915, -2.2342, -0.4760, -0.2039, -1.1695, -0.9596, 0.0667, -1.0135|2000
85|0.8963, -2.2404, -0.4786, -0.2194, -1.1818, -0.9311, 0.0576, -0.9950|1240
86|0.8877, -2.2631, -0.5197, -0.2260, -1.1553, -0.9443, 0.0250, -0.9597|4400
87|0.8768, -2.2745, -0.5011, -0.2418, -1.1321, -0.9653, 0.0526, -0.9516|2840
88|0.9074, -2.2817, -0.4788, -0.2131, -1.1258, -0.9959, 0.0395, -0.9568|1540
89|0.9393, -2.3349, -0.4877, -0.2195, -1.1245, -0.9707, 0.0653, -0.9793|1900
90|0.9578, -2.3215, -0.5404, -0.2302, -1.1164, -0.9788, 0.0707, -0.9635|800
91|0.9580, -2.3531, -0.5442, -0.2375, -1.1469, -0.9463, 0.0361, -0.9457|1720
92|0.9489, -2.3669, -0.5185, -0.2471, -1.0721, -0.9688, 0.0133, -0.9025|520
93|0.9590, -2.3623, -0.5061, -0.2361, -1.0146, -0.9937, 0.0039, -0.8820|3480
94|0.9931, -2.3891, -0.5105, -0.1805, -1.0041, -1.0088, 0.0221, -0.8653|2500
95|1.0298, -2.3967, -0.4905, -0.1571, -1.0232, -1.0015, -0.0002, -0.8476|1300
96|1.0138, -2.3974, -0.4914, -0.1353, -1.0170, -0.9821, 0.0071, -0.8212|2760
97|0.9946, -2.3989, -0.4759, -0.1653, -0.9790, -0.9387, -0.0063, -0.8436|3120
98|1.0194, -2.4058, -0.4744, -0.1717, -0.9832, -0.9531, -0.0425, -0.8081|3580
99|1.0011, -2.4272, -0.4521, -0.1907, -0.9597, -0.9420, -0.0259, -0.8196|1700
