0|-1.3818, -0.6584, 1.5126, 0.6745, 0.4616, 0.3632, 1.1359, -0.0199|0
1|-1.3781, -0.6630, 1.5017, 0.6726, 0.4614, 0.3556, 1.1166, 0.0031|0
2|-1.4013, -0.6574, 1.5048, 0.6743, 0.4669, 0.3872, 1.1227, -0.0045|0
3|-1.3988, -0.6530, 1.5149, 0.6788, 0.4731, 0.3999, 1.1183, -0.0311|0
4|-1.4052, -0.6517, 1.5255, 0.6691, 0.4441, 0.4038, 1.0935, -0.0175|0
5|-1.3886, -0.6488, 1.5094, 0.6643, 0.4451, 0.3898, 1.0908, -0.0173|0
6|-1.3858, -0.6358, 1.5237, 0.6523, 0.4230, 0.3914, 1.0746, -0.0298|0
7|-1.4075, -0.6336, 1.5115, 0.6549, 0.4003, 0.4035, 1.0673, -0.0241|0
8|-1.4034, -0.6546, 1.5224, 0.6693, 0.4126, 0.4228, 1.0744, -0.0270|0
9|-1.4228, -0.6412, 1.5289, 0.6762, 0.4222, 0.4373, 1.0807, -0.0348|0
10|-1.4214, -0.6335, 1.5374, 0.6590, 0.4449, 0.4451, 1.0658, -0.0392|0
11|-1.4494, -0.6308, 1.5335, 0.6716, 0.4398, 0.4447, 1.0594, -0.0545|0
12|-1.4524, -0.6359, 1.5221, 0.6784, 0.4211, 0.4562, 1.0711, -0.0721|0
13|-1.4692, -0.6397, 1.5308, 0.6664, 0.4188, 0.4705, 1.1009, -0.0499|0
14|-1.4713, -0.6337, 1.5373, 0.6421, 0.4118, 0.4659, 1.0931, -0.0660|0
15|-1.4834, -0.6310, 1.5226, 0.6353, 0.4244, 0.4618, 1.0770, -0.0439|0
16|-1.4773, -0.6116, 1.5371, 0.6389, 0.4152, 0.4924, 1.0513, -0.0304|0
17|-1.4935, -0.6131, 1.5273, 0.6503, 0.4263, 0.5058, 1.0436, -0.0157|0
18|-1.4980, -0.6127, 1.5302, 0.6395, 0.4362, 0.4882, 1.0465, -0.0031|0
19|-1.5024, -0.5999, 1.5426, 0.6297, 0.4411, 0.4841, 1.0208, -0.0081|0
20|-1.5123, -0.6069, 1.5207, 0.6109, 0.4225, 0.4843, 1.0291, -0.0000|0
21|-1.5126, -0.6017, 1.5153, 0.6049, 0.4320, 0.4898, 1.0459, -0.0144|0
22|-1.5191, -0.6068, 1.5043, 0.6126, 0.4130, 0.5078, 1.0365, 0.0033|0
23|-1.5195, -0.6112, 1.4996, 0.6158, 0.4151, 0.5120, 1.0397, 0.0049|0
24|-1.5261, -0.6150, 1.4643, 0.6026, 0.4150, 0.5453, 1.0281, 0.0126|0
25|-1.5112, -0.6349, 1.4776, 0.5947, 0.4098, 0.5497, 1.0444, 0.0047|0
26|-1.5328, -0.6192, 1.4895, 0.6105, 0.4178, 0.5324, 1.0672, 0.0121|0
27|-1.5267, -0.6101, 1.4877, 0.6181, 0.4086, 0.5432, 1.0894, -0.0042|0
28|-1.5381, -0.5988, 1.4783, 0.6225, 0.4135, 0.5377, 1.1032, 0.0256|0
29|-1.4987, -0.6033, 1.4704, 0.6421, 0.4132, 0.5471, 1.1060, 0.0171|0
30|-1.4886, -0.6014, 1.4590, 0.6211, 0.3965, 0.5197, 1.1146, -0.0009|0
31|-1.4887, -0.6107, 1.4667, 0.6285, 0.4090, 0.5046, 1.1161, -0.0044|0
32|-1.4913, -0.5915, 1.4441, 0.6330, 0.4401, 0.5027, 1.1213, 0.0056|0
33|-1.5009, -0.6067, 1.4700, 0.6590, 0.4304, 0.5002, 1.1357, 0.0283|0
34|-1.5130, -0.5965, 1.4824, 0.6794, 0.4420, 0.4965, 1.1246, 0.0045|0
35|-1.5405, -0.6058, 1.4762, 0.6998, 0.4359, 0.4987, 1.1172, -0.0292|0
36|-1.5221, -0.6000, 1.4710, 0.7045, 0.4511, 0.4816, 1.1084, -0.0278|0
37|-1.5183, -0.6206, 1.4497, 0.6764, 0.4562, 0.4809, 1.0989, -0.0260|0
38|-1.5318, -0.6202, 1.4462, 0.6808, 0.4675, 0.4850, 1.0789, -0.0146|0
39|-1.5393, -0.6263, 1.4339, 0.6785, 0.4711, 0.4773, 1.0915, -0.0075|0
40|-1.5532, -0.5979, 1.4228, 0.6923, 0.4781, 0.4818, 1.1128, -0.0126|0
41|-1.5554, -0.5709, 1.4192, 0.6850, 0.4675, 0.4998, 1.1140, 0.0012|0
42|-1.5594, -0.5680, 1.4199, 0.6823, 0.4461, 0.5193, 1.1122, 0.0222|0
43|-1.5705, -0.5759, 1.4301, 0.6897, 0.4372, 0.5107, 1.1075, 0.0069|0
44|-1.5620, -0.5699, 1.4491, 0.7052, 0.4251, 0.5133, 1.1045, -0.0085|0
45|-1.5301, -0.5890, 1.4566, 0.7003, 0.4038, 0.5148, 1.1140, -0.0426|0
46|-1.5606, -0.6126, 1.4450, 0.7023, 0.3880, 0.5393, 1.1312, -0.0595|0
47|-1.5776, -0.6290, 1.4440, 0.7018, 0.4042, 0.5227, 1.1348, -0.0657|0
48|-1.5645, -0.6326, 1.4332, 0.6913, 0.3806, 0.5159, 1.1358, -0.0886|0
49|-1.5561, -0.6265, 1.4363, 0.6875, 0.3785, 0.4957, 1.1340, -0.1082|0
50|-1.5456, -0.6357, 1.4127, 0.6787, 0.3853, 0.4896, 1.1463, -0.1012|0
51|-1.5700, -0.6267, 1.4016, 0.6917, 0.3914, 0.4733, 1.1365, -0.0804|0
52|-1.6096, -0.6394, 1.4100, 0.6771, 0.3805, 0.4773, 1.1194, -0.0962|0
53|-1.6222, -0.6476, 1.3847, 0.6644, 0.3911, 0.5031, 1.1291, -0.1203|0
54|-1.6190, -0.6719, 1.3764, 0.6596, 0.3641, 0.5114, 1.1310, -0.1222|0
55|-1.6331, -0.6777, 1.3947, 0.6620, 0.3531, 0.5021, 1.1279, -0.1083|0
56|-1.6546, -0.6762, 1.4058, 0.6520, 0.3453, 0.5075, 1.1284, -0.1253|0
57|-1.6583, -0.6670, 1.4323, 0.6341, 0.3424, 0.4863, 1.1320, -0.1136|0
58|-1.6762, -0.6883, 1.4419, 0.6262, 0.3398, 0.4985, 1.1414, -0.1107|0
59|-1.6956, -0.6933, 1.4214, 0.6258, 0.3575, 0.4854, 1.1493, -0.1149|0
60|-1.7103, -0.6911, 1.3988, 0.6285, 0.3647, 0.4846, 1.1508, -0.1637|0
61|-1.7281, -0.6779, 1.3966, 0.6285, 0.3865, 0.4836, 1.1469, -0.1665|0
62|-1.7406, -0.6629, 1.3829, 0.6335, 0.3931, 0.4861, 1.1369, -0.1512|0
63|-1.7342, -0.6491, 1.3770, 0.6251, 0.3771, 0.5035, 1.1312, -0.1535|0
64|-1.7459, -0.6267, 1.3691, 0.6291, 0.3795, 0.4925, 1.1192, -0.1451|0
65|-1.7570, -0.6382, 1.3532, 0.6321, 0.3583, 0.4792, 1.0995, -0.1310|0
66|-1.7419, -0.6282, 1.3299, 0.6304, 0.3520, 0.4538, 1.0815, -0.1208|0
67|-1.7494, -0.6650, 1.3266, 0.6386, 0.3371, 0.4786, 1.0909, -0.1436|0
68|-1.7521, -0.6672, 1.3176, 0.6317, 0.3672, 0.4797, 1.0813, -0.1308|0
69|-1.7603, -0.6815, 1.3010, 0.6259, 0.3703, 0.4968, 1.0729, -0.1217|0
70|-1.7569, -0.6855, 1.3068, 0.6040, 0.3757, 0.4915, 1.0782, -0.1422|0
71|-1.7601, -0.6800, 1.3130, 0.6054, 0.3662, 0.4855, 1.0802, -0.1301|0
72|-1.7567, -0.6972, 1.3316, 0.5911, 0.3838, 0.5030, 1.0602, -0.1399|0
73|-1.7378, -0.6885, 1.3302, 0.6090, 0.3665, 0.4838, 1.0366, -0.1275|0
74|-1.7498, -0.7208, 1.3048, 0.6168, 0.3660, 0.4946, 1.0056, -0.1242|0
75|-1.7349, -0.7066, 1.3176, 0.6054, 0.3708, 0.4950, 1.0278, -0.1104|0
76|-1.7453, -0.6897, 1.3213, 0.6215, 0.3469, 0.4871, 1.0216, -0.0886|0
77|-1.7650, -0.7022, 1.3298, 0.6189, 0.3338, 0.4720, 1.0200, -0.0805|0
78|-1.7599, -0.7264, 1.3284, 0.5942, 0.3313, 0.4858, 1.0262, -0.0599|0
79|-1.7709, -0.7218, 1.3191, 0.6005, 0.3606, 0.4881, 1.0408, -0.0460|0
80|-1.7705, -0.6798, 1.3430, 0.5988, 0.3885, 0.4728, 1.0394, -0.0326|0
81|-1.7590, -0.6648, 1.3403, 0.5923, 0.3858, 0.4812, 1.0510, -0.0401|0
82|-1.7569, -0.6473, 1.3662, 0.5965, 0.3720, 0.4825, 1.0740, -0.0230|0
83|-1.7580, -0.6439, 1.3268, 0.6025, 0.3751, 0.4793, 1.0741, -0.0283|0
84|-1.7779, -0.6536, 1.3200, 0.6158, 0.3479, 0.4844, 1.0898, -0.0321|0
85|-1.7628, -0.6422, 1.3189, 0.6217, 0.3474, 0.5045, 1.0817, -0.0321|0
86|-1.7709, -0.6357, 1.3252, 0.6145, 0.3659, 0.4807, 1.0807, -0.0232|0
87|-1.7627, -0.6388, 1.3229, 0.6000, 0.3658, 0.4659, 1.0771, -0.0216|0
88|-1.7588, -0.6653, 1.3300, 0.5943, 0.3731, 0.4949, 1.0915, -0.0180|0
89|-1.7594, -0.6064, 1.3365, 0.5752, 0.3622, 0.5127, 1.0992, -0.0177|0
90|-1.7872, -0.5976, 1.3444, 0.5739, 0.3827, 0.5184, 1.0987, -0.0281|0
91|-1.7865, -0.5943, 1.3268, 0.5734, 0.3798, 0.5500, 1.0933, -0.0228|0
92|-1.7768, -0.5908, 1.3209, 0.5666, 0.4099, 0.5548, 1.0890, -0.0265|0
93|-1.7617, -0.5989, 1.3168, 0.5306, 0.4307, 0.5515, 1.0809, -0.0278|0
94|-1.7795, -0.5766, 1.3403, 0.5555, 0.4319, 0.5799, 1.0774, -0.0205|0
95|-1.7693, -0.5613, 1.3534, 0.5802, 0.4281, 0.5647, 1.1036, -0.0139|0
96|-1.7795, -0.5689, 1.3711, 0.5507, 0.4506, 0.5677, 1.1119, -0.0011|0
97|-1.7817, -0.5696, 1.3704, 0.5728, 0.4543, 0.5607, 1.1007, -0.0347|0
98|-1.7876, -0.5519, 1.3551, 0.5551, 0.4727, 0.5636, 1.1135, -0.0367|0
99|-1.7978, -0.5720, 1.3738, 0.5396, 0.4419, 0.5472, 1.0982, -0.0660|0
