0|0.2119, 0.1603, 1.1505, -1.3075, -0.4227, -1.4394, -0.5892, -1.2030|0
1|0.2100, 0.1664, 1.1435, -1.3132, -0.4264, -1.4422, -0.5841, -1.1976|0
2|0.2055, 0.1624, 1.1398, -1.3055, -0.4374, -1.4442, -0.5865, -1.2078|0
3|0.2026, 0.1554, 1.1358, -1.3058, -0.4389, -1.4339, -0.5827, -1.2059|40
4|0.2130, 0.1566, 1.1254, -1.3058, -0.4361, -1.4287, -0.5773, -1.2029|0
5|0.2154, 0.1530, 1.1180, -1.3145, -0.4470, -1.4299, -0.5740, -1.2103|0
6|0.2181, 0.1515, 1.1112, -1.3189, -0.4487, -1.4304, -0.5747, -1.2060|0
7|0.2217, 0.1513, 1.1143, -1.3286, -0.4472, -1.4306, -0.5726, -1.1990|40
8|0.2210, 0.1510, 1.1014, -1.3392, -0.4473, -1.4338, -0.5666, -1.1947|0
9|0.2242, 0.1584, 1.0873, -1.3445, -0.4434, -1.4420, -0.5714, -1.1999|80
10|0.2253, 0.1655, 1.0825, -1.3445, -0.4431, -1.4415, -0.5659, -1.2032|0
11|0.2232, 0.1614, 1.0795, -1.3401, -0.4445, -1.4462, -0.5632, -1.2083|0
12|0.2239, 0.1654, 1.0771, -1.3319, -0.4478, -1.4457, -0.5676, -1.2114|80
13|0.2288, 0.1612, 1.0714, -1.3318, -0.4448, -1.4516, -0.5684, -1.2081|0
14|0.2239, 0.1645, 1.0719, -1.3386, -0.4373, -1.4510, -0.5680, -1.2044|0
15|0.2356, 0.1609, 1.0614, -1.3427, -0.4411, -1.4481, -0.5705, -1.2107|0
16|0.2317, 0.1605, 1.0531, -1.3419, -0.4461, -1.4530, -0.5745, -1.2138|0
17|0.2283, 0.1642, 1.0545, -1.3455, -0.4357, -1.4543, -0.5744, -1.2092|40
18|0.2303, 0.1585, 1.0432, -1.3394, -0.4383, -1.4558, -0.5682, -1.2084|80
19|0.2347, 0.1616, 1.0344, -1.3497, -0.4337, -1.4575, -0.5683, -1.2116|40
20|0.2343, 0.1642, 1.0264, -1.3492, -0.4339, -1.4558, -0.5653, -1.2142|0
21|0.2294, 0.1616, 1.0117, -1.3561, -0.4288, -1.4612, -0.5676, -1.2216|0
22|0.2204, 0.1659, 0.9995, -1.3637, -0.4326, -1.4477, -0.5739, -1.2181|40
23|0.2233, 0.1653, 1.0016, -1.3634, -0.4322, -1.4442, -0.5748, -1.2201|120
24|0.2159, 0.1694, 0.9933, -1.3655, -0.4291, -1.4433, -0.5723, -1.2265|80
25|0.2160, 0.1700, 0.9845, -1.3748, -0.4292, -1.4497, -0.5791, -1.2359|0
26|0.2145, 0.1713, 0.9734, -1.3755, -0.4270, -1.4510, -0.5738, -1.2380|40
27|0.2210, 0.1712, 0.9610, -1.3746, -0.4275, -1.4444, -0.5779, -1.2362|0
28|0.2188, 0.1677, 0.9473, -1.3861, -0.4237, -1.4446, -0.5746, -1.2323|0
29|0.2124, 0.1623, 0.9467, -1.3916, -0.4271, -1.4359, -0.5755, -1.2301|40
30|0.2074, 0.1532, 0.9526, -1.3979, -0.4284, -1.4345, -0.5685, -1.2312|0
31|0.2093, 0.1572, 0.9446, -1.4073, -0.4358, -1.4454, -0.5606, -1.2323|0
