0|-0.1677, -1.2396, -0.1441, -0.1523, 0.9055, -0.0005, -0.9899, -1.4856|0
1|-0.1640, -1.2368, -0.1495, -0.1671, 0.9046, -0.0151, -0.9912, -1.4838|0
2|-0.1598, -1.2407, -0.1480, -0.1870, 0.9006, -0.0236, -0.9817, -1.4852|0
3|-0.1670, -1.2276, -0.1479, -0.2107, 0.8923, -0.0344, -0.9725, -1.4824|0
4|-0.1669, -1.2412, -0.1487, -0.2262, 0.8718, -0.0357, -0.9662, -1.4798|0
5|-0.1644, -1.2453, -0.1453, -0.2445, 0.8568, -0.0496, -0.9700, -1.4806|0
6|-0.1497, -1.2467, -0.1442, -0.2549, 0.8401, -0.0637, -0.9485, -1.4879|0
7|-0.1438, -1.2561, -0.1501, -0.2750, 0.8289, -0.0734, -0.9460, -1.4911|140
8|-0.1407, -1.2535, -0.1547, -0.2877, 0.8191, -0.0817, -0.9484, -1.4961|0
9|-0.1457, -1.2557, -0.1622, -0.3069, 0.7915, -0.0875, -0.9423, -1.4918|0
10|-0.1492, -1.2471, -0.1704, -0.3200, 0.7651, -0.1011, -0.9387, -1.5079|0
11|-0.1395, -1.2488, -0.1796, -0.3423, 0.7598, -0.1063, -0.9395, -1.5250|0
12|-0.1494, -1.2465, -0.1946, -0.3546, 0.7502, -0.1218, -0.9355, -1.5222|300
13|-0.1575, -1.2465, -0.2006, -0.3695, 0.7300, -0.1336, -0.9325, -1.5381|80
14|-0.1594, -1.2369, -0.2114, -0.3857, 0.7233, -0.1484, -0.9244, -1.5488|280
15|-0.1551, -1.2311, -0.2038, -0.3985, 0.7056, -0.1542, -0.9262, -1.5537|400
16|-0.1513, -1.2305, -0.2102, -0.4049, 0.6891, -0.1680, -0.9208, -1.5483|80
17|-0.1571, -1.2333, -0.2228, -0.4131, 0.6634, -0.1819, -0.9314, -1.5390|0
18|-0.1609, -1.2394, -0.2365, -0.4312, 0.6476, -0.1848, -0.9242, -1.5369|240
19|-0.1588, -1.2497, -0.2430, -0.4557, 0.6376, -0.1952, -0.9159, -1.5373|640
20|-0.1520, -1.2470, -0.2353, -0.4656, 0.6153, -0.2066, -0.9212, -1.5443|200
21|-0.1440, -1.2500, -0.2266, -0.4669, 0.6055, -0.2205, -0.9168, -1.5400|300
22|-0.1446, -1.2532, -0.2403, -0.4877, 0.6077, -0.2260, -0.9251, -1.5480|1140
23|-0.1566, -1.2670, -0.2474, -0.4961, 0.6076, -0.2428, -0.9195, -1.5426|80
24|-0.1563, -1.2675, -0.2611, -0.5075, 0.6099, -0.2488, -0.9228, -1.5315|320
25|-0.1496, -1.2666, -0.2597, -0.5187, 0.6089, -0.2608, -0.9238, -1.5282|360
26|-0.1353, -1.2725, -0.2777, -0.5137, 0.5977, -0.2767, -0.9327, -1.5234|160
27|-0.1271, -1.2776, -0.2875, -0.5317, 0.5776, -0.2848, -0.9399, -1.5305|300
28|-0.1282, -1.2769, -0.2788, -0.5324, 0.5636, -0.2802, -0.9535, -1.5325|240
29|-0.1212, -1.2765, -0.2796, -0.5350, 0.5453, -0.2813, -0.9496, -1.5215|280
30|-0.1137, -1.2924, -0.2878, -0.5348, 0.5204, -0.2822, -0.9453, -1.5122|300
31|-0.1023, -1.2924, -0.2946, -0.5372, 0.5120, -0.2895, -0.9421, -1.5105|700
