0|0.9265, -1.4454, 1.4065, -0.6105, -1.3079, 0.1508, 0.0477, 0.1319|0
1|0.9258, -1.4474, 1.3868, -0.5993, -1.2953, 0.1310, 0.0560, 0.1314|0
2|0.9226, -1.4591, 1.3679, -0.6007, -1.2880, 0.1186, 0.0672, 0.1467|0
3|0.9162, -1.4707, 1.3500, -0.6034, -1.2832, 0.1099, 0.0771, 0.1575|0
4|0.9175, -1.4812, 1.3363, -0.6047, -1.2873, 0.1039, 0.0668, 0.1679|0
5|0.9165, -1.4687, 1.3253, -0.5956, -1.2733, 0.0800, 0.0750, 0.1645|0
6|0.9105, -1.4978, 1.2990, -0.5979, -1.2765, 0.0675, 0.0819, 0.1758|0
7|0.9028, -1.5162, 1.2881, -0.5989, -1.2897, 0.0555, 0.0694, 0.1767|0
8|0.8975, -1.5184, 1.2800, -0.6186, -1.2798, 0.0408, 0.0840, 0.1731|0
9|0.8935, -1.5288, 1.2783, -0.6294, -1.2811, 0.0403, 0.0958, 0.1649|0
10|0.8901, -1.5296, 1.2630, -0.6352, -1.2996, 0.0301, 0.1116, 0.1555|0
11|0.8796, -1.5527, 1.2325, -0.6425, -1.3018, 0.0093, 0.1146, 0.1534|0
12|0.8840, -1.5586, 1.2249, -0.6418, -1.2853, -0.0082, 0.1041, 0.1765|0
13|0.8761, -1.5592, 1.2035, -0.6392, -1.2755, -0.0031, 0.1185, 0.1699|0
14|0.8824, -1.5689, 1.1742, -0.6258, -1.2570, -0.0145, 0.1262, 0.1495|0
15|0.8832, -1.5876, 1.1346, -0.6242, -1.2570, -0.0274, 0.1407, 0.1404|0
16|0.8736, -1.6225, 1.0946, -0.6295, -1.2754, -0.0471, 0.1484, 0.1567|0
17|0.8677, -1.6475, 1.0652, -0.6238, -1.2861, -0.0547, 0.1437, 0.1485|0
18|0.8749, -1.6652, 1.0345, -0.6387, -1.2647, -0.0672, 0.1465, 0.1498|0
19|0.8931, -1.6998, 0.9938, -0.6467, -1.2507, -0.0789, 0.1552, 0.1374|0
20|0.8977, -1.7075, 0.9346, -0.6543, -1.2526, -0.0898, 0.1588, 0.1402|80
21|0.9052, -1.7216, 0.8992, -0.6740, -1.2570, -0.0940, 0.1557, 0.1334|0
22|0.8925, -1.7436, 0.8439, -0.6696, -1.2318, -0.1017, 0.1515, 0.1250|40
23|0.8806, -1.7654, 0.7821, -0.6856, -1.2370, -0.1055, 0.1484, 0.1238|0
24|0.8801, -1.7646, 0.7328, -0.6790, -1.2327, -0.1260, 0.1382, 0.1046|120
25|0.8902, -1.7774, 0.6785, -0.6828, -1.2167, -0.1434, 0.1408, 0.1017|160
26|0.8831, -1.7885, 0.6341, -0.6706, -1.2116, -0.1427, 0.1487, 0.1017|200
27|0.8728, -1.7922, 0.5765, -0.6739, -1.1918, -0.1641, 0.1425, 0.1077|80
28|0.8691, -1.8052, 0.5124, -0.6800, -1.1814, -0.1641, 0.1470, 0.1291|300
29|0.8563, -1.8169, 0.4301, -0.6662, -1.1808, -0.1659, 0.1493, 0.1315|160
30|0.8509, -1.8197, 0.3672, -0.6625, -1.1889, -0.1920, 0.1390, 0.1293|480
31|0.8705, -1.8395, 0.2973, -0.6480, -1.1847, -0.1825, 0.1531, 0.1430|660
