0|-0.3525, -0.0564, -0.3931, -1.4908, -1.1074, 1.3257, 0.1738, 0.2215|80
1|-0.2855, -0.1035, -0.5554, -1.5424, -1.1567, 1.2228, 0.1883, 0.3043|160
2|-0.1856, -0.2347, -0.6743, -1.5408, -1.1778, 1.3781, 0.1605, 0.3384|580
3|-0.1813, -0.3047, -0.7525, -1.4937, -1.1377, 1.4232, 0.1310, 0.3976|260
4|-0.1414, -0.2982, -0.7631, -1.5648, -1.1560, 1.4910, 0.0595, 0.3730|200
5|-0.0882, -0.2986, -0.7625, -1.4806, -1.1386, 1.5011, 0.0242, 0.3426|40
6|-0.0899, -0.3257, -0.9123, -1.4580, -1.2397, 1.4553, 0.1493, 0.3018|400
7|-0.0636, -0.4181, -0.8912, -1.3756, -1.1699, 1.4829, 0.1392, 0.3088|300
8|-0.0386, -0.3971, -0.8631, -1.4475, -1.1435, 1.5122, 0.1913, 0.3327|540
9|-0.0230, -0.4440, -0.7858, -1.4570, -1.1096, 1.3796, 0.1639, 0.2830|160
10|0.0415, -0.5182, -0.7314, -1.5218, -1.0529, 1.2892, 0.1603, 0.2523|160
11|0.0227, -0.5303, -0.8166, -1.4947, -1.0394, 1.2879, 0.1333, 0.1862|120
12|0.0812, -0.4728, -0.7839, -1.5359, -1.1213, 1.3127, 0.0983, 0.2033|80
13|0.0540, -0.4052, -0.7594, -1.4859, -1.1218, 1.3330, 0.1370, 0.1826|240
14|0.0474, -0.4493, -0.7833, -1.5330, -1.1238, 1.3935, 0.2016, 0.2306|80
15|0.0674, -0.4646, -0.8347, -1.4926, -1.0622, 1.3971, 0.2085, 0.2443|220
16|0.2281, -0.4657, -0.9188, -1.4833, -1.1037, 1.3914, 0.2147, 0.2529|220
17|0.2426, -0.5027, -0.9988, -1.5274, -1.1052, 1.3037, 0.1545, 0.2122|200
18|0.2601, -0.5223, -1.0602, -1.4502, -1.0692, 1.3119, 0.1249, 0.2702|1480
19|0.2926, -0.5213, -1.0432, -1.4930, -1.0249, 1.3126, 0.1674, 0.2091|680
20|0.3013, -0.5322, -1.0412, -1.4983, -1.0773, 1.3114, 0.1303, 0.1032|320
21|0.3121, -0.5404, -1.0766, -1.5099, -1.1776, 1.2974, 0.0598, 0.1622|540
22|0.3499, -0.6114, -1.0510, -1.4670, -1.1006, 1.2413, -0.0175, 0.1749|380
23|0.4505, -0.5757, -1.0516, -1.4284, -1.0780, 1.1551, -0.0764, 0.1612|880
24|0.4365, -0.6633, -1.0310, -1.3962, -1.1400, 1.1127, -0.1001, 0.2387|720
25|0.4609, -0.7210, -1.1161, -1.4340, -1.0990, 1.0628, -0.0269, 0.1984|260
26|0.4775, -0.6926, -1.1107, -1.4053, -1.0855, 1.0235, 0.0041, 0.1928|360
27|0.4199, -0.7543, -1.2181, -1.4455, -1.0735, 0.9368, -0.0210, 0.1720|320
28|0.4631, -0.7684, -1.2539, -1.4376, -1.1348, 0.9371, 0.0167, 0.2123|340
29|0.4660, -0.7679, -1.2626, -1.4724, -1.0622, 0.8883, -0.0081, 0.1700|80
30|0.5403, -0.7828, -1.2525, -1.4402, -1.0526, 0.8272, -0.0136, 0.1615|1420
31|0.5643, -0.7577, -1.2813, -1.4552, -1.0785, 0.8314, -0.0027, 0.1700|160
