0|0.9826, -0.8711, 0.0685, -0.1441, 0.2076, -0.6509, 0.7731, -0.4195|1300
1|0.9940, -0.8870, 0.0275, -0.1814, 0.1968, -0.6649, 0.7629, -0.4217|1220
2|1.0051, -0.9131, -0.0079, -0.2011, 0.1852, -0.6484, 0.7428, -0.4192|1160
3|1.0063, -0.9306, -0.0546, -0.2101, 0.1734, -0.6579, 0.7446, -0.4188|600
4|1.0026, -0.9324, -0.0706, -0.2204, 0.1540, -0.6640, 0.7318, -0.4284|520
5|0.9942, -0.9534, -0.0974, -0.2535, 0.1437, -0.6694, 0.7197, -0.4357|1500
6|0.9994, -0.9857, -0.1057, -0.2453, 0.1289, -0.6606, 0.6950, -0.4417|880
7|1.0015, -1.0031, -0.1292, -0.2493, 0.1164, -0.6364, 0.6874, -0.4423|920
8|0.9951, -1.0061, -0.1595, -0.2496, 0.1179, -0.6257, 0.6697, -0.4518|520
9|0.9963, -1.0244, -0.1724, -0.2531, 0.1468, -0.6147, 0.6498, -0.4311|400
10|1.0029, -1.0371, -0.1849, -0.2466, 0.1355, -0.5986, 0.6401, -0.3905|580
11|1.0247, -1.0426, -0.2047, -0.2661, 0.1359, -0.5881, 0.6315, -0.3931|940
12|1.0254, -1.0463, -0.2148, -0.2809, 0.1214, -0.5805, 0.6197, -0.4021|2520
13|1.0332, -1.0637, -0.2263, -0.2808, 0.1207, -0.5693, 0.6118, -0.4038|320
14|1.0532, -1.0646, -0.2322, -0.2865, 0.1010, -0.5557, 0.6043, -0.3994|1800
15|1.0617, -1.0795, -0.2495, -0.2856, 0.1142, -0.5445, 0.6005, -0.4062|1860
16|1.0562, -1.0878, -0.2751, -0.2743, 0.1027, -0.5423, 0.5832, -0.3994|1220
17|1.0504, -1.0759, -0.2751, -0.2741, 0.1067, -0.5342, 0.5700, -0.3839|600
18|1.0338, -1.0926, -0.2896, -0.2915, 0.0997, -0.5114, 0.5573, -0.3847|1440
19|1.0402, -1.1048, -0.2962, -0.3020, 0.0956, -0.5124, 0.5288, -0.3867|1460
20|1.0651, -1.1126, -0.2983, -0.3163, 0.1026, -0.4940, 0.5213, -0.3926|2580
21|1.0716, -1.1136, -0.3111, -0.3236, 0.1126, -0.5068, 0.5229, -0.3690|380
22|1.0792, -1.1251, -0.3284, -0.3096, 0.1170, -0.4962, 0.5207, -0.3605|1200
23|1.0841, -1.1369, -0.3400, -0.3181, 0.1090, -0.4912, 0.5070, -0.3553|1220
24|1.0802, -1.1399, -0.3590, -0.3228, 0.1027, -0.4678, 0.4987, -0.3555|3340
25|1.0955, -1.1414, -0.3580, -0.3384, 0.1024, -0.4534, 0.4814, -0.3502|360
26|1.0987, -1.1621, -0.3620, -0.3432, 0.0897, -0.4416, 0.4727, -0.3352|6040
27|1.1042, -1.1669, -0.3586, -0.3465, 0.0748, -0.4329, 0.4696, -0.3349|760
28|1.0970, -1.1805, -0.3484, -0.3530, 0.0569, -0.4342, 0.4497, -0.3394|6320
29|1.1054, -1.1943, -0.3456, -0.3522, 0.0559, -0.4262, 0.4390, -0.3491|1100
30|1.1149, -1.2144, -0.3375, -0.3575, 0.0444, -0.4123, 0.4149, -0.3343|4200
31|1.1116, -1.2234, -0.3402, -0.3478, 0.0600, -0.3827, 0.4104, -0.3228|1140
