0|0.8260, -0.9486, -0.6060, -0.8412, -0.5668, 0.3367, 0.8782, 1.2318|300
1|0.8323, -0.9507, -0.6165, -0.8723, -0.5537, 0.3342, 0.8666, 1.2216|820
2|0.8400, -0.9579, -0.6259, -0.8893, -0.5577, 0.3225, 0.8538, 1.2275|1720
3|0.8405, -0.9523, -0.6174, -0.9047, -0.5342, 0.2976, 0.8547, 1.2307|120
4|0.8372, -0.9584, -0.6104, -0.9195, -0.5329, 0.2889, 0.8500, 1.2307|1540
5|0.8260, -0.9679, -0.6228, -0.9371, -0.5259, 0.2739, 0.8344, 1.2165|1820
6|0.8311, -0.9791, -0.6215, -0.9549, -0.5200, 0.2640, 0.8245, 1.2149|220
7|0.8219, -0.9882, -0.6225, -0.9640, -0.5096, 0.2614, 0.8106, 1.2034|360
8|0.8375, -0.9893, -0.6064, -0.9616, -0.4833, 0.2641, 0.7988, 1.1734|2440
9|0.8606, -1.0051, -0.6215, -0.9684, -0.4742, 0.2856, 0.7879, 1.1674|1660
10|0.8592, -0.9998, -0.6227, -0.9478, -0.4608, 0.2720, 0.7870, 1.1586|1800
11|0.8568, -1.0018, -0.6321, -0.9489, -0.4678, 0.2649, 0.7683, 1.1491|1780
12|0.8421, -1.0088, -0.6305, -0.9624, -0.4526, 0.2463, 0.7535, 1.1459|1200
13|0.8645, -1.0191, -0.6345, -0.9834, -0.4413, 0.2493, 0.7494, 1.1460|680
14|0.8574, -1.0291, -0.6482, -0.9954, -0.4342, 0.2316, 0.7365, 1.1330|160
15|0.8552, -1.0362, -0.6526, -0.9836, -0.4157, 0.2270, 0.7249, 1.1302|1240
16|0.8744, -1.0337, -0.6648, -0.9848, -0.4098, 0.2308, 0.7191, 1.1262|1540
17|0.8731, -1.0386, -0.6610, -0.9926, -0.4159, 0.2292, 0.7217, 1.1245|1300
18|0.8715, -1.0606, -0.6702, -0.9943, -0.4191, 0.2247, 0.7273, 1.1123|820
19|0.8678, -1.0800, -0.6699, -0.9861, -0.4147, 0.2284, 0.7259, 1.1095|1160
20|0.8876, -1.0813, -0.6755, -0.9953, -0.3998, 0.2384, 0.7180, 1.0876|1100
21|0.8885, -1.0786, -0.6848, -1.0045, -0.4076, 0.2194, 0.7197, 1.0785|2320
22|0.8792, -1.0878, -0.6899, -0.9978, -0.4076, 0.2234, 0.7087, 1.0685|1240
23|0.8664, -1.0916, -0.6830, -0.9948, -0.4023, 0.2244, 0.7076, 1.0816|1460
24|0.8643, -1.0927, -0.6776, -0.9960, -0.4067, 0.2187, 0.7190, 1.0770|400
25|0.8854, -1.0829, -0.6785, -1.0076, -0.4093, 0.2114, 0.7181, 1.0715|320
26|0.8891, -1.0986, -0.6747, -0.9987, -0.4141, 0.2168, 0.7202, 1.0601|300
27|0.8992, -1.0990, -0.6867, -0.9894, -0.3952, 0.2250, 0.7148, 1.0434|1800
28|0.8988, -1.1131, -0.6843, -1.0035, -0.3903, 0.2205, 0.7156, 1.0244|6340
29|0.8983, -1.1106, -0.6811, -1.0172, -0.3835, 0.2109, 0.6924, 1.0103|500
30|0.9022, -1.1198, -0.6719, -1.0060, -0.3838, 0.2099, 0.6857, 0.9886|2340
31|0.9042, -1.1184, -0.6866, -0.9883, -0.3657, 0.2294, 0.6729, 0.9990|2000
32|0.8994, -1.1257, -0.6677, -0.9677, -0.3565, 0.2493, 0.6487, 0.9924|3300
33|0.9150, -1.1321, -0.6596, -0.9698, -0.3347, 0.2535, 0.6347, 0.9789|3340
34|0.9219, -1.1497, -0.6504, -0.9804, -0.3357, 0.2470, 0.6085, 0.9942|1740
35|0.9460, -1.1562, -0.6520, -0.9864, -0.3266, 0.2638, 0.5926, 1.0036|5360
36|0.9482, -1.1946, -0.6665, -0.9881, -0.3243, 0.2520, 0.5915, 1.0032|840
37|0.9565, -1.2104, -0.6879, -0.9861, -0.3286, 0.2341, 0.5930, 1.0105|980
38|0.9627, -1.2040, -0.6814, -0.9886, -0.3222, 0.2177, 0.5926, 0.9911|3160
39|0.9824, -1.2222, -0.6873, -0.9832, -0.3136, 0.2041, 0.5843, 1.0013|1160
40|0.9988, -1.2232, -0.6939, -0.9946, -0.2992, 0.2028, 0.5951, 1.0112|2200
41|1.0039, -1.2380, -0.6978, -0.9973, -0.2886, 0.1997, 0.5708, 1.0039|480
42|1.0137, -1.2587, -0.7043, -1.0024, -0.2917, 0.1847, 0.5655, 1.0140|3000
43|1.0076, -1.2630, -0.7018, -0.9933, -0.2900, 0.1897, 0.5663, 1.0148|2020
44|1.0097, -1.2570, -0.7078, -0.9921, -0.2891, 0.1867, 0.5438, 1.0063|4460
45|1.0131, -1.2506, -0.7069, -0.9871, -0.2907, 0.1888, 0.5355, 0.9889|720
46|1.0342, -1.2474, -0.6972, -0.9971, -0.2825, 0.2027, 0.5360, 0.9859|540
47|1.0322, -1.2527, -0.6942, -1.0061, -0.2726, 0.1955, 0.5378, 0.9764|420
48|1.0210, -1.2725, -0.6892, -1.0056, -0.2557, 0.2062, 0.5361, 0.9674|1380
49|1.0414, -1.2990, -0.6929, -0.9882, -0.2540, 0.2148, 0.5249, 0.9706|2100
50|1.0493, -1.3101, -0.6976, -0.9746, -0.2427, 0.2197, 0.5130, 0.9624|1380
51|1.0492, -1.3054, -0.7020, -0.9616, -0.2397, 0.2044, 0.5041, 0.9499|1460
52|1.0556, -1.3097, -0.7042, -0.9687, -0.2314, 0.2024, 0.4884, 0.9628|1540
53|1.0584, -1.3353, -0.7033, -0.9575, -0.2121, 0.2138, 0.4842, 0.9539|2420
54|1.0577, -1.3431, -0.6871, -0.9454, -0.2046, 0.2188, 0.4884, 0.9414|1000
55|1.0713, -1.3734, -0.6840, -0.9395, -0.1907, 0.2209, 0.4816, 0.9517|1440
56|1.0781, -1.3822, -0.6814, -0.9498, -0.1738, 0.2173, 0.4677, 0.9583|1480
57|1.0781, -1.3796, -0.6563, -0.9416, -0.1589, 0.2285, 0.4787, 0.9576|7200
58|1.0768, -1.4043, -0.6490, -0.9435, -0.1561, 0.2112, 0.4726, 0.9634|4580
59|1.0952, -1.4253, -0.6148, -0.9424, -0.1395, 0.2098, 0.4736, 0.9717|4940
60|1.1028, -1.4486, -0.6001, -0.9364, -0.1175, 0.1904, 0.4773, 0.9690|4520
61|1.1012, -1.4548, -0.5960, -0.9374, -0.1136, 0.1900, 0.4712, 0.9549|2060
62|1.1024, -1.4670, -0.5934, -0.9255, -0.1126, 0.2018, 0.4613, 0.9436|2660
63|1.1066, -1.4734, -0.5922, -0.9282, -0.1136, 0.1979, 0.4620, 0.9457|4360
