0|-1.2635, 1.4572, -0.6098, -1.1015, 0.9038, 0.5699, 1.4679, -0.8682|0
1|-1.2602, 1.4489, -0.6048, -1.1083, 0.9023, 0.5776, 1.4800, -0.8701|40
2|-1.2587, 1.4517, -0.6128, -1.1106, 0.8981, 0.5832, 1.4780, -0.8716|40
3|-1.2507, 1.4485, -0.6140, -1.1172, 0.8979, 0.5809, 1.4780, -0.8794|40
4|-1.2517, 1.4533, -0.6184, -1.1169, 0.8898, 0.5835, 1.4817, -0.8834|0
5|-1.2584, 1.4565, -0.6234, -1.1233, 0.8927, 0.5819, 1.4849, -0.8919|40
6|-1.2507, 1.4536, -0.6270, -1.1267, 0.8981, 0.5795, 1.4841, -0.8910|0
7|-1.2435, 1.4488, -0.6338, -1.1216, 0.8987, 0.5792, 1.4816, -0.8953|0
8|-1.2493, 1.4499, -0.6362, -1.1231, 0.9020, 0.5790, 1.4752, -0.9005|0
9|-1.2450, 1.4500, -0.6448, -1.1371, 0.9045, 0.5709, 1.4788, -0.8963|0
10|-1.2379, 1.4512, -0.6406, -1.1441, 0.9038, 0.5724, 1.4774, -0.8986|0
11|-1.2423, 1.4427, -0.6476, -1.1516, 0.8983, 0.5660, 1.4807, -0.8929|120
12|-1.2384, 1.4493, -0.6579, -1.1591, 0.9030, 0.5694, 1.4827, -0.8966|120
13|-1.2330, 1.4454, -0.6642, -1.1617, 0.8946, 0.5687, 1.4798, -0.9001|40
14|-1.2390, 1.4406, -0.6690, -1.1688, 0.8996, 0.5696, 1.4832, -0.9143|0
15|-1.2484, 1.4325, -0.6683, -1.1729, 0.8983, 0.5671, 1.4913, -0.9262|0
16|-1.2489, 1.4297, -0.6704, -1.1704, 0.8861, 0.5563, 1.4909, -0.9178|220
17|-1.2433, 1.4303, -0.6735, -1.1662, 0.8895, 0.5523, 1.4892, -0.9214|120
18|-1.2402, 1.4344, -0.6779, -1.1688, 0.8832, 0.5446, 1.4889, -0.9263|0
19|-1.2306, 1.4365, -0.6844, -1.1763, 0.8851, 0.5456, 1.4875, -0.9277|0
20|-1.2440, 1.4280, -0.6939, -1.1704, 0.8866, 0.5511, 1.4852, -0.9264|40
21|-1.2445, 1.4206, -0.7050, -1.1767, 0.8936, 0.5536, 1.4909, -0.9224|200
22|-1.2397, 1.4216, -0.7121, -1.1791, 0.8825, 0.5429, 1.4887, -0.9170|40
23|-1.2386, 1.4296, -0.7063, -1.1936, 0.8781, 0.5375, 1.4945, -0.9183|0
24|-1.2463, 1.4308, -0.7113, -1.2003, 0.8782, 0.5340, 1.4904, -0.9170|40
25|-1.2375, 1.4226, -0.7073, -1.2052, 0.8808, 0.5232, 1.4888, -0.9240|40
26|-1.2419, 1.4124, -0.7117, -1.2039, 0.8816, 0.5181, 1.4942, -0.9232|120
27|-1.2400, 1.4096, -0.7086, -1.2203, 0.8722, 0.5165, 1.4900, -0.9193|80
28|-1.2335, 1.4082, -0.7147, -1.2254, 0.8665, 0.5245, 1.4983, -0.9242|240
29|-1.2258, 1.4020, -0.7194, -1.2268, 0.8709, 0.5291, 1.5029, -0.9269|0
30|-1.2396, 1.4020, -0.7118, -1.2282, 0.8662, 0.5332, 1.5057, -0.9321|0
31|-1.2397, 1.4034, -0.7187, -1.2406, 0.8633, 0.5378, 1.5082, -0.9408|100
