0|0.0245, 1.1611, 0.4619, -1.3933, 0.9044, -1.1459, -0.3738, -0.5491|40
1|0.0170, 1.1493, 0.4278, -1.3872, 0.9070, -1.1321, -0.3593, -0.5438|40
2|0.0014, 1.1608, 0.4053, -1.4065, 0.8967, -1.1407, -0.3587, -0.5645|0
3|-0.0021, 1.1447, 0.3550, -1.4125, 0.8973, -1.1444, -0.3647, -0.5688|0
4|0.0097, 1.1808, 0.3142, -1.4467, 0.8823, -1.1591, -0.3686, -0.5668|80
5|0.0026, 1.1777, 0.2579, -1.4396, 0.8934, -1.1800, -0.3622, -0.5734|0
6|0.0140, 1.1713, 0.2172, -1.4544, 0.8855, -1.1761, -0.3524, -0.5384|0
7|0.0133, 1.1775, 0.1810, -1.4742, 0.8983, -1.2255, -0.3280, -0.5288|40
8|0.0210, 1.1677, 0.1502, -1.4601, 0.9048, -1.2232, -0.3041, -0.5157|80
9|0.0003, 1.1531, 0.0968, -1.4693, 0.9002, -1.2358, -0.3160, -0.5022|40
10|0.0011, 1.1509, 0.0620, -1.4613, 0.8780, -1.2530, -0.3164, -0.5023|120
11|0.0072, 1.1453, 0.0131, -1.4576, 0.9110, -1.2491, -0.2705, -0.5298|80
12|0.0257, 1.1258, -0.0321, -1.4740, 0.8896, -1.2720, -0.2543, -0.5373|40
13|0.0450, 1.1088, -0.0582, -1.4856, 0.8851, -1.2635, -0.2616, -0.5424|80
14|0.0378, 1.1122, -0.0481, -1.5088, 0.8733, -1.2518, -0.2733, -0.5430|40
15|0.0450, 1.1259, -0.0461, -1.5390, 0.8760, -1.2883, -0.2481, -0.5451|160
16|0.0677, 1.1150, -0.0708, -1.5401, 0.8823, -1.2949, -0.2622, -0.5754|0
17|0.0672, 1.1250, -0.0984, -1.5711, 0.8860, -1.3000, -0.2568, -0.5574|120
18|0.0838, 1.1065, -0.1204, -1.5791, 0.8709, -1.2801, -0.2663, -0.5897|40
19|0.0833, 1.1067, -0.1612, -1.5810, 0.8688, -1.2721, -0.2822, -0.5897|40
20|0.0891, 1.1060, -0.1894, -1.5794, 0.8586, -1.2631, -0.2863, -0.5742|120
21|0.0918, 1.1092, -0.2273, -1.6103, 0.8608, -1.2700, -0.3025, -0.5747|120
22|0.0978, 1.1191, -0.2668, -1.6200, 0.8956, -1.2706, -0.3023, -0.5683|160
23|0.1057, 1.1145, -0.3077, -1.6137, 0.8946, -1.2617, -0.2911, -0.5499|80
24|0.1235, 1.1214, -0.3535, -1.6123, 0.9204, -1.2720, -0.2835, -0.5502|120
25|0.1099, 1.1132, -0.3839, -1.5703, 0.9215, -1.2741, -0.2778, -0.5267|80
26|0.1628, 1.0886, -0.4288, -1.5949, 0.9254, -1.2609, -0.2849, -0.5319|0
27|0.1526, 1.0953, -0.4395, -1.5978, 0.9008, -1.2440, -0.2765, -0.5288|240
28|0.1557, 1.0946, -0.4928, -1.6143, 0.8985, -1.2653, -0.2539, -0.5172|200
29|0.1605, 1.0659, -0.5389, -1.6227, 0.8530, -1.2719, -0.2588, -0.5017|240
30|0.1607, 1.0336, -0.5521, -1.6238, 0.8579, -1.2730, -0.2491, -0.4941|200
31|0.1535, 1.0328, -0.5833, -1.6147, 0.8323, -1.2766, -0.2347, -0.4784|160
