0|-0.1036, -1.4676, 0.6711, -0.6153, 1.0973, -1.2635, 0.5588, 0.0058|0
1|-0.0993, -1.4898, 0.6643, -0.6489, 1.0869, -1.2779, 0.5802, -0.0129|0
2|-0.0994, -1.4837, 0.6598, -0.6794, 1.0811, -1.2975, 0.5940, -0.0217|280
3|-0.1009, -1.4888, 0.6350, -0.6981, 1.0383, -1.3105, 0.5914, -0.0270|0
4|-0.0704, -1.5021, 0.6042, -0.7256, 1.0356, -1.3308, 0.6016, -0.0196|0
5|-0.0761, -1.5181, 0.5856, -0.7433, 1.0054, -1.3346, 0.5927, -0.0338|0
6|-0.0856, -1.5250, 0.5384, -0.7638, 0.9894, -1.3177, 0.5894, -0.0472|0
7|-0.0703, -1.5449, 0.5013, -0.7908, 0.9788, -1.3217, 0.5902, -0.0452|200
8|-0.0618, -1.5585, 0.4737, -0.7926, 0.9700, -1.3309, 0.5850, -0.0468|80
9|-0.0656, -1.5701, 0.4420, -0.8040, 0.9567, -1.3252, 0.5873, -0.0643|440
10|-0.0667, -1.5838, 0.3825, -0.8037, 0.9387, -1.3431, 0.5837, -0.0951|40
11|-0.0629, -1.6034, 0.3445, -0.8093, 0.9251, -1.3493, 0.5809, -0.1071|260
12|-0.0746, -1.6182, 0.3203, -0.8204, 0.9008, -1.3502, 0.5847, -0.1195|80
13|-0.0560, -1.6279, 0.2796, -0.8172, 0.8830, -1.3439, 0.5856, -0.1093|240
14|-0.0505, -1.6567, 0.2471, -0.8251, 0.8835, -1.3403, 0.5744, -0.1102|200
15|-0.0442, -1.6765, 0.2135, -0.8315, 0.8889, -1.3338, 0.5608, -0.1273|240
16|-0.0502, -1.7012, 0.1923, -0.8283, 0.8768, -1.3320, 0.5551, -0.1265|720
17|-0.0410, -1.7161, 0.1658, -0.8368, 0.8525, -1.3295, 0.5598, -0.1264|360
18|-0.0235, -1.7245, 0.1380, -0.8390, 0.8267, -1.3292, 0.5383, -0.1234|440
19|-0.0168, -1.7426, 0.1262, -0.8313, 0.8135, -1.3385, 0.5507, -0.1188|360
20|-0.0159, -1.7716, 0.0983, -0.8498, 0.7924, -1.3312, 0.5508, -0.1364|400
21|-0.0065, -1.7769, 0.0639, -0.8454, 0.7975, -1.3277, 0.5356, -0.1324|540
22|0.0159, -1.8003, 0.0344, -0.8335, 0.8020, -1.3140, 0.5394, -0.1291|840
23|0.0317, -1.8118, 0.0069, -0.8432, 0.7845, -1.2984, 0.5321, -0.1144|160
24|0.0457, -1.8105, -0.0244, -0.8414, 0.7716, -1.3084, 0.5278, -0.1102|1340
25|0.0529, -1.8170, -0.0618, -0.8451, 0.7678, -1.2965, 0.5213, -0.1171|1060
26|0.0507, -1.8460, -0.0882, -0.8276, 0.7705, -1.2889, 0.5321, -0.1148|1620
27|0.0690, -1.8758, -0.1150, -0.8293, 0.7528, -1.2621, 0.5357, -0.1175|900
28|0.0789, -1.8897, -0.1494, -0.8280, 0.7289, -1.2526, 0.5186, -0.1187|200
29|0.0760, -1.8949, -0.1704, -0.8347, 0.7141, -1.2534, 0.5212, -0.1207|1380
30|0.0832, -1.9144, -0.1846, -0.8312, 0.7013, -1.2414, 0.5171, -0.1076|40
31|0.0875, -1.9401, -0.1854, -0.8268, 0.6803, -1.2297, 0.5085, -0.1057|660
