0|-0.0305, -0.4274, -1.1808, -0.8226, -1.1474, -1.4748, -0.0003, 0.2691|1260
1|-0.0146, -0.4299, -1.1768, -0.8078, -1.1592, -1.4804, -0.0011, 0.2596|1180
2|-0.0059, -0.4442, -1.1828, -0.8257, -1.1465, -1.4883, 0.0192, 0.2965|1060
3|-0.0233, -0.4501, -1.1659, -0.8347, -1.1453, -1.4987, 0.0239, 0.2877|380
4|-0.0129, -0.4784, -1.1829, -0.8171, -1.1419, -1.5035, 0.0326, 0.2804|360
5|0.0150, -0.5257, -1.1845, -0.8017, -1.1428, -1.5235, 0.0028, 0.2899|720
6|0.0107, -0.5371, -1.2027, -0.8006, -1.1497, -1.5144, 0.0044, 0.3102|820
7|0.0310, -0.5270, -1.1791, -0.8165, -1.1788, -1.5341, 0.0034, 0.2944|460
8|0.0423, -0.5257, -1.2050, -0.8364, -1.1962, -1.5428, 0.0103, 0.2833|580
9|0.0408, -0.5314, -1.2004, -0.8517, -1.1806, -1.5303, 0.0080, 0.2800|680
10|0.0586, -0.5091, -1.1982, -0.8306, -1.1826, -1.5324, 0.0041, 0.2658|1280
11|0.0609, -0.5273, -1.2093, -0.8386, -1.1955, -1.5220, -0.0117, 0.2807|1200
12|0.0484, -0.5208, -1.2353, -0.8299, -1.2098, -1.5310, -0.0235, 0.2880|820
13|0.0709, -0.5393, -1.2645, -0.8392, -1.2088, -1.5179, -0.0163, 0.2920|200
14|0.0828, -0.5448, -1.2889, -0.8581, -1.2188, -1.5190, -0.0396, 0.2737|920
15|0.0915, -0.5557, -1.2831, -0.8577, -1.2071, -1.5402, -0.0335, 0.2482|1000
16|0.0964, -0.5662, -1.2783, -0.8397, -1.1890, -1.5188, -0.0148, 0.2579|220
17|0.1038, -0.5923, -1.2737, -0.8394, -1.1978, -1.5229, -0.0226, 0.2609|1620
18|0.1141, -0.6182, -1.2580, -0.8599, -1.1928, -1.5345, -0.0334, 0.2999|1100
19|0.0992, -0.6344, -1.2723, -0.8373, -1.1954, -1.5298, -0.0548, 0.3001|500
20|0.1069, -0.6514, -1.2581, -0.8322, -1.1922, -1.5298, -0.0709, 0.2973|860
21|0.1149, -0.6693, -1.2717, -0.8393, -1.1791, -1.5334, -0.0635, 0.3144|280
22|0.1369, -0.6761, -1.2966, -0.8281, -1.1988, -1.5339, -0.0781, 0.3145|420
23|0.1306, -0.6800, -1.2930, -0.8240, -1.1719, -1.5437, -0.0786, 0.2953|600
24|0.1014, -0.6944, -1.2914, -0.8229, -1.1976, -1.5420, -0.0897, 0.3170|600
25|0.1159, -0.7089, -1.2896, -0.8080, -1.1806, -1.5414, -0.1033, 0.3382|500
26|0.1102, -0.7219, -1.2962, -0.8054, -1.1529, -1.5411, -0.1064, 0.3022|180
27|0.1333, -0.7343, -1.2935, -0.8264, -1.1643, -1.5411, -0.1074, 0.3255|1180
28|0.1505, -0.7587, -1.3102, -0.8354, -1.1571, -1.5383, -0.1010, 0.3284|520
29|0.1624, -0.7805, -1.3325, -0.8140, -1.1050, -1.5515, -0.1074, 0.3304|1560
30|0.1769, -0.7885, -1.3446, -0.7970, -1.1125, -1.5496, -0.0981, 0.3161|620
31|0.1918, -0.7997, -1.3445, -0.7982, -1.0988, -1.5498, -0.1088, 0.3251|420
32|0.2022, -0.8101, -1.3341, -0.8035, -1.0899, -1.5352, -0.1235, 0.3316|1420
33|0.1962, -0.7851, -1.3162, -0.7833, -1.0969, -1.5322, -0.1193, 0.3357|400
34|0.2050, -0.7774, -1.2963, -0.7870, -1.0793, -1.5543, -0.1184, 0.3426|440
35|0.2267, -0.7792, -1.3042, -0.7739, -1.0938, -1.5570, -0.1007, 0.3694|220
36|0.2273, -0.7879, -1.3410, -0.7667, -1.0733, -1.5599, -0.0994, 0.3859|540
37|0.2348, -0.7708, -1.3346, -0.7625, -1.0942, -1.5639, -0.1094, 0.3830|1580
38|0.2575, -0.7733, -1.3429, -0.7523, -1.0876, -1.5655, -0.1424, 0.3835|640
39|0.2461, -0.7941, -1.3386, -0.7403, -1.0749, -1.5688, -0.1601, 0.3985|1940
40|0.2479, -0.8067, -1.3059, -0.7463, -1.0784, -1.5626, -0.1672, 0.4162|1280
41|0.2329, -0.7999, -1.2902, -0.7349, -1.0614, -1.5946, -0.1652, 0.4121|720
42|0.2307, -0.8276, -1.2883, -0.7417, -1.0351, -1.5692, -0.1724, 0.4045|860
43|0.2351, -0.8688, -1.3076, -0.7107, -1.0630, -1.5735, -0.1964, 0.3790|280
44|0.2616, -0.8872, -1.3077, -0.7095, -1.0468, -1.5411, -0.2249, 0.3727|1000
45|0.2837, -0.8951, -1.3040, -0.7213, -1.0464, -1.5565, -0.2262, 0.3483|1020
46|0.2812, -0.9139, -1.3045, -0.7167, -1.0459, -1.5368, -0.2096, 0.3613|1940
47|0.3068, -0.9097, -1.3058, -0.6993, -1.0569, -1.5425, -0.2184, 0.3757|1700
48|0.3241, -0.8739, -1.2897, -0.6847, -1.0781, -1.5672, -0.2239, 0.3985|1100
49|0.3090, -0.8741, -1.3016, -0.6695, -1.0927, -1.5354, -0.2258, 0.4036|500
50|0.2931, -0.9158, -1.3088, -0.6594, -1.0784, -1.5521, -0.2484, 0.4004|780
51|0.3095, -0.9439, -1.3380, -0.6707, -1.0436, -1.5385, -0.2261, 0.4198|1000
52|0.3018, -0.9472, -1.3392, -0.6581, -1.0447, -1.5309, -0.2214, 0.4209|840
53|0.3266, -0.9465, -1.3722, -0.6623, -1.0495, -1.4934, -0.2033, 0.4286|4000
54|0.3211, -0.9566, -1.3592, -0.6654, -1.0720, -1.4869, -0.2065, 0.4567|2520
55|0.3476, -0.9636, -1.3553, -0.6834, -1.0702, -1.4790, -0.2141, 0.4410|1520
56|0.3705, -0.9736, -1.3225, -0.6786, -1.0829, -1.4945, -0.2165, 0.4480|700
57|0.3925, -0.9679, -1.3037, -0.6603, -1.0799, -1.4944, -0.2228, 0.4552|1200
58|0.3738, -0.9875, -1.3073, -0.6638, -1.0774, -1.5071, -0.2107, 0.4644|680
59|0.3828, -1.0038, -1.3175, -0.6587, -1.0892, -1.5058, -0.2347, 0.4697|1960
60|0.3696, -1.0201, -1.3036, -0.6402, -1.0837, -1.5186, -0.2250, 0.4724|1240
61|0.3679, -1.0383, -1.2969, -0.6418, -1.0856, -1.5020, -0.2245, 0.4857|1040
62|0.3794, -1.0469, -1.3247, -0.6358, -1.0732, -1.5135, -0.2277, 0.4974|1240
63|0.4097, -1.0555, -1.3517, -0.6442, -1.0616, -1.5429, -0.2302, 0.5195|2360
64|0.4126, -1.0610, -1.3371, -0.6545, -1.0621, -1.5388, -0.2376, 0.5184|2280
65|0.4335, -1.0458, -1.3482, -0.6598, -1.0747, -1.5414, -0.2567, 0.5091|580
66|0.4366, -1.0882, -1.3595, -0.6629, -1.0826, -1.5328, -0.2498, 0.5046|920
67|0.4541, -1.1164, -1.3594, -0.6640, -1.0792, -1.5279, -0.2645, 0.4934|2720
68|0.4394, -1.1579, -1.3371, -0.6317, -1.0810, -1.5231, -0.2761, 0.4737|1560
69|0.4410, -1.1446, -1.3294, -0.6295, -1.0700, -1.5228, -0.2764, 0.4736|1260
70|0.4598, -1.1687, -1.2943, -0.6267, -1.0601, -1.5112, -0.2796, 0.4646|1180
71|0.4547, -1.1850, -1.3017, -0.6421, -1.0660, -1.4827, -0.2798, 0.4627|2200
72|0.4701, -1.1885, -1.3255, -0.6417, -1.0524, -1.4895, -0.2919, 0.4473|1280
73|0.4836, -1.1989, -1.3163, -0.6364, -1.0646, -1.4879, -0.2800, 0.4552|1480
74|0.5262, -1.1908, -1.3161, -0.6539, -1.0593, -1.4890, -0.2973, 0.4678|560
75|0.5444, -1.1983, -1.3127, -0.6359, -1.0447, -1.4888, -0.3135, 0.4736|1680
76|0.5508, -1.2182, -1.2886, -0.6253, -1.0278, -1.5066, -0.2909, 0.4323|720
77|0.5944, -1.2320, -1.2988, -0.6413, -1.0116, -1.4902, -0.2822, 0.4251|860
78|0.6035, -1.2486, -1.2942, -0.6144, -0.9751, -1.4984, -0.2760, 0.4509|1200
79|0.6023, -1.2654, -1.2819, -0.5907, -0.9601, -1.5181, -0.2814, 0.4200|420
80|0.6260, -1.2765, -1.2809, -0.5908, -0.9593, -1.5093, -0.2803, 0.4450|1360
81|0.6036, -1.3145, -1.2964, -0.5868, -0.9695, -1.4975, -0.2702, 0.4443|1320
82|0.6321, -1.3291, -1.2926, -0.5806, -0.9892, -1.4956, -0.2576, 0.4355|500
83|0.6455, -1.3469, -1.2772, -0.5846, -0.9705, -1.4896, -0.2744, 0.4320|2740
84|0.6535, -1.3447, -1.2681, -0.5868, -0.9673, -1.4937, -0.2845, 0.4447|1360
85|0.6576, -1.3411, -1.2475, -0.5642, -0.9794, -1.4730, -0.2790, 0.4522|280
86|0.6327, -1.3638, -1.2224, -0.5515, -0.9591, -1.4870, -0.2909, 0.4829|3220
87|0.6441, -1.3775, -1.2247, -0.5486, -0.9487, -1.4974, -0.2757, 0.4835|2180
88|0.6485, -1.3822, -1.2050, -0.5383, -0.9482, -1.5065, -0.2814, 0.4680|720
89|0.6322, -1.3928, -1.2032, -0.5343, -0.9428, -1.5196, -0.2798, 0.4585|280
90|0.6272, -1.4005, -1.1934, -0.5489, -0.9493, -1.5223, -0.2952, 0.4658|660
91|0.6342, -1.4052, -1.1833, -0.5514, -0.9149, -1.4996, -0.3179, 0.4769|680
92|0.6419, -1.3969, -1.1766, -0.5406, -0.9059, -1.4875, -0.3106, 0.5047|400
93|0.6343, -1.4074, -1.1377, -0.5304, -0.8942, -1.4958, -0.3170, 0.4869|3020
94|0.6628, -1.4254, -1.1388, -0.5220, -0.8983, -1.4898, -0.3518, 0.4733|3360
95|0.6460, -1.4335, -1.1282, -0.5267, -0.9016, -1.4707, -0.3374, 0.4946|1280
96|0.6494, -1.4247, -1.1003, -0.5308, -0.9196, -1.4732, -0.3409, 0.4948|3540
97|0.6512, -1.4503, -1.0826, -0.5185, -0.9095, -1.4690, -0.3725, 0.4991|880
98|0.6308, -1.4486, -1.0811, -0.5294, -0.8987, -1.4644, -0.3952, 0.4993|1060
99|0.6315, -1.4715, -1.0857, -0.5335, -0.8987, -1.4717, -0.3786, 0.4933|2980
