0|1.2324, 0.9389, 0.4090, -0.6953, 0.0746, 0.0525, 0.9342, -1.3684|0
1|1.2411, 0.9470, 0.3967, -0.6975, 0.0691, 0.0468, 0.9297, -1.3687|0
2|1.2396, 0.9529, 0.3916, -0.7032, 0.0731, 0.0436, 0.9357, -1.3771|0
3|1.2449, 0.9506, 0.3798, -0.7083, 0.0778, 0.0344, 0.9292, -1.3788|0
4|1.2465, 0.9520, 0.3715, -0.7194, 0.0757, 0.0372, 0.9354, -1.3874|0
5|1.2460, 0.9511, 0.3580, -0.7180, 0.0687, 0.0350, 0.9358, -1.3923|0
6|1.2504, 0.9492, 0.3413, -0.7180, 0.0669, 0.0266, 0.9434, -1.3934|0
7|1.2579, 0.9435, 0.3259, -0.7310, 0.0550, 0.0192, 0.9505, -1.4013|0
8|1.2677, 0.9497, 0.3175, -0.7429, 0.0536, 0.0151, 0.9507, -1.4012|40
9|1.2636, 0.9475, 0.3086, -0.7497, 0.0490, 0.0055, 0.9544, -1.4082|0
10|1.2646, 0.9480, 0.2992, -0.7522, 0.0553, 0.0038, 0.9576, -1.4025|40
11|1.2689, 0.9422, 0.2771, -0.7610, 0.0649, -0.0034, 0.9534, -1.3990|0
12|1.2740, 0.9457, 0.2672, -0.7677, 0.0578, -0.0121, 0.9546, -1.3986|0
13|1.2768, 0.9486, 0.2474, -0.7711, 0.0618, -0.0118, 0.9561, -1.3930|0
14|1.2821, 0.9441, 0.2322, -0.7692, 0.0601, -0.0121, 0.9609, -1.3952|80
15|1.2961, 0.9411, 0.2129, -0.7704, 0.0560, -0.0107, 0.9555, -1.3911|0
16|1.2956, 0.9384, 0.1954, -0.7712, 0.0600, -0.0150, 0.9618, -1.4023|0
17|1.3057, 0.9396, 0.1746, -0.7737, 0.0638, -0.0238, 0.9643, -1.4059|40
18|1.3116, 0.9385, 0.1526, -0.7805, 0.0659, -0.0348, 0.9636, -1.4077|0
19|1.3144, 0.9327, 0.1383, -0.7876, 0.0613, -0.0384, 0.9611, -1.4132|0
20|1.3190, 0.9236, 0.1139, -0.7894, 0.0532, -0.0484, 0.9570, -1.4073|0
21|1.3193, 0.9111, 0.0900, -0.7957, 0.0555, -0.0479, 0.9528, -1.4135|80
22|1.3250, 0.9074, 0.0694, -0.8022, 0.0611, -0.0490, 0.9501, -1.4060|80
23|1.3236, 0.9091, 0.0507, -0.8084, 0.0619, -0.0551, 0.9632, -1.4058|0
24|1.3245, 0.9061, 0.0252, -0.8046, 0.0693, -0.0505, 0.9666, -1.4157|80
25|1.3295, 0.9031, 0.0013, -0.8039, 0.0698, -0.0510, 0.9689, -1.4201|120
26|1.3332, 0.8939, -0.0261, -0.8030, 0.0586, -0.0480, 0.9757, -1.4166|40
27|1.3451, 0.8839, -0.0403, -0.7993, 0.0549, -0.0477, 0.9762, -1.4134|40
28|1.3464, 0.8756, -0.0663, -0.7962, 0.0617, -0.0518, 0.9745, -1.4165|80
29|1.3462, 0.8688, -0.0882, -0.7819, 0.0558, -0.0549, 0.9747, -1.4147|160
30|1.3398, 0.8623, -0.1177, -0.7789, 0.0639, -0.0536, 0.9744, -1.4167|240
31|1.3417, 0.8585, -0.1394, -0.7859, 0.0616, -0.0542, 0.9762, -1.4160|120
32|1.3460, 0.8600, -0.1636, -0.7855, 0.0534, -0.0605, 0.9748, -1.4169|0
33|1.3574, 0.8477, -0.1831, -0.7884, 0.0586, -0.0607, 0.9739, -1.4137|240
34|1.3630, 0.8350, -0.2079, -0.7843, 0.0629, -0.0660, 0.9734, -1.4120|240
35|1.3647, 0.8400, -0.2264, -0.7854, 0.0531, -0.0628, 0.9699, -1.4200|240
36|1.3656, 0.8296, -0.2518, -0.7777, 0.0556, -0.0660, 0.9657, -1.4275|200
37|1.3659, 0.8273, -0.2747, -0.7799, 0.0527, -0.0696, 0.9572, -1.4237|120
38|1.3779, 0.8292, -0.2915, -0.7745, 0.0531, -0.0565, 0.9574, -1.4183|240
39|1.3735, 0.8139, -0.3112, -0.7704, 0.0429, -0.0670, 0.9591, -1.4108|200
40|1.3714, 0.7952, -0.3291, -0.7697, 0.0437, -0.0712, 0.9633, -1.4063|480
41|1.3749, 0.7882, -0.3441, -0.7673, 0.0408, -0.0751, 0.9643, -1.3967|240
42|1.3781, 0.7820, -0.3543, -0.7681, 0.0447, -0.0777, 0.9634, -1.3872|160
43|1.3822, 0.7784, -0.3729, -0.7784, 0.0474, -0.0773, 0.9664, -1.3909|280
44|1.3832, 0.7795, -0.3797, -0.7700, 0.0457, -0.0739, 0.9575, -1.3858|520
45|1.3810, 0.7728, -0.3976, -0.7682, 0.0378, -0.0703, 0.9674, -1.3876|160
46|1.3855, 0.7715, -0.4225, -0.7662, 0.0445, -0.0779, 0.9669, -1.3879|480
47|1.3964, 0.7484, -0.4439, -0.7554, 0.0436, -0.0855, 0.9744, -1.3794|420
48|1.4022, 0.7459, -0.4581, -0.7556, 0.0331, -0.0777, 0.9708, -1.3730|360
49|1.4012, 0.7396, -0.4635, -0.7573, 0.0394, -0.0792, 0.9733, -1.3666|80
50|1.4037, 0.7359, -0.4687, -0.7593, 0.0454, -0.0776, 0.9696, -1.3622|400
51|1.4084, 0.7393, -0.4794, -0.7566, 0.0506, -0.0697, 0.9661, -1.3588|240
52|1.4147, 0.7383, -0.4976, -0.7538, 0.0460, -0.0696, 0.9606, -1.3656|360
53|1.4173, 0.7310, -0.5036, -0.7559, 0.0469, -0.0787, 0.9608, -1.3604|520
54|1.4220, 0.7282, -0.5120, -0.7501, 0.0391, -0.0785, 0.9494, -1.3650|160
55|1.4249, 0.7267, -0.5192, -0.7468, 0.0422, -0.0744, 0.9476, -1.3578|360
56|1.4321, 0.7279, -0.5229, -0.7409, 0.0363, -0.0753, 0.9462, -1.3551|380
57|1.4304, 0.7175, -0.5350, -0.7437, 0.0305, -0.0718, 0.9477, -1.3509|400
58|1.4266, 0.7108, -0.5391, -0.7459, 0.0301, -0.0815, 0.9444, -1.3450|200
59|1.4238, 0.7021, -0.5497, -0.7446, 0.0300, -0.0908, 0.9372, -1.3510|320
60|1.4277, 0.6937, -0.5517, -0.7390, 0.0352, -0.0965, 0.9321, -1.3531|320
61|1.4313, 0.6840, -0.5565, -0.7406, 0.0327, -0.1020, 0.9316, -1.3504|200
62|1.4418, 0.6808, -0.5600, -0.7306, 0.0361, -0.0989, 0.9225, -1.3572|0
63|1.4372, 0.6770, -0.5682, -0.7295, 0.0401, -0.1018, 0.9187, -1.3526|280
64|1.4323, 0.6704, -0.5769, -0.7367, 0.0445, -0.1013, 0.9102, -1.3536|280
65|1.4391, 0.6633, -0.5896, -0.7339, 0.0495, -0.1019, 0.9094, -1.3583|1360
66|1.4405, 0.6589, -0.5898, -0.7375, 0.0486, -0.0989, 0.9054, -1.3551|440
67|1.4440, 0.6554, -0.5963, -0.7345, 0.0507, -0.1116, 0.9027, -1.3450|440
68|1.4489, 0.6510, -0.6115, -0.7425, 0.0576, -0.1211, 0.9010, -1.3421|560
69|1.4572, 0.6500, -0.6079, -0.7397, 0.0604, -0.1272, 0.8960, -1.3454|160
70|1.4572, 0.6424, -0.6046, -0.7440, 0.0588, -0.1314, 0.8890, -1.3360|820
71|1.4603, 0.6320, -0.6127, -0.7455, 0.0627, -0.1331, 0.8890, -1.3382|120
72|1.4646, 0.6302, -0.6206, -0.7444, 0.0561, -0.1262, 0.8954, -1.3341|280
73|1.4678, 0.6302, -0.6304, -0.7360, 0.0521, -0.1287, 0.9036, -1.3262|300
74|1.4669, 0.6294, -0.6350, -0.7328, 0.0467, -0.1275, 0.9007, -1.3318|280
75|1.4712, 0.6210, -0.6443, -0.7342, 0.0480, -0.1248, 0.8988, -1.3317|220
76|1.4744, 0.6145, -0.6514, -0.7407, 0.0528, -0.1224, 0.8946, -1.3283|280
77|1.4690, 0.6140, -0.6588, -0.7437, 0.0517, -0.1300, 0.8821, -1.3286|120
78|1.4730, 0.6040, -0.6680, -0.7501, 0.0582, -0.1272, 0.8751, -1.3275|440
79|1.4788, 0.6036, -0.6705, -0.7509, 0.0541, -0.1322, 0.8693, -1.3203|240
80|1.4776, 0.6085, -0.6851, -0.7516, 0.0626, -0.1207, 0.8667, -1.3157|160
81|1.4808, 0.6052, -0.6995, -0.7591, 0.0611, -0.1240, 0.8660, -1.3131|120
82|1.4794, 0.6064, -0.6998, -0.7526, 0.0499, -0.1293, 0.8596, -1.3081|420
83|1.4857, 0.6059, -0.7040, -0.7580, 0.0579, -0.1365, 0.8641, -1.3022|400
84|1.4787, 0.5951, -0.7125, -0.7583, 0.0574, -0.1404, 0.8626, -1.3024|360
85|1.4785, 0.5869, -0.7181, -0.7639, 0.0579, -0.1395, 0.8645, -1.2819|240
86|1.4825, 0.5813, -0.7181, -0.7678, 0.0634, -0.1428, 0.8678, -1.2799|260
87|1.4786, 0.5814, -0.7259, -0.7576, 0.0619, -0.1501, 0.8624, -1.2786|520
88|1.4865, 0.5746, -0.7275, -0.7557, 0.0695, -0.1523, 0.8657, -1.2785|640
89|1.4975, 0.5665, -0.7394, -0.7550, 0.0759, -0.1503, 0.8696, -1.2702|320
90|1.5099, 0.5628, -0.7451, -0.7560, 0.0795, -0.1535, 0.8685, -1.2648|360
91|1.5038, 0.5485, -0.7452, -0.7525, 0.0786, -0.1566, 0.8611, -1.2635|280
92|1.5063, 0.5475, -0.7534, -0.7446, 0.0826, -0.1584, 0.8606, -1.2611|120
93|1.4990, 0.5392, -0.7556, -0.7501, 0.0723, -0.1631, 0.8607, -1.2675|880
94|1.5067, 0.5353, -0.7540, -0.7549, 0.0723, -0.1594, 0.8614, -1.2678|160
95|1.4948, 0.5355, -0.7663, -0.7534, 0.0740, -0.1520, 0.8618, -1.2608|280
96|1.4942, 0.5260, -0.7666, -0.7560, 0.0731, -0.1558, 0.8672, -1.2564|320
97|1.4937, 0.5201, -0.7710, -0.7543, 0.0699, -0.1589, 0.8604, -1.2445|200
98|1.4984, 0.5130, -0.7835, -0.7606, 0.0717, -0.1625, 0.8567, -1.2516|360
99|1.5000, 0.5078, -0.7923, -0.7643, 0.0688, -0.1580, 0.8552, -1.2397|320
