0|0.4446, 0.2864, -0.5754, -0.8668, -0.9312, 0.9345, -1.1521, -0.6387|260
1|0.4490, 0.2758, -0.5808, -0.8661, -0.9365, 0.9410, -1.1437, -0.6409|220
2|0.4472, 0.2681, -0.5920, -0.8648, -0.9289, 0.9397, -1.1451, -0.6549|80
3|0.4568, 0.2575, -0.5918, -0.8669, -0.9361, 0.9144, -1.1359, -0.6530|0
4|0.4527, 0.2514, -0.5917, -0.8638, -0.9302, 0.9177, -1.1459, -0.6481|200
5|0.4546, 0.2399, -0.6198, -0.8695, -0.9222, 0.9193, -1.1342, -0.6332|360
6|0.4584, 0.2387, -0.6287, -0.8663, -0.9149, 0.9295, -1.1350, -0.6257|280
7|0.4572, 0.2360, -0.6246, -0.8781, -0.9157, 0.9461, -1.1375, -0.6100|220
8|0.4621, 0.2215, -0.6340, -0.8851, -0.9176, 0.9524, -1.1358, -0.6004|340
9|0.4682, 0.2220, -0.6350, -0.8883, -0.9214, 0.9456, -1.1389, -0.6064|40
10|0.4673, 0.2152, -0.6448, -0.8930, -0.9292, 0.9411, -1.1335, -0.6043|400
11|0.4694, 0.2122, -0.6508, -0.8958, -0.9218, 0.9377, -1.1288, -0.5919|200
12|0.4703, 0.2046, -0.6544, -0.8874, -0.9207, 0.9371, -1.1293, -0.5785|0
13|0.4625, 0.1971, -0.6594, -0.8992, -0.9236, 0.9356, -1.1230, -0.5782|200
14|0.4531, 0.1970, -0.6608, -0.9022, -0.9336, 0.9397, -1.1219, -0.5704|360
15|0.4523, 0.1733, -0.6637, -0.8957, -0.9340, 0.9382, -1.1139, -0.5623|80
16|0.4631, 0.1693, -0.6735, -0.8910, -0.9336, 0.9382, -1.1071, -0.5639|120
17|0.4573, 0.1521, -0.6826, -0.8921, -0.9289, 0.9462, -1.0990, -0.5623|340
18|0.4616, 0.1494, -0.6879, -0.8947, -0.9201, 0.9522, -1.1058, -0.5659|280
19|0.4574, 0.1413, -0.7026, -0.8825, -0.9198, 0.9507, -1.1062, -0.5654|520
20|0.4587, 0.1314, -0.7021, -0.8759, -0.9257, 0.9440, -1.1081, -0.5584|120
21|0.4663, 0.1308, -0.6998, -0.8809, -0.9188, 0.9520, -1.1107, -0.5582|240
22|0.4760, 0.1318, -0.7081, -0.8881, -0.9270, 0.9537, -1.1181, -0.5488|40
23|0.4866, 0.1212, -0.7087, -0.8895, -0.9227, 0.9461, -1.1236, -0.5553|600
24|0.4855, 0.1120, -0.7091, -0.8954, -0.9219, 0.9427, -1.1180, -0.5425|40
25|0.4980, 0.1023, -0.7098, -0.8957, -0.9305, 0.9493, -1.1209, -0.5486|180
26|0.5098, 0.0983, -0.7103, -0.8826, -0.9210, 0.9524, -1.1169, -0.5514|80
27|0.5160, 0.0941, -0.7145, -0.8850, -0.9181, 0.9522, -1.1257, -0.5488|120
28|0.5113, 0.0802, -0.7090, -0.8913, -0.9272, 0.9561, -1.1177, -0.5511|100
29|0.5018, 0.0872, -0.7167, -0.9050, -0.9176, 0.9560, -1.1158, -0.5465|160
30|0.5048, 0.0738, -0.7362, -0.8996, -0.9206, 0.9498, -1.1192, -0.5519|120
31|0.5095, 0.0606, -0.7360, -0.9005, -0.9290, 0.9434, -1.1191, -0.5547|40
32|0.5065, 0.0511, -0.7455, -0.8948, -0.9175, 0.9299, -1.1039, -0.5588|260
33|0.5087, 0.0414, -0.7346, -0.8998, -0.9181, 0.9210, -1.0908, -0.5528|200
34|0.5193, 0.0341, -0.7236, -0.8991, -0.9162, 0.9123, -1.0805, -0.5486|400
35|0.5182, 0.0440, -0.7261, -0.9065, -0.9145, 0.9142, -1.0718, -0.5554|0
36|0.5304, 0.0365, -0.7176, -0.9125, -0.9201, 0.9167, -1.0630, -0.5602|120
37|0.5142, 0.0334, -0.7157, -0.9107, -0.9100, 0.9193, -1.0504, -0.5638|200
38|0.5136, 0.0258, -0.7165, -0.8968, -0.9069, 0.9202, -1.0537, -0.5579|600
39|0.5122, 0.0174, -0.7261, -0.9119, -0.9074, 0.9120, -1.0578, -0.5583|240
40|0.5140, 0.0052, -0.7227, -0.9195, -0.8971, 0.8983, -1.0608, -0.5507|480
41|0.5385, 0.0013, -0.7230, -0.9101, -0.8953, 0.8982, -1.0465, -0.5526|120
42|0.5374, -0.0050, -0.7369, -0.9103, -0.8967, 0.8868, -1.0594, -0.5510|500
43|0.5373, -0.0038, -0.7437, -0.9073, -0.8957, 0.8832, -1.0537, -0.5601|820
44|0.5435, -0.0132, -0.7461, -0.9135, -0.8976, 0.8900, -1.0576, -0.5479|40
45|0.5515, -0.0263, -0.7535, -0.9195, -0.8892, 0.8891, -1.0529, -0.5492|280
46|0.5693, -0.0320, -0.7579, -0.9312, -0.8919, 0.8769, -1.0628, -0.5483|80
47|0.5649, -0.0365, -0.7699, -0.9277, -0.8964, 0.8886, -1.0596, -0.5461|440
48|0.5627, -0.0447, -0.7609, -0.9271, -0.8934, 0.8869, -1.0574, -0.5487|180
49|0.5744, -0.0598, -0.7645, -0.9227, -0.9020, 0.8939, -1.0556, -0.5341|160
50|0.5726, -0.0597, -0.7602, -0.9314, -0.9003, 0.8800, -1.0528, -0.5220|80
51|0.5748, -0.0591, -0.7806, -0.9342, -0.9042, 0.8879, -1.0536, -0.5206|120
52|0.5674, -0.0720, -0.7825, -0.9467, -0.9052, 0.8859, -1.0453, -0.5163|240
53|0.5766, -0.0791, -0.7825, -0.9526, -0.8946, 0.8725, -1.0488, -0.5184|180
54|0.5742, -0.0798, -0.7911, -0.9500, -0.8916, 0.8720, -1.0481, -0.5161|240
55|0.5798, -0.1055, -0.7765, -0.9473, -0.8883, 0.8656, -1.0488, -0.5051|320
56|0.5826, -0.1173, -0.7770, -0.9569, -0.8855, 0.8612, -1.0473, -0.4930|80
57|0.5890, -0.1346, -0.7848, -0.9444, -0.8875, 0.8590, -1.0471, -0.4907|340
58|0.5886, -0.1322, -0.7804, -0.9486, -0.8857, 0.8580, -1.0372, -0.4985|120
59|0.5861, -0.1390, -0.7815, -0.9560, -0.8792, 0.8453, -1.0372, -0.5104|120
60|0.5980, -0.1446, -0.7798, -0.9544, -0.8958, 0.8516, -1.0417, -0.5135|480
61|0.5942, -0.1356, -0.7815, -0.9483, -0.8961, 0.8483, -1.0488, -0.5131|660
62|0.5951, -0.1299, -0.7783, -0.9479, -0.8947, 0.8440, -1.0567, -0.5136|560
63|0.5866, -0.1275, -0.7746, -0.9451, -0.8899, 0.8324, -1.0525, -0.5120|120
64|0.6071, -0.1239, -0.7752, -0.9428, -0.8952, 0.8169, -1.0555, -0.5009|320
65|0.6090, -0.1163, -0.7817, -0.9435, -0.8810, 0.8231, -1.0558, -0.5025|420
66|0.6079, -0.1199, -0.7856, -0.9488, -0.8863, 0.8285, -1.0549, -0.5091|660
67|0.6015, -0.1188, -0.7794, -0.9503, -0.8898, 0.8166, -1.0438, -0.5028|340
68|0.5974, -0.1345, -0.7800, -0.9554, -0.8933, 0.8135, -1.0297, -0.4882|240
69|0.6033, -0.1217, -0.7740, -0.9490, -0.9034, 0.8046, -1.0385, -0.4797|120
70|0.6034, -0.1189, -0.7870, -0.9451, -0.9077, 0.7960, -1.0356, -0.4785|100
71|0.6126, -0.1337, -0.7888, -0.9479, -0.9012, 0.7961, -1.0365, -0.4784|120
72|0.6119, -0.1510, -0.7966, -0.9504, -0.8994, 0.8045, -1.0388, -0.4853|420
73|0.6275, -0.1585, -0.7893, -0.9484, -0.8935, 0.8160, -1.0361, -0.4821|560
74|0.6275, -0.1516, -0.7943, -0.9391, -0.8786, 0.8185, -1.0374, -0.4817|280
75|0.6322, -0.1564, -0.7961, -0.9420, -0.8876, 0.8220, -1.0318, -0.4799|360
76|0.6160, -0.1708, -0.8016, -0.9470, -0.8996, 0.8200, -1.0227, -0.4692|80
77|0.6141, -0.1709, -0.8079, -0.9322, -0.9017, 0.8188, -1.0148, -0.4657|300
78|0.6126, -0.1649, -0.8019, -0.9217, -0.9037, 0.8117, -1.0078, -0.4653|840
79|0.6235, -0.1657, -0.8136, -0.9279, -0.9118, 0.8063, -1.0189, -0.4653|800
80|0.6154, -0.1601, -0.8008, -0.9202, -0.9212, 0.8051, -1.0190, -0.4520|220
81|0.6140, -0.1557, -0.8020, -0.9184, -0.9237, 0.8059, -1.0237, -0.4629|80
82|0.6183, -0.1656, -0.7973, -0.9232, -0.9149, 0.8008, -1.0116, -0.4695|160
83|0.6222, -0.1549, -0.7938, -0.9262, -0.9153, 0.7978, -0.9958, -0.4677|1240
84|0.6196, -0.1714, -0.7852, -0.9270, -0.9242, 0.7921, -0.9874, -0.4796|200
85|0.6214, -0.1813, -0.7809, -0.9278, -0.9271, 0.7778, -0.9815, -0.4836|620
86|0.6208, -0.1741, -0.7958, -0.9378, -0.9160, 0.7649, -0.9846, -0.4826|240
87|0.6261, -0.1730, -0.8007, -0.9337, -0.9063, 0.7476, -0.9723, -0.4806|700
88|0.6225, -0.1642, -0.7990, -0.9365, -0.9180, 0.7483, -0.9548, -0.4825|620
89|0.6419, -0.1743, -0.7922, -0.9429, -0.9263, 0.7578, -0.9577, -0.4752|160
90|0.6346, -0.1856, -0.7918, -0.9429, -0.9187, 0.7512, -0.9529, -0.4637|420
91|0.6297, -0.1813, -0.7919, -0.9509, -0.9215, 0.7391, -0.9524, -0.4654|160
92|0.6332, -0.1940, -0.7907, -0.9518, -0.9212, 0.7429, -0.9459, -0.4574|240
93|0.6366, -0.2003, -0.7942, -0.9578, -0.9367, 0.7488, -0.9531, -0.4520|340
94|0.6428, -0.2047, -0.7850, -0.9622, -0.9393, 0.7477, -0.9518, -0.4489|640
95|0.6429, -0.2075, -0.7960, -0.9613, -0.9425, 0.7561, -0.9551, -0.4559|160
96|0.6398, -0.2067, -0.7870, -0.9641, -0.9370, 0.7554, -0.9693, -0.4502|300
97|0.6421, -0.2141, -0.7919, -0.9638, -0.9435, 0.7514, -0.9711, -0.4461|120
98|0.6402, -0.2282, -0.8021, -0.9732, -0.9451, 0.7493, -0.9744, -0.4469|480
99|0.6507, -0.2398, -0.7961, -0.9832, -0.9388, 0.7381, -0.9707, -0.4417|200
