0|1.1594, -0.6019, -1.0199, -0.1617, 0.8096, -0.7347, -0.6142, -0.9178|0
1|1.1972, -0.5708, -1.0301, -0.2872, 0.7102, -0.7970, -0.6318, -0.9122|0
2|1.2375, -0.6842, -1.0495, -0.4510, 0.6504, -0.7911, -0.5786, -0.9429|240
3|1.2721, -0.6144, -0.9708, -0.6056, 0.5526, -0.8115, -0.5664, -0.9666|200
4|1.3523, -0.6861, -0.9772, -0.5862, 0.5572, -0.9071, -0.5218, -1.0254|1080
5|1.3983, -0.6845, -0.9609, -0.6964, 0.5418, -0.9048, -0.4990, -0.9854|520
6|1.4308, -0.7743, -0.9133, -0.6530, 0.4873, -0.9033, -0.4068, -1.0252|480
7|1.3632, -0.8017, -0.9211, -0.6537, 0.4204, -0.8535, -0.3329, -1.0041|420
8|1.4282, -0.8733, -1.0116, -0.7206, 0.3839, -0.8024, -0.3347, -1.0064|720
9|1.3791, -0.9052, -1.0201, -0.7618, 0.4134, -0.7950, -0.3799, -1.0736|160
10|1.3694, -0.9741, -1.1295, -0.7768, 0.3423, -0.7739, -0.3102, -1.0244|660
11|1.3267, -1.0323, -1.0236, -0.7171, 0.3457, -0.7768, -0.2619, -1.1018|1640
12|1.3735, -0.9961, -1.0416, -0.7612, 0.3457, -0.7571, -0.3135, -1.1326|280
13|1.2944, -1.0442, -1.0173, -0.7871, 0.3020, -0.8050, -0.3219, -1.0637|1000
14|1.2375, -1.0798, -1.0175, -0.8059, 0.3035, -0.7592, -0.3383, -1.0279|820
15|1.2626, -1.1371, -1.0746, -0.8143, 0.2824, -0.7437, -0.3309, -0.9770|1760
16|1.2817, -1.1419, -1.0856, -0.7160, 0.2272, -0.6742, -0.3741, -0.8928|580
17|1.2513, -1.1819, -1.0189, -0.7381, 0.1898, -0.5989, -0.2896, -0.9289|200
18|1.2518, -1.1703, -1.0415, -0.7117, 0.1497, -0.5617, -0.2916, -0.9861|800
19|1.3021, -1.2537, -1.1339, -0.6802, 0.1587, -0.5974, -0.2957, -0.9158|460
20|1.2456, -1.2492, -1.0823, -0.7132, 0.1844, -0.5914, -0.3377, -0.8426|1360
21|1.1808, -1.2904, -0.9755, -0.6600, 0.1410, -0.5492, -0.3834, -0.8154|160
22|1.2640, -1.3097, -0.9523, -0.6274, 0.1524, -0.5398, -0.3398, -0.7171|2740
23|1.3458, -1.2663, -0.9560, -0.6148, 0.1329, -0.5485, -0.3149, -0.7894|240
24|1.3564, -1.4064, -0.9279, -0.6216, 0.0445, -0.5735, -0.3027, -0.8196|2120
25|1.3411, -1.4612, -0.8844, -0.5765, 0.0979, -0.4834, -0.2501, -0.8055|660
26|1.3181, -1.4691, -0.8878, -0.5585, 0.1232, -0.4389, -0.2029, -0.8611|1540
27|1.3598, -1.4919, -0.8405, -0.5543, 0.0928, -0.3396, -0.2095, -0.7991|3200
28|1.4013, -1.5196, -0.7625, -0.4875, 0.0637, -0.2766, -0.2480, -0.7298|3160
29|1.4717, -1.5798, -0.6876, -0.5750, 0.0730, -0.3000, -0.2317, -0.7097|3360
30|1.4665, -1.6688, -0.6194, -0.5730, -0.0085, -0.3196, -0.2389, -0.6928|1840
31|1.5215, -1.7620, -0.5904, -0.3915, -0.0380, -0.3462, -0.1630, -0.6856|4140
32|1.5550, -1.9272, -0.5467, -0.3361, -0.0362, -0.2770, -0.1791, -0.6150|12700
33|1.4915, -1.9172, -0.4575, -0.3316, -0.0804, -0.2247, -0.2114, -0.5883|15520
34|1.5392, -1.9586, -0.4392, -0.2850, -0.0508, -0.1033, -0.1873, -0.6303|9300
35|1.5619, -1.9176, -0.4293, -0.3466, 0.0533, -0.1171, -0.0478, -0.4584|8980
36|1.4994, -1.9707, -0.3180, -0.3132, 0.0378, -0.0930, -0.0103, -0.4744|29520
37|1.5141, -2.0040, -0.2510, -0.3485, -0.0736, -0.0052, -0.0442, -0.4787|5120
38|1.4866, -2.0290, -0.2651, -0.2343, 0.0150, 0.0220, -0.0699, -0.3213|11460
39|1.4579, -2.0992, -0.1235, -0.3157, 0.0335, -0.0035, 0.0425, -0.2707|41440
40|1.4165, -2.0888, -0.1701, -0.2234, 0.0454, -0.0076, 0.0381, -0.1287|66420
41|1.3693, -2.1900, -0.0568, -0.2875, -0.0462, -0.0119, -0.0040, -0.0751|13120
42|1.3733, -2.1709, -0.0823, -0.1858, -0.0442, 0.0598, -0.0390, -0.0023|73380
43|1.3900, -2.1261, -0.0692, -0.2801, -0.1188, 0.0100, 0.0131, 0.0223|45860
44|1.3777, -2.1743, -0.1332, -0.2155, -0.0920, 0.0116, -0.0198, 0.1661|155560
45|1.3114, -2.1953, -0.1002, -0.3222, -0.0464, 0.0325, -0.0690, 0.1201|89220
46|1.3145, -2.2577, -0.0898, -0.2597, -0.0314, 0.0597, 0.0170, 0.1089|188920
47|1.4146, -2.2217, -0.0856, -0.2171, -0.0771, 0.0114, 0.0544, 0.0806|419660
48|1.3733, -2.1985, -0.1226, -0.2766, -0.0393, 0.0450, 0.0120, 0.1347|68520
49|1.3500, -2.2065, -0.0425, -0.2625, -0.1268, -0.0020, -0.0235, 0.0603|682880
50|1.3236, -2.1944, -0.1588, -0.1926, -0.0556, 0.0364, -0.0972, 0.0856|29140
51|1.2871, -2.2387, -0.1320, -0.3350, -0.0916, -0.0035, -0.1433, 0.0968|136240
52|1.2763, -2.2584, -0.1349, -0.1865, -0.1638, 0.0781, -0.0866, 0.1028|54000
53|1.2454, -2.3333, -0.1482, -0.3087, -0.1250, -0.0058, -0.0775, 0.1220|83620
54|1.2388, -2.3459, -0.0519, -0.2529, -0.0934, 0.0415, -0.1824, 0.1112|9380
55|1.2302, -2.3861, -0.1379, -0.2648, -0.0899, -0.0598, -0.0796, 0.1382|20060
56|1.2086, -2.3118, -0.1201, -0.2627, -0.0483, 0.0474, -0.1036, 0.1494|952340
57|1.1816, -2.2788, -0.0321, -0.3729, -0.0723, -0.0457, -0.1207, 0.1520|65540
58|1.2268, -2.3819, -0.0679, -0.1792, -0.0903, -0.0162, -0.1413, 0.2007|23440
59|1.2179, -2.3277, -0.1444, -0.3000, -0.1197, -0.0042, -0.1424, 0.0549|21500
60|1.2288, -2.3094, -0.1012, -0.2495, -0.1412, 0.0663, -0.0608, 0.1042|69240
61|1.2784, -2.3448, -0.0619, -0.2460, -0.0665, -0.0504, -0.0791, 0.1111|18840
62|1.3153, -2.3094, -0.1229, -0.2242, -0.1343, 0.0412, -0.0934, 0.1496|217780
63|1.3001, -2.3105, -0.0385, -0.2358, -0.0871, -0.0076, 0.0069, 0.1428|274100
64|1.2955, -2.3582, -0.0749, -0.2240, -0.0769, 0.0088, -0.0721, 0.0941|164980
65|1.2405, -2.3985, -0.0180, -0.3179, -0.1488, -0.0433, -0.1074, 0.0869|84260
66|1.2036, -2.4079, -0.0925, -0.1737, -0.0887, 0.0306, -0.0987, 0.0638|485340
67|1.2271, -2.3732, -0.0781, -0.2166, -0.1447, -0.0487, -0.1211, 0.0924|225320
68|1.1759, -2.4328, -0.0927, -0.3282, -0.1537, -0.0681, -0.0746, 0.1862|44380
69|1.1869, -2.4819, -0.1285, -0.2429, -0.0425, 0.0077, -0.0893, 0.2013|247260
70|1.1199, -2.5585, -0.0929, -0.3105, -0.1448, -0.0193, -0.0804, 0.1058|33860
71|1.1456, -2.5760, -0.0268, -0.2579, -0.0893, 0.0231, -0.0453, 0.1537|93620
72|1.0584, -2.5722, -0.0817, -0.3536, -0.0998, -0.0052, -0.1128, 0.2264|206420
73|1.1163, -2.5858, -0.0425, -0.2994, -0.1628, 0.0988, -0.0079, 0.2020|208040
74|1.0866, -2.6130, -0.1250, -0.3364, -0.1294, 0.0567, 0.0314, 0.1706|49960
75|1.0163, -2.6604, -0.0984, -0.3076, -0.1231, 0.0444, 0.0198, 0.1842|218360
76|0.9976, -2.6207, -0.0445, -0.3146, -0.0512, -0.0021, -0.0514, 0.2262|464920
77|0.9244, -2.6082, -0.0899, -0.3177, -0.0976, 0.0493, 0.0291, 0.1781|84180
78|0.9622, -2.5865, -0.0136, -0.2473, -0.1409, 0.0535, -0.0026, 0.1089|532080
79|0.9547, -2.6059, -0.1208, -0.2752, -0.1483, -0.0445, -0.0287, 0.0541|218000
80|0.9570, -2.6183, -0.1352, -0.2034, -0.1324, -0.0116, -0.0783, 0.0616|114800
81|0.9831, -2.7234, -0.0906, -0.3137, -0.1046, -0.0284, -0.0401, 0.0990|102460
82|1.0946, -2.7420, -0.0886, -0.1907, -0.0615, 0.0462, -0.1016, 0.1348|184840
83|1.1731, -2.7993, -0.0639, -0.3492, -0.1422, 0.0510, -0.0675, 0.0303|104560
84|1.1626, -2.8295, -0.0534, -0.2977, -0.1360, 0.0741, -0.0415, 0.0909|348280
85|1.1538, -2.8924, -0.1153, -0.2317, -0.1839, 0.0228, -0.1090, 0.0523|126020
86|1.1820, -2.9230, -0.0470, -0.2143, -0.1117, -0.0547, -0.1178, 0.0883|110020
87|1.2131, -2.9383, -0.0775, -0.3014, -0.1182, -0.0315, -0.1882, 0.0857|479020
88|1.3057, -3.0505, -0.0962, -0.2488, -0.1253, -0.0408, -0.1591, 0.1313|57720
89|1.2054, -3.1695, -0.1245, -0.2967, -0.1991, -0.0620, -0.1053, 0.1193|100140
90|1.1853, -3.1917, -0.0548, -0.3198, -0.1285, 0.0077, -0.0955, 0.0913|233340
91|1.1464, -3.2239, -0.0767, -0.3382, -0.0508, -0.0033, -0.0531, 0.0466|267820
92|1.1996, -3.2771, -0.0299, -0.3699, -0.1334, 0.0438, -0.0672, 0.0989|28580
93|1.1311, -3.3027, -0.1422, -0.2661, -0.0648, -0.0175, -0.0430, 0.1553|695900
94|1.2301, -3.3120, 0.0054, -0.3018, -0.2468, -0.0329, -0.0335, 0.1207|427720
95|1.1988, -3.3601, -0.1026, -0.2549, -0.1349, 0.0172, -0.0465, 0.1091|83020
96|1.1924, -3.3516, -0.1288, -0.3278, -0.0708, -0.0103, -0.0017, 0.1754|308720
97|1.1826, -3.3499, -0.0852, -0.3478, -0.1276, 0.0300, -0.0440, 0.1702|182020
98|1.3177, -3.3728, -0.0548, -0.4139, -0.0812, 0.0278, -0.0287, 0.2255|172560
99|1.3990, -3.4091, -0.0578, -0.4050, -0.2014, 0.0612, -0.0202, 0.3227|980560
