0|1.0349, -1.1489, -0.2688, -0.2581, -0.9034, 1.4101, 0.8303, -0.8870|40
1|1.0382, -1.1476, -0.2981, -0.2697, -0.8986, 1.3925, 0.8298, -0.8900|0
2|1.0304, -1.1565, -0.3095, -0.2741, -0.8949, 1.3838, 0.8209, -0.8779|40
3|1.0252, -1.1614, -0.3083, -0.2943, -0.9032, 1.3627, 0.8101, -0.8824|40
4|1.0261, -1.1689, -0.3331, -0.3085, -0.9125, 1.3454, 0.8010, -0.8844|40
5|1.0262, -1.1852, -0.3511, -0.3129, -0.9102, 1.3290, 0.8179, -0.8891|0
6|1.0306, -1.2022, -0.3736, -0.3287, -0.9071, 1.3202, 0.8054, -0.8948|320
7|1.0327, -1.1963, -0.3910, -0.3527, -0.9119, 1.3088, 0.8080, -0.8990|0
8|1.0393, -1.2065, -0.3999, -0.3625, -0.9156, 1.3059, 0.8282, -0.9052|80
9|1.0489, -1.2050, -0.4114, -0.3872, -0.8960, 1.3124, 0.8224, -0.8900|40
10|1.0459, -1.1928, -0.4431, -0.3994, -0.8916, 1.2912, 0.8174, -0.9078|0
11|1.0421, -1.2137, -0.4827, -0.4282, -0.8858, 1.2744, 0.8090, -0.8969|0
12|1.0471, -1.2049, -0.4960, -0.4335, -0.9052, 1.2604, 0.8088, -0.8881|180
13|1.0425, -1.2113, -0.4913, -0.4449, -0.8923, 1.2474, 0.8157, -0.8829|0
14|1.0577, -1.1981, -0.5031, -0.4862, -0.9031, 1.2294, 0.8216, -0.8696|120
15|1.0582, -1.1961, -0.5282, -0.5295, -0.8981, 1.2072, 0.8195, -0.8693|140
16|1.0477, -1.1920, -0.5384, -0.5459, -0.8783, 1.1733, 0.8100, -0.8723|520
17|1.0626, -1.1964, -0.5516, -0.5691, -0.8712, 1.1577, 0.7769, -0.8598|140
18|1.0728, -1.1990, -0.5613, -0.5882, -0.8648, 1.1444, 0.7534, -0.8416|400
19|1.0638, -1.2034, -0.5816, -0.6187, -0.8726, 1.1353, 0.7597, -0.8349|660
20|1.0718, -1.2054, -0.5868, -0.6498, -0.8566, 1.1196, 0.7478, -0.8380|80
21|1.0799, -1.2131, -0.5827, -0.6714, -0.8384, 1.1081, 0.7344, -0.8308|400
22|1.0754, -1.2229, -0.5932, -0.6916, -0.8541, 1.1055, 0.7296, -0.8227|120
23|1.0885, -1.2189, -0.5961, -0.6909, -0.8578, 1.0708, 0.7347, -0.8287|240
24|1.1118, -1.2136, -0.5930, -0.7172, -0.8320, 1.0416, 0.7359, -0.8346|160
25|1.1074, -1.2216, -0.5967, -0.7208, -0.8302, 1.0325, 0.7334, -0.8258|920
26|1.1096, -1.2447, -0.5874, -0.7331, -0.8110, 1.0229, 0.7121, -0.8359|580
27|1.1278, -1.2429, -0.5876, -0.7503, -0.8127, 1.0017, 0.7040, -0.8250|320
28|1.1307, -1.2604, -0.5785, -0.7600, -0.8005, 0.9992, 0.6790, -0.8215|880
29|1.1288, -1.2623, -0.5849, -0.7947, -0.8014, 0.9694, 0.6801, -0.8193|540
30|1.1418, -1.2814, -0.5903, -0.8118, -0.7841, 0.9426, 0.6636, -0.8105|1300
31|1.1391, -1.2933, -0.5976, -0.8283, -0.7866, 0.9236, 0.6441, -0.8087|1820
32|1.1418, -1.2832, -0.5988, -0.8532, -0.7776, 0.9061, 0.6295, -0.8110|380
33|1.1424, -1.2781, -0.6143, -0.8631, -0.7706, 0.9036, 0.6353, -0.8125|540
34|1.1495, -1.2901, -0.6177, -0.8652, -0.7891, 0.8819, 0.6325, -0.7844|160
35|1.1600, -1.3015, -0.6132, -0.8747, -0.7876, 0.8761, 0.6337, -0.7735|880
36|1.1720, -1.3123, -0.6099, -0.8825, -0.7692, 0.8467, 0.6387, -0.7855|940
37|1.1863, -1.3310, -0.6125, -0.8717, -0.7586, 0.8393, 0.6101, -0.7746|1380
38|1.1979, -1.3398, -0.6065, -0.8856, -0.7709, 0.8284, 0.6079, -0.7560|2220
39|1.2007, -1.3454, -0.5926, -0.8921, -0.7618, 0.8103, 0.6201, -0.7513|1160
40|1.1934, -1.3460, -0.6014, -0.9078, -0.7554, 0.8094, 0.6000, -0.7379|1080
41|1.1938, -1.3410, -0.6057, -0.9116, -0.7661, 0.7887, 0.5940, -0.7334|320
42|1.1782, -1.3618, -0.6102, -0.9195, -0.7683, 0.7776, 0.5906, -0.7123|2700
43|1.1798, -1.3743, -0.6202, -0.9338, -0.7731, 0.7716, 0.5934, -0.6962|1540
44|1.1809, -1.3962, -0.6393, -0.9439, -0.7635, 0.7715, 0.5965, -0.6841|2380
45|1.1892, -1.4007, -0.6390, -0.9612, -0.7489, 0.7676, 0.5798, -0.6682|1460
46|1.1993, -1.3976, -0.6264, -0.9559, -0.7536, 0.7456, 0.5677, -0.6497|1660
47|1.2121, -1.4057, -0.6321, -0.9549, -0.7503, 0.7531, 0.5706, -0.6348|1880
48|1.2217, -1.4082, -0.6387, -0.9542, -0.7547, 0.7456, 0.5690, -0.6286|2600
49|1.2404, -1.4337, -0.6469, -0.9519, -0.7354, 0.7405, 0.5545, -0.6147|680
50|1.2507, -1.4384, -0.6255, -0.9318, -0.7304, 0.7355, 0.5625, -0.5908|1080
51|1.2281, -1.4414, -0.6309, -0.9190, -0.7443, 0.7327, 0.5670, -0.5925|800
52|1.2495, -1.4437, -0.6174, -0.9205, -0.7536, 0.7053, 0.5733, -0.5790|2780
53|1.2441, -1.4437, -0.6354, -0.9133, -0.7502, 0.6911, 0.5986, -0.5983|1460
54|1.2412, -1.4414, -0.6340, -0.9143, -0.7487, 0.6717, 0.6011, -0.5843|1880
55|1.2616, -1.4619, -0.6400, -0.9087, -0.7507, 0.6441, 0.5827, -0.5618|1580
56|1.2627, -1.4861, -0.6443, -0.9013, -0.7492, 0.6209, 0.5780, -0.5350|4660
57|1.2708, -1.4972, -0.6532, -0.9040, -0.7596, 0.6098, 0.5920, -0.5238|920
58|1.2744, -1.4982, -0.6581, -0.8872, -0.7556, 0.5938, 0.5713, -0.5227|500
59|1.2760, -1.5006, -0.6564, -0.8970, -0.7474, 0.5735, 0.5659, -0.5325|1900
60|1.2946, -1.5119, -0.6458, -0.8942, -0.7478, 0.5645, 0.5469, -0.5153|4280
61|1.3073, -1.5201, -0.6336, -0.8773, -0.7426, 0.5554, 0.5327, -0.5233|920
62|1.3108, -1.5341, -0.6356, -0.8977, -0.7364, 0.5592, 0.5204, -0.5191|1140
63|1.3166, -1.5573, -0.6523, -0.8967, -0.7208, 0.5489, 0.5225, -0.5064|800
64|1.3037, -1.5599, -0.6585, -0.8828, -0.7074, 0.5419, 0.5246, -0.4762|320
65|1.3094, -1.5868, -0.6551, -0.8635, -0.7154, 0.5456, 0.5353, -0.4739|900
66|1.3103, -1.6104, -0.6376, -0.8401, -0.7260, 0.5482, 0.5234, -0.4690|1980
67|1.3306, -1.6317, -0.6347, -0.8281, -0.7238, 0.5195, 0.5163, -0.4672|1700
68|1.3403, -1.6357, -0.6444, -0.8236, -0.7228, 0.5181, 0.5114, -0.4471|200
69|1.3492, -1.6478, -0.6376, -0.8196, -0.7284, 0.5074, 0.5212, -0.4454|800
70|1.3439, -1.6406, -0.6357, -0.8104, -0.7148, 0.4959, 0.5213, -0.4387|1140
71|1.3517, -1.6497, -0.6236, -0.7956, -0.7154, 0.4903, 0.5394, -0.4342|1060
72|1.3408, -1.6694, -0.6157, -0.8027, -0.7044, 0.4870, 0.5262, -0.4288|2020
73|1.3566, -1.6569, -0.5935, -0.8007, -0.7029, 0.4632, 0.5209, -0.4248|1500
74|1.3742, -1.6672, -0.5902, -0.8160, -0.7014, 0.4433, 0.5125, -0.4369|2580
75|1.3701, -1.6737, -0.6051, -0.8083, -0.6995, 0.4451, 0.4864, -0.4353|2500
76|1.3782, -1.6896, -0.6084, -0.8120, -0.6756, 0.4303, 0.4736, -0.4139|2180
77|1.3710, -1.7040, -0.6124, -0.8123, -0.6687, 0.4330, 0.4668, -0.3947|8140
78|1.4063, -1.7061, -0.6060, -0.8157, -0.6804, 0.4269, 0.4735, -0.3991|3720
79|1.4055, -1.7264, -0.5988, -0.8051, -0.6696, 0.4204, 0.4645, -0.3893|2420
80|1.4023, -1.7417, -0.6020, -0.7982, -0.6778, 0.4030, 0.4685, -0.3738|740
81|1.3941, -1.7602, -0.6031, -0.7664, -0.6806, 0.3827, 0.4602, -0.3827|3580
82|1.4002, -1.7782, -0.5920, -0.7617, -0.6636, 0.3781, 0.4405, -0.3886|1440
83|1.3974, -1.7819, -0.5843, -0.7613, -0.6522, 0.3749, 0.4263, -0.3821|3520
84|1.4063, -1.7933, -0.5862, -0.7656, -0.6617, 0.3464, 0.4326, -0.3718|2340
85|1.4186, -1.8080, -0.5914, -0.7513, -0.6392, 0.3358, 0.4275, -0.3636|840
86|1.4155, -1.8113, -0.5801, -0.7564, -0.6306, 0.3162, 0.4298, -0.3685|3960
87|1.3991, -1.8066, -0.5775, -0.7418, -0.6326, 0.3041, 0.4284, -0.3530|1800
88|1.3942, -1.8156, -0.5739, -0.7191, -0.6116, 0.2956, 0.4135, -0.3364|3680
89|1.4048, -1.8353, -0.5722, -0.7204, -0.5859, 0.2909, 0.4082, -0.3250|4420
90|1.4184, -1.8482, -0.5501, -0.7076, -0.5764, 0.2686, 0.3817, -0.3048|1180
91|1.4036, -1.8497, -0.5363, -0.6868, -0.5858, 0.2571, 0.3772, -0.3166|4740
92|1.3981, -1.8522, -0.5289, -0.6794, -0.5571, 0.2565, 0.3802, -0.2957|3980
93|1.4017, -1.8485, -0.5137, -0.6669, -0.5579, 0.2498, 0.3710, -0.2875|1620
94|1.4268, -1.8763, -0.5063, -0.6645, -0.5513, 0.2520, 0.3439, -0.2881|3380
95|1.4212, -1.8923, -0.5149, -0.6451, -0.5404, 0.2466, 0.3292, -0.2823|6460
96|1.4212, -1.9269, -0.4976, -0.6429, -0.5284, 0.2391, 0.3204, -0.2699|1120
97|1.4269, -1.9322, -0.4943, -0.6458, -0.5299, 0.2482, 0.3039, -0.2584|9000
98|1.4252, -1.9442, -0.4781, -0.6528, -0.5311, 0.2470, 0.2852, -0.2386|7640
99|1.4332, -1.9517, -0.4767, -0.6333, -0.5173, 0.2391, 0.2855, -0.2279|8880
