0|-1.3131, 0.5008, -0.5887, -1.4629, 1.2369, -1.4754, 1.1787, 0.0562|120
1|-1.3187, 0.4668, -0.6695, -1.4711, 1.2359, -1.4937, 1.1683, 0.0349|160
2|-1.3002, 0.4398, -0.6667, -1.4708, 1.2401, -1.4582, 1.1619, 0.0299|80
3|-1.3197, 0.4425, -0.7072, -1.5156, 1.2427, -1.4324, 1.1669, 0.0771|340
4|-1.2912, 0.4475, -0.7215, -1.5110, 1.2082, -1.4314, 1.1383, 0.0725|120
5|-1.2925, 0.4213, -0.7407, -1.5449, 1.1792, -1.4396, 1.1151, 0.0849|160
6|-1.2685, 0.4187, -0.7921, -1.5225, 1.1611, -1.4352, 1.1346, 0.0681|300
7|-1.2365, 0.3972, -0.7992, -1.5233, 1.1678, -1.4404, 1.1016, 0.0539|160
8|-1.2192, 0.3740, -0.8261, -1.5300, 1.1562, -1.4731, 1.1422, 0.0757|40
9|-1.2560, 0.3526, -0.8297, -1.5414, 1.1076, -1.4983, 1.1731, 0.0899|120
10|-1.2545, 0.3429, -0.8645, -1.5769, 1.0816, -1.5344, 1.1963, 0.0878|360
11|-1.2883, 0.3347, -0.8772, -1.5559, 1.0752, -1.5427, 1.2167, 0.0469|40
12|-1.2436, 0.3059, -0.8960, -1.5467, 1.0646, -1.5297, 1.2244, 0.0170|40
13|-1.2414, 0.2871, -0.9287, -1.5251, 1.0612, -1.5356, 1.2334, 0.0271|80
14|-1.2312, 0.2685, -0.9347, -1.5253, 1.0676, -1.5303, 1.2155, 0.0300|40
15|-1.2193, 0.2538, -0.9277, -1.5528, 1.0700, -1.5299, 1.2121, 0.0161|220
16|-1.2369, 0.2503, -0.9107, -1.5560, 1.0614, -1.5144, 1.1945, -0.0137|120
17|-1.2589, 0.2511, -0.9595, -1.5319, 1.0269, -1.5379, 1.2050, -0.0030|40
18|-1.2461, 0.2420, -0.9697, -1.5515, 1.0288, -1.5260, 1.2157, -0.0481|560
19|-1.2381, 0.2521, -1.0070, -1.5593, 1.0151, -1.5272, 1.2486, -0.0364|300
20|-1.2331, 0.2147, -1.0206, -1.5794, 1.0252, -1.5312, 1.2601, -0.0663|80
21|-1.2306, 0.1900, -1.0281, -1.6074, 1.0203, -1.5337, 1.2454, -0.0715|160
22|-1.2252, 0.1878, -1.0453, -1.6408, 1.0075, -1.5004, 1.2307, -0.0901|280
23|-1.2325, 0.1656, -1.0732, -1.6398, 1.0029, -1.5135, 1.2483, -0.0954|180
24|-1.2599, 0.1671, -1.0703, -1.6512, 0.9952, -1.4834, 1.2821, -0.0886|120
25|-1.2415, 0.1892, -1.0722, -1.6436, 1.0175, -1.4957, 1.2482, -0.0912|300
26|-1.2212, 0.1680, -1.1103, -1.6663, 1.0471, -1.4802, 1.2283, -0.0871|200
27|-1.2155, 0.1653, -1.1135, -1.6909, 1.0298, -1.4991, 1.2586, -0.0643|200
28|-1.2182, 0.1954, -1.1336, -1.6629, 1.0541, -1.5044, 1.2718, -0.0612|180
29|-1.2166, 0.1684, -1.1276, -1.6502, 1.0373, -1.5186, 1.2921, -0.0405|80
30|-1.2060, 0.1343, -1.1459, -1.6555, 1.0275, -1.5148, 1.3243, -0.0343|240
31|-1.1855, 0.1356, -1.1560, -1.6234, 1.0341, -1.5288, 1.3432, -0.0020|80
32|-1.1677, 0.1179, -1.1520, -1.6125, 1.0856, -1.5449, 1.3268, -0.0128|0
33|-1.1646, 0.1173, -1.1605, -1.5890, 1.0464, -1.5496, 1.3103, -0.0181|260
34|-1.1671, 0.1198, -1.2151, -1.5878, 1.0184, -1.5487, 1.2796, -0.0390|660
35|-1.1724, 0.0810, -1.2344, -1.5889, 1.0189, -1.5211, 1.2783, -0.0124|1340
36|-1.1621, 0.0722, -1.2595, -1.5669, 1.0260, -1.4985, 1.2837, 0.0244|540
37|-1.1222, 0.0738, -1.2609, -1.5691, 1.0523, -1.5007, 1.2764, 0.0594|1240
38|-1.1051, 0.0691, -1.2719, -1.6164, 1.0193, -1.5062, 1.2613, 0.0530|40
39|-1.0836, 0.0241, -1.2907, -1.6075, 1.0230, -1.5237, 1.2612, 0.0649|800
40|-1.0564, 0.0142, -1.3059, -1.6449, 1.0105, -1.5368, 1.2312, 0.0323|460
41|-1.0582, -0.0125, -1.3338, -1.6361, 0.9922, -1.5560, 1.2304, 0.0403|260
42|-1.0696, -0.0219, -1.3208, -1.6246, 0.9998, -1.5603, 1.2488, 0.0107|120
43|-1.0356, -0.0376, -1.3249, -1.6350, 1.0076, -1.5140, 1.2416, 0.0020|340
44|-1.0253, -0.0675, -1.3014, -1.6371, 0.9913, -1.5225, 1.2908, 0.0048|340
45|-1.0288, -0.0735, -1.2957, -1.6334, 0.9898, -1.5241, 1.3086, 0.0107|120
46|-0.9967, -0.1139, -1.3011, -1.6516, 1.0113, -1.5086, 1.3319, 0.0147|280
47|-1.0026, -0.1355, -1.2832, -1.6454, 1.0290, -1.5075, 1.3318, 0.0301|200
48|-1.0067, -0.1381, -1.2661, -1.6533, 1.0193, -1.5058, 1.3246, 0.0269|280
49|-1.0139, -0.1461, -1.2992, -1.6721, 1.0154, -1.5234, 1.3416, 0.0000|120
50|-0.9558, -0.1564, -1.3167, -1.6583, 0.9986, -1.5181, 1.3538, 0.0027|80
51|-0.9386, -0.1363, -1.3444, -1.6937, 1.0282, -1.5224, 1.3807, -0.0007|280
52|-0.9456, -0.1527, -1.3361, -1.6964, 1.0070, -1.5314, 1.3632, 0.0206|340
53|-0.9641, -0.1494, -1.3450, -1.7083, 0.9761, -1.5435, 1.3738, 0.0239|320
54|-0.9707, -0.1304, -1.3373, -1.6782, 0.9860, -1.5136, 1.3844, 0.0502|200
55|-0.9574, -0.1595, -1.3726, -1.6738, 0.9500, -1.5499, 1.4191, 0.0263|40
56|-0.9362, -0.1819, -1.3899, -1.7007, 0.9407, -1.5782, 1.4414, 0.0197|220
57|-0.9732, -0.1952, -1.4078, -1.6849, 0.9546, -1.5568, 1.4219, 0.0333|160
58|-0.9692, -0.2116, -1.4094, -1.7089, 0.9497, -1.5578, 1.4334, 0.0729|580
59|-0.9693, -0.2054, -1.3886, -1.6827, 0.9779, -1.5264, 1.4131, 0.0756|380
60|-0.9235, -0.2069, -1.3933, -1.6965, 0.9932, -1.5276, 1.3428, 0.0231|300
61|-0.9120, -0.2347, -1.4039, -1.7134, 0.9882, -1.5145, 1.3414, 0.0178|480
62|-0.9045, -0.2382, -1.3981, -1.7150, 0.9947, -1.5302, 1.3366, 0.0514|1780
63|-0.8759, -0.2555, -1.3978, -1.6658, 1.0045, -1.5255, 1.3653, 0.0702|520
64|-0.8768, -0.2247, -1.4040, -1.6865, 0.9804, -1.5085, 1.3403, 0.0718|260
65|-0.8705, -0.2617, -1.4290, -1.7269, 0.9736, -1.5189, 1.3559, 0.0790|600
66|-0.8648, -0.2895, -1.4489, -1.7309, 0.9804, -1.5192, 1.3434, 0.1040|340
67|-0.8595, -0.3049, -1.4805, -1.7293, 0.9640, -1.5310, 1.3581, 0.0778|120
68|-0.8679, -0.2987, -1.5070, -1.7370, 0.9398, -1.5481, 1.3705, 0.0771|800
69|-0.8870, -0.2880, -1.5241, -1.7311, 0.9610, -1.5350, 1.3727, 0.0976|920
70|-0.8948, -0.2618, -1.5310, -1.7663, 0.9434, -1.5179, 1.4023, 0.1050|840
71|-0.9091, -0.2542, -1.5307, -1.7691, 0.9099, -1.5035, 1.3705, 0.1480|640
72|-0.9154, -0.2663, -1.5591, -1.7721, 0.8964, -1.4892, 1.3677, 0.1429|760
73|-0.8910, -0.2798, -1.5787, -1.7843, 0.8989, -1.5105, 1.3502, 0.1364|120
74|-0.8877, -0.2708, -1.5620, -1.8023, 0.8879, -1.4740, 1.3797, 0.1410|80
75|-0.8661, -0.2673, -1.5768, -1.8009, 0.8878, -1.4527, 1.3352, 0.1725|780
76|-0.8471, -0.2662, -1.5982, -1.8245, 0.8694, -1.4214, 1.3183, 0.1908|500
77|-0.8503, -0.2892, -1.6063, -1.8217, 0.8569, -1.4323, 1.3472, 0.1975|400
78|-0.8586, -0.3108, -1.6142, -1.8265, 0.8497, -1.4604, 1.3562, 0.1833|720
79|-0.8303, -0.2988, -1.6278, -1.8521, 0.8549, -1.4459, 1.3633, 0.1655|0
80|-0.8252, -0.3272, -1.6122, -1.8407, 0.8083, -1.4650, 1.3616, 0.1719|160
81|-0.8052, -0.3436, -1.6103, -1.8226, 0.8145, -1.4818, 1.3803, 0.1326|800
82|-0.8116, -0.3276, -1.6263, -1.7831, 0.7743, -1.4659, 1.3875, 0.1128|300
83|-0.7878, -0.2883, -1.6372, -1.7982, 0.7750, -1.4544, 1.3738, 0.0921|280
84|-0.7416, -0.2836, -1.6503, -1.8351, 0.7244, -1.4578, 1.3645, 0.0953|1040
85|-0.7034, -0.3221, -1.6848, -1.8497, 0.7175, -1.4612, 1.4002, 0.0739|360
86|-0.7113, -0.3081, -1.7269, -1.8677, 0.7158, -1.4404, 1.3945, 0.0998|120
87|-0.7005, -0.3029, -1.7088, -1.8268, 0.6850, -1.4501, 1.4150, 0.0839|820
88|-0.6925, -0.3325, -1.7208, -1.8403, 0.6845, -1.4493, 1.4423, 0.0603|800
89|-0.6843, -0.3295, -1.7281, -1.8551, 0.6766, -1.4831, 1.4526, 0.0335|220
90|-0.6837, -0.3665, -1.7261, -1.8774, 0.6842, -1.5108, 1.4455, 0.0140|2040
91|-0.7117, -0.3795, -1.7343, -1.8598, 0.7156, -1.5263, 1.4319, 0.0074|780
92|-0.6864, -0.3359, -1.7551, -1.8450, 0.7230, -1.5284, 1.4590, 0.0004|160
93|-0.6790, -0.3170, -1.7498, -1.8425, 0.6876, -1.5220, 1.4610, 0.0265|40
94|-0.6613, -0.3063, -1.7757, -1.8571, 0.6901, -1.5168, 1.4554, 0.0434|420
95|-0.6310, -0.2837, -1.7459, -1.8447, 0.7107, -1.5174, 1.4742, 0.0927|1100
96|-0.6210, -0.3156, -1.7510, -1.8219, 0.6794, -1.5115, 1.4618, 0.0761|640
97|-0.6305, -0.2926, -1.7611, -1.8168, 0.6919, -1.4641, 1.4973, 0.0664|300
98|-0.6076, -0.3008, -1.7969, -1.8027, 0.6746, -1.4445, 1.4876, 0.0667|80
99|-0.5793, -0.3303, -1.8220, -1.7954, 0.6844, -1.4313, 1.4992, 0.0532|1200
