0|1.3864, -0.6133, -0.7756, -0.7036, 0.6449, -1.2532, 0.1025, 0.4532|80
1|1.3843, -0.6106, -0.7808, -0.7050, 0.6378, -1.2479, 0.1072, 0.4510|240
2|1.3827, -0.6115, -0.7715, -0.7122, 0.6311, -1.2414, 0.1110, 0.4595|220
3|1.3883, -0.6099, -0.7678, -0.7220, 0.6282, -1.2379, 0.1102, 0.4599|1020
4|1.3885, -0.6200, -0.7716, -0.7218, 0.6238, -1.2311, 0.1072, 0.4623|340
5|1.3815, -0.6212, -0.7737, -0.7370, 0.6137, -1.2299, 0.1008, 0.4646|1080
6|1.3775, -0.6205, -0.7722, -0.7383, 0.6102, -1.2276, 0.1039, 0.4625|340
7|1.3812, -0.6157, -0.7653, -0.7354, 0.6065, -1.2215, 0.1036, 0.4597|1560
8|1.3878, -0.6214, -0.7603, -0.7302, 0.6104, -1.2206, 0.0997, 0.4600|640
9|1.3812, -0.6262, -0.7637, -0.7304, 0.6060, -1.2135, 0.0983, 0.4610|320
10|1.3800, -0.6313, -0.7693, -0.7282, 0.5938, -1.2242, 0.0985, 0.4629|880
11|1.3868, -0.6383, -0.7731, -0.7312, 0.5902, -1.2362, 0.0986, 0.4682|920
12|1.3819, -0.6433, -0.7702, -0.7334, 0.5951, -1.2301, 0.0958, 0.4664|400
13|1.3866, -0.6479, -0.7577, -0.7352, 0.5848, -1.2195, 0.0956, 0.4686|3500
14|1.3935, -0.6459, -0.7553, -0.7377, 0.5754, -1.2178, 0.1050, 0.4652|1460
15|1.3894, -0.6475, -0.7530, -0.7377, 0.5735, -1.2144, 0.1062, 0.4628|420
16|1.3918, -0.6427, -0.7410, -0.7379, 0.5665, -1.2169, 0.1047, 0.4621|220
17|1.4021, -0.6444, -0.7344, -0.7459, 0.5581, -1.2123, 0.1026, 0.4631|440
18|1.4104, -0.6449, -0.7315, -0.7429, 0.5521, -1.2096, 0.1026, 0.4687|800
19|1.4164, -0.6471, -0.7332, -0.7464, 0.5534, -1.2083, 0.0951, 0.4716|1040
20|1.4121, -0.6491, -0.7331, -0.7513, 0.5425, -1.2043, 0.0961, 0.4738|520
21|1.4138, -0.6424, -0.7312, -0.7519, 0.5365, -1.2071, 0.0921, 0.4793|580
22|1.4226, -0.6493, -0.7194, -0.7590, 0.5342, -1.2116, 0.0938, 0.4817|460
23|1.4167, -0.6575, -0.7127, -0.7661, 0.5400, -1.2174, 0.0883, 0.4720|640
24|1.4122, -0.6633, -0.7130, -0.7612, 0.5387, -1.2115, 0.0830, 0.4704|480
25|1.4136, -0.6707, -0.7089, -0.7577, 0.5422, -1.2106, 0.0897, 0.4658|420
26|1.4023, -0.6766, -0.7079, -0.7553, 0.5328, -1.2123, 0.0829, 0.4796|580
27|1.3943, -0.6788, -0.7038, -0.7652, 0.5258, -1.2019, 0.0813, 0.4770|280
28|1.3931, -0.6740, -0.7010, -0.7801, 0.5191, -1.1985, 0.0835, 0.4776|980
29|1.3898, -0.6768, -0.6941, -0.7881, 0.5148, -1.1969, 0.0809, 0.4785|560
30|1.3946, -0.6806, -0.6980, -0.7811, 0.5133, -1.2027, 0.0843, 0.4845|460
31|1.4035, -0.6765, -0.6987, -0.7700, 0.5082, -1.1983, 0.0899, 0.4763|1500
32|1.4052, -0.6727, -0.6973, -0.7705, 0.5063, -1.1971, 0.0966, 0.4837|1520
33|1.4065, -0.6725, -0.6971, -0.7735, 0.4988, -1.1978, 0.0887, 0.4735|880
34|1.4064, -0.6776, -0.6992, -0.7872, 0.4850, -1.1839, 0.0907, 0.4715|900
35|1.4050, -0.6829, -0.6944, -0.7892, 0.4886, -1.1820, 0.0860, 0.4715|420
36|1.4057, -0.6908, -0.6993, -0.7828, 0.4846, -1.1821, 0.0889, 0.4679|980
37|1.3964, -0.6960, -0.7011, -0.7918, 0.4828, -1.1872, 0.0910, 0.4544|0
38|1.3940, -0.6949, -0.6903, -0.7896, 0.4764, -1.1875, 0.0876, 0.4552|260
39|1.3873, -0.6927, -0.6909, -0.7921, 0.4656, -1.1854, 0.0838, 0.4577|1080
40|1.3937, -0.6966, -0.6904, -0.7989, 0.4642, -1.1852, 0.0805, 0.4548|240
41|1.3974, -0.7036, -0.6901, -0.8093, 0.4642, -1.1920, 0.0873, 0.4567|320
42|1.3961, -0.7094, -0.6991, -0.8119, 0.4634, -1.1796, 0.0899, 0.4614|680
43|1.3932, -0.7163, -0.7054, -0.8050, 0.4615, -1.1710, 0.0933, 0.4544|320
44|1.3874, -0.7220, -0.7016, -0.8068, 0.4559, -1.1708, 0.0932, 0.4491|1300
45|1.3824, -0.7174, -0.6988, -0.8040, 0.4529, -1.1695, 0.0955, 0.4471|1480
46|1.3951, -0.7233, -0.6961, -0.8011, 0.4508, -1.1697, 0.0951, 0.4443|1140
47|1.4017, -0.7211, -0.7007, -0.8013, 0.4415, -1.1683, 0.0919, 0.4492|2420
48|1.4009, -0.7264, -0.7031, -0.8051, 0.4343, -1.1668, 0.0820, 0.4508|940
49|1.4041, -0.7201, -0.7066, -0.8063, 0.4226, -1.1620, 0.0728, 0.4536|320
50|1.3909, -0.7245, -0.7064, -0.8086, 0.4263, -1.1702, 0.0707, 0.4507|900
51|1.3956, -0.7282, -0.7052, -0.8094, 0.4234, -1.1604, 0.0761, 0.4561|1620
52|1.4014, -0.7236, -0.6988, -0.8102, 0.4208, -1.1555, 0.0734, 0.4512|400
53|1.4025, -0.7305, -0.7027, -0.8124, 0.4248, -1.1586, 0.0800, 0.4557|440
54|1.3973, -0.7330, -0.7071, -0.8048, 0.4165, -1.1589, 0.0810, 0.4564|420
55|1.3994, -0.7309, -0.7055, -0.8084, 0.4135, -1.1634, 0.0780, 0.4586|680
56|1.4069, -0.7386, -0.7094, -0.8027, 0.4136, -1.1585, 0.0853, 0.4530|540
57|1.4148, -0.7420, -0.7099, -0.7992, 0.4045, -1.1516, 0.0805, 0.4514|1120
58|1.4210, -0.7461, -0.7059, -0.7988, 0.3996, -1.1491, 0.0802, 0.4525|1920
59|1.4182, -0.7519, -0.6957, -0.7954, 0.3993, -1.1521, 0.0840, 0.4510|340
60|1.4211, -0.7606, -0.6954, -0.7951, 0.4044, -1.1534, 0.0850, 0.4606|600
61|1.4210, -0.7595, -0.6992, -0.7970, 0.3996, -1.1522, 0.0870, 0.4658|840
62|1.4216, -0.7609, -0.7073, -0.8035, 0.3993, -1.1509, 0.0867, 0.4548|380
63|1.4313, -0.7678, -0.7042, -0.7995, 0.4006, -1.1404, 0.0924, 0.4577|280
64|1.4415, -0.7743, -0.7069, -0.7929, 0.3976, -1.1412, 0.0919, 0.4498|1820
65|1.4386, -0.7808, -0.7012, -0.7884, 0.4034, -1.1353, 0.0861, 0.4536|740
66|1.4390, -0.7854, -0.7019, -0.7929, 0.4017, -1.1392, 0.0917, 0.4523|1260
67|1.4342, -0.7929, -0.7102, -0.7936, 0.3972, -1.1375, 0.0982, 0.4465|840
68|1.4323, -0.7907, -0.7064, -0.7921, 0.3959, -1.1449, 0.0926, 0.4423|600
69|1.4393, -0.7956, -0.7113, -0.7933, 0.4001, -1.1453, 0.0928, 0.4475|600
70|1.4377, -0.7941, -0.7215, -0.7927, 0.4037, -1.1384, 0.0873, 0.4515|600
71|1.4408, -0.7976, -0.7193, -0.7953, 0.3974, -1.1352, 0.0862, 0.4490|740
72|1.4314, -0.7976, -0.7159, -0.8002, 0.3904, -1.1348, 0.0846, 0.4461|600
73|1.4292, -0.8022, -0.7184, -0.7934, 0.3941, -1.1333, 0.0925, 0.4387|2940
74|1.4301, -0.8011, -0.7133, -0.7977, 0.3922, -1.1337, 0.0862, 0.4443|1080
75|1.4342, -0.8030, -0.7121, -0.7969, 0.3883, -1.1277, 0.0868, 0.4408|340
76|1.4365, -0.8102, -0.7151, -0.7957, 0.3939, -1.1202, 0.0753, 0.4387|800
77|1.4382, -0.8182, -0.7139, -0.8072, 0.3880, -1.1233, 0.0780, 0.4444|1080
78|1.4414, -0.8224, -0.7238, -0.8053, 0.3855, -1.1199, 0.0724, 0.4476|1300
79|1.4391, -0.8318, -0.7289, -0.8073, 0.3810, -1.1176, 0.0743, 0.4383|620
80|1.4411, -0.8364, -0.7355, -0.8097, 0.3804, -1.1140, 0.0742, 0.4411|180
81|1.4456, -0.8450, -0.7345, -0.8119, 0.3851, -1.1232, 0.0718, 0.4350|580
82|1.4475, -0.8436, -0.7352, -0.8156, 0.3901, -1.1141, 0.0689, 0.4342|280
83|1.4510, -0.8495, -0.7375, -0.8112, 0.3859, -1.1215, 0.0671, 0.4387|580
84|1.4635, -0.8458, -0.7357, -0.8085, 0.3887, -1.1150, 0.0691, 0.4347|2140
85|1.4599, -0.8452, -0.7322, -0.8075, 0.3886, -1.1092, 0.0693, 0.4303|1760
86|1.4511, -0.8409, -0.7322, -0.8061, 0.3819, -1.1118, 0.0678, 0.4300|920
87|1.4562, -0.8428, -0.7318, -0.7935, 0.3793, -1.1067, 0.0768, 0.4358|4200
88|1.4547, -0.8461, -0.7400, -0.8012, 0.3752, -1.1000, 0.0807, 0.4425|820
89|1.4547, -0.8466, -0.7513, -0.8037, 0.3666, -1.0988, 0.0706, 0.4471|820
90|1.4572, -0.8487, -0.7461, -0.7985, 0.3655, -1.0976, 0.0671, 0.4427|2160
91|1.4535, -0.8458, -0.7501, -0.7976, 0.3671, -1.0972, 0.0683, 0.4291|260
92|1.4605, -0.8453, -0.7542, -0.7935, 0.3645, -1.0947, 0.0748, 0.4325|280
93|1.4618, -0.8342, -0.7541, -0.8008, 0.3568, -1.0985, 0.0785, 0.4356|2460
94|1.4674, -0.8295, -0.7546, -0.8023, 0.3483, -1.1003, 0.0777, 0.4309|3020
95|1.4642, -0.8353, -0.7562, -0.8078, 0.3451, -1.0937, 0.0771, 0.4314|520
96|1.4704, -0.8271, -0.7558, -0.8133, 0.3470, -1.0926, 0.0767, 0.4271|460
97|1.4644, -0.8266, -0.7510, -0.8073, 0.3456, -1.0870, 0.0792, 0.4154|700
98|1.4673, -0.8188, -0.7531, -0.8018, 0.3508, -1.0917, 0.0833, 0.4146|1020
99|1.4731, -0.8280, -0.7497, -0.8049, 0.3562, -1.0968, 0.0819, 0.4188|460
