0|0.8072, 1.1352, -1.1889, 1.4327, 0.0807, -1.3588, 0.5696, 0.7247|0
1|0.7975, 1.1341, -1.2044, 1.4201, 0.0797, -1.3490, 0.5909, 0.7020|0
2|0.7902, 1.1245, -1.1869, 1.4054, 0.0821, -1.3750, 0.5909, 0.7067|0
3|0.7797, 1.1441, -1.1856, 1.3907, 0.0888, -1.3829, 0.5778, 0.6963|0
4|0.7891, 1.1419, -1.1817, 1.3841, 0.0676, -1.3999, 0.5820, 0.6928|0
5|0.7988, 1.1483, -1.1861, 1.3926, 0.0484, -1.3859, 0.5891, 0.6880|0
6|0.7983, 1.1372, -1.1761, 1.3681, 0.0852, -1.4013, 0.5836, 0.7099|0
7|0.8132, 1.1588, -1.1841, 1.3896, 0.0935, -1.3986, 0.5756, 0.6948|0
8|0.8145, 1.1752, -1.1892, 1.3927, 0.0948, -1.3774, 0.5867, 0.6800|0
9|0.7971, 1.1726, -1.1891, 1.4012, 0.1020, -1.3903, 0.5907, 0.6751|0
10|0.8080, 1.1755, -1.1669, 1.3890, 0.1083, -1.3921, 0.5929, 0.6840|0
11|0.8045, 1.1702, -1.1589, 1.3841, 0.0974, -1.3681, 0.5809, 0.6971|0
12|0.8312, 1.1861, -1.1665, 1.3753, 0.0900, -1.3532, 0.5760, 0.6946|0
13|0.8479, 1.1878, -1.1799, 1.3635, 0.0919, -1.3612, 0.5918, 0.6733|0
14|0.8538, 1.1859, -1.1783, 1.3750, 0.0932, -1.3086, 0.5779, 0.6965|40
15|0.8376, 1.1629, -1.1710, 1.3895, 0.0921, -1.3120, 0.5735, 0.6524|0
16|0.8253, 1.1378, -1.1693, 1.3986, 0.0918, -1.3501, 0.5737, 0.6248|0
17|0.8249, 1.1298, -1.1560, 1.3790, 0.1023, -1.3288, 0.5945, 0.6224|0
18|0.8194, 1.1204, -1.1469, 1.3787, 0.0990, -1.3326, 0.6061, 0.6063|0
19|0.7889, 1.1165, -1.1626, 1.3304, 0.1039, -1.3112, 0.5804, 0.5877|0
20|0.7903, 1.1267, -1.1674, 1.2960, 0.1342, -1.2903, 0.5646, 0.6034|0
21|0.7949, 1.1454, -1.1817, 1.3103, 0.1342, -1.2795, 0.5583, 0.5963|0
22|0.7899, 1.1372, -1.2018, 1.3208, 0.1430, -1.2771, 0.5488, 0.5989|0
23|0.7962, 1.1232, -1.1975, 1.3155, 0.1563, -1.2686, 0.5461, 0.5844|0
24|0.7959, 1.1113, -1.2253, 1.2808, 0.1489, -1.2691, 0.5582, 0.5836|0
25|0.7815, 1.1045, -1.2120, 1.2673, 0.1637, -1.2522, 0.5403, 0.5899|0
26|0.8039, 1.1185, -1.1921, 1.2456, 0.1531, -1.2752, 0.5317, 0.6125|0
27|0.8203, 1.1354, -1.1901, 1.2351, 0.1602, -1.2893, 0.5454, 0.6175|0
28|0.8214, 1.1305, -1.2011, 1.2690, 0.1672, -1.2964, 0.5683, 0.5961|0
29|0.8210, 1.1174, -1.1977, 1.2743, 0.1851, -1.2699, 0.5567, 0.5875|0
30|0.7871, 1.1204, -1.2050, 1.2705, 0.1797, -1.2546, 0.5631, 0.5805|0
31|0.7991, 1.1069, -1.2130, 1.2750, 0.1675, -1.2639, 0.5736, 0.6022|0
32|0.7708, 1.0880, -1.1856, 1.2743, 0.1604, -1.2616, 0.5692, 0.5705|0
33|0.7826, 1.1032, -1.1935, 1.2796, 0.1451, -1.2687, 0.5401, 0.5922|0
34|0.7607, 1.1006, -1.2123, 1.2713, 0.1746, -1.2771, 0.5465, 0.5788|0
35|0.7570, 1.1090, -1.1938, 1.2690, 0.1617, -1.2621, 0.5436, 0.5933|0
36|0.7611, 1.1200, -1.2028, 1.2706, 0.1668, -1.2808, 0.5466, 0.5952|0
37|0.7515, 1.0859, -1.2014, 1.2647, 0.1751, -1.3032, 0.5537, 0.6029|0
38|0.7243, 1.0802, -1.1770, 1.2832, 0.1846, -1.3106, 0.5723, 0.5907|0
39|0.7285, 1.1082, -1.1882, 1.2749, 0.1881, -1.3076, 0.5763, 0.6072|0
40|0.7480, 1.0976, -1.2104, 1.2804, 0.2170, -1.3110, 0.5537, 0.6030|0
41|0.7282, 1.1381, -1.2000, 1.2893, 0.2137, -1.3039, 0.5464, 0.6090|0
42|0.7263, 1.1160, -1.2214, 1.2950, 0.2046, -1.3008, 0.5389, 0.5918|0
43|0.7347, 1.1167, -1.2296, 1.2888, 0.1994, -1.3054, 0.5413, 0.5986|0
44|0.7571, 1.0989, -1.2152, 1.2799, 0.2074, -1.3269, 0.5488, 0.6022|0
45|0.7519, 1.0999, -1.1746, 1.2640, 0.2078, -1.3250, 0.5339, 0.5918|0
46|0.7482, 1.0948, -1.1677, 1.2303, 0.2000, -1.3136, 0.5385, 0.6041|0
47|0.7473, 1.0802, -1.1403, 1.2490, 0.1909, -1.3308, 0.5164, 0.6058|0
48|0.7391, 1.0959, -1.1422, 1.2556, 0.2055, -1.3513, 0.5476, 0.6012|0
49|0.7481, 1.0947, -1.1502, 1.2589, 0.1963, -1.3582, 0.5416, 0.6019|0
50|0.7514, 1.1069, -1.1513, 1.2592, 0.1520, -1.3379, 0.5354, 0.6178|0
51|0.7354, 1.1332, -1.1311, 1.2754, 0.1481, -1.3441, 0.5658, 0.6018|0
52|0.7521, 1.1423, -1.1279, 1.2652, 0.1585, -1.3400, 0.5602, 0.6009|0
53|0.7690, 1.1495, -1.1045, 1.2873, 0.1466, -1.3392, 0.5756, 0.5921|0
54|0.7726, 1.1323, -1.1227, 1.2900, 0.1491, -1.3407, 0.5853, 0.5955|0
55|0.7760, 1.1199, -1.1442, 1.2866, 0.1252, -1.3520, 0.5841, 0.6080|0
56|0.7674, 1.1295, -1.1450, 1.2879, 0.1280, -1.3367, 0.5982, 0.6040|0
57|0.7664, 1.1424, -1.1324, 1.2979, 0.1085, -1.3118, 0.5990, 0.5838|0
58|0.7405, 1.1677, -1.0921, 1.3018, 0.1085, -1.3188, 0.6236, 0.5806|0
59|0.7313, 1.1620, -1.1124, 1.3042, 0.0927, -1.2890, 0.6422, 0.5741|0
60|0.7110, 1.1471, -1.0987, 1.3251, 0.1085, -1.3157, 0.6380, 0.5568|0
61|0.7155, 1.1288, -1.1278, 1.3416, 0.1044, -1.3084, 0.6168, 0.5449|0
62|0.7265, 1.0934, -1.1256, 1.3326, 0.1199, -1.3003, 0.6200, 0.5321|0
63|0.7285, 1.1015, -1.1088, 1.3422, 0.1088, -1.3238, 0.6330, 0.5276|0
64|0.7433, 1.0859, -1.1131, 1.3608, 0.1061, -1.3258, 0.6192, 0.5280|0
65|0.7334, 1.0888, -1.1009, 1.3721, 0.1385, -1.3220, 0.6143, 0.5216|40
66|0.7156, 1.0891, -1.1229, 1.3610, 0.1229, -1.3143, 0.6255, 0.5118|0
67|0.7123, 1.1023, -1.1224, 1.3640, 0.1316, -1.3115, 0.6458, 0.5021|0
68|0.7245, 1.0810, -1.1251, 1.3569, 0.1636, -1.3101, 0.6336, 0.4945|0
69|0.7310, 1.0825, -1.1158, 1.3529, 0.1640, -1.3245, 0.6209, 0.5127|0
70|0.7498, 1.0973, -1.1205, 1.3539, 0.1624, -1.3105, 0.6270, 0.5186|0
71|0.7275, 1.1032, -1.1258, 1.3565, 0.1657, -1.2937, 0.6494, 0.5237|0
72|0.7335, 1.1185, -1.1148, 1.3620, 0.1497, -1.3259, 0.6443, 0.5185|0
73|0.7379, 1.0906, -1.1211, 1.3721, 0.1619, -1.3505, 0.6360, 0.5229|0
74|0.7429, 1.0864, -1.1280, 1.3526, 0.1546, -1.3619, 0.5986, 0.5241|0
75|0.7439, 1.0835, -1.1259, 1.3538, 0.1656, -1.3414, 0.6125, 0.5346|0
76|0.7589, 1.0878, -1.1132, 1.3470, 0.1709, -1.3417, 0.5958, 0.5484|0
77|0.7439, 1.0762, -1.1020, 1.3365, 0.1717, -1.3455, 0.6046, 0.5457|0
78|0.7653, 1.0660, -1.1006, 1.3281, 0.1717, -1.3595, 0.5961, 0.5317|0
79|0.7411, 1.0955, -1.1291, 1.3435, 0.1629, -1.3562, 0.5916, 0.5172|0
80|0.7447, 1.1030, -1.1276, 1.3544, 0.1609, -1.3552, 0.6255, 0.5320|0
81|0.7538, 1.1077, -1.1269, 1.3430, 0.1664, -1.3730, 0.6142, 0.5291|0
82|0.7688, 1.1082, -1.1171, 1.3275, 0.1775, -1.3998, 0.6074, 0.5118|0
83|0.7758, 1.1160, -1.1244, 1.3482, 0.1859, -1.3959, 0.6199, 0.4993|0
84|0.7530, 1.1011, -1.1286, 1.3401, 0.1694, -1.3979, 0.6035, 0.4853|0
85|0.7440, 1.0989, -1.1442, 1.3322, 0.1907, -1.3929, 0.6148, 0.4496|0
86|0.7568, 1.0969, -1.1248, 1.3154, 0.1867, -1.3905, 0.6059, 0.4341|0
87|0.7288, 1.1045, -1.0961, 1.2989, 0.2088, -1.4064, 0.6125, 0.4412|0
88|0.7154, 1.0977, -1.1065, 1.2738, 0.2042, -1.3895, 0.6188, 0.4433|0
89|0.7127, 1.1105, -1.0873, 1.2799, 0.1988, -1.4136, 0.6045, 0.4352|0
90|0.7118, 1.1260, -1.0617, 1.3037, 0.2203, -1.4053, 0.6389, 0.4439|0
91|0.7113, 1.1423, -1.0566, 1.2937, 0.2243, -1.3967, 0.6318, 0.4602|0
92|0.7088, 1.1378, -1.0432, 1.3042, 0.2449, -1.3979, 0.6384, 0.4468|0
93|0.6832, 1.1185, -1.0538, 1.2724, 0.2400, -1.3885, 0.6402, 0.4570|0
94|0.6800, 1.1141, -1.0537, 1.2958, 0.2324, -1.3660, 0.6454, 0.4380|0
95|0.6676, 1.1193, -1.0515, 1.2901, 0.2362, -1.3872, 0.6496, 0.4622|0
96|0.6760, 1.1231, -1.0445, 1.2894, 0.2430, -1.3812, 0.6443, 0.4651|0
97|0.6583, 1.1067, -1.0449, 1.2782, 0.2392, -1.3809, 0.6436, 0.4837|0
98|0.6573, 1.0730, -1.0429, 1.2547, 0.2277, -1.3721, 0.6421, 0.4870|0
99|0.6505, 1.1009, -1.0464, 1.2669, 0.2185, -1.3630, 0.6405, 0.4637|0
