0|-0.5338, 1.2468, -0.7089, 0.0208, -1.3850, -1.1699, 0.7284, -0.9280|80
1|-0.5187, 1.2498, -0.7111, 0.0050, -1.3918, -1.1684, 0.7294, -0.9389|40
2|-0.5204, 1.2559, -0.7049, -0.0043, -1.3935, -1.1698, 0.7302, -0.9357|80
3|-0.5264, 1.2514, -0.7066, -0.0169, -1.3932, -1.1655, 0.7360, -0.9293|160
4|-0.5316, 1.2534, -0.7045, -0.0236, -1.3891, -1.1564, 0.7361, -0.9286|160
5|-0.5336, 1.2495, -0.7019, -0.0346, -1.3849, -1.1638, 0.7276, -0.9248|80
6|-0.5307, 1.2418, -0.7071, -0.0469, -1.3821, -1.1757, 0.7275, -0.9190|160
7|-0.5297, 1.2378, -0.7073, -0.0502, -1.3993, -1.1816, 0.7298, -0.9199|120
8|-0.5245, 1.2326, -0.7140, -0.0699, -1.3940, -1.1813, 0.7299, -0.9320|200
9|-0.5122, 1.2339, -0.7122, -0.0821, -1.3856, -1.1812, 0.7325, -0.9311|120
10|-0.5058, 1.2322, -0.7071, -0.1028, -1.3932, -1.1879, 0.7410, -0.9305|0
11|-0.5046, 1.2382, -0.7247, -0.1061, -1.3986, -1.1928, 0.7415, -0.9319|280
12|-0.5040, 1.2439, -0.7363, -0.1130, -1.3956, -1.2021, 0.7440, -0.9355|80
13|-0.4960, 1.2473, -0.7445, -0.1183, -1.3967, -1.2094, 0.7416, -0.9234|80
14|-0.5056, 1.2414, -0.7453, -0.1263, -1.3943, -1.2076, 0.7418, -0.9337|160
15|-0.4944, 1.2422, -0.7476, -0.1313, -1.3820, -1.2035, 0.7406, -0.9340|240
16|-0.4769, 1.2394, -0.7571, -0.1362, -1.3730, -1.2017, 0.7354, -0.9253|220
17|-0.4879, 1.2397, -0.7666, -0.1451, -1.3762, -1.2083, 0.7279, -0.9138|40
18|-0.4867, 1.2388, -0.7588, -0.1461, -1.3806, -1.2127, 0.7338, -0.9200|120
19|-0.4764, 1.2330, -0.7676, -0.1556, -1.3799, -1.2194, 0.7281, -0.9253|160
20|-0.4714, 1.2214, -0.7762, -0.1574, -1.3841, -1.2140, 0.7390, -0.9366|40
21|-0.4656, 1.2229, -0.7927, -0.1634, -1.3732, -1.2088, 0.7320, -0.9367|40
22|-0.4666, 1.2171, -0.7883, -0.1723, -1.3786, -1.2054, 0.7335, -0.9342|140
23|-0.4642, 1.1931, -0.7902, -0.1816, -1.3747, -1.2039, 0.7341, -0.9347|180
24|-0.4503, 1.1821, -0.7955, -0.1836, -1.3676, -1.2145, 0.7275, -0.9378|240
25|-0.4450, 1.1943, -0.8020, -0.1950, -1.3629, -1.2132, 0.7165, -0.9357|200
26|-0.4494, 1.1921, -0.8066, -0.2056, -1.3651, -1.2150, 0.7150, -0.9374|120
27|-0.4689, 1.1886, -0.8076, -0.2103, -1.3657, -1.2121, 0.7121, -0.9411|120
28|-0.4698, 1.1889, -0.8106, -0.2189, -1.3618, -1.2091, 0.7032, -0.9382|80
29|-0.4758, 1.1784, -0.8058, -0.2312, -1.3707, -1.2104, 0.6966, -0.9365|300
30|-0.4734, 1.1715, -0.8139, -0.2296, -1.3565, -1.2102, 0.6823, -0.9398|40
31|-0.4838, 1.1699, -0.8022, -0.2410, -1.3513, -1.2270, 0.6610, -0.9462|540
