0|0.0643, -0.0089, 0.0378, -1.0402, 0.3159, 0.5113, 0.6674, -1.0680|120
1|0.0655, -0.0123, 0.0132, -1.0539, 0.3036, 0.5113, 0.6634, -1.0586|40
2|0.0649, -0.0137, -0.0235, -1.0699, 0.2988, 0.5151, 0.6633, -1.0581|120
3|0.0747, -0.0243, -0.0482, -1.0709, 0.2966, 0.5081, 0.6508, -1.0677|120
4|0.0765, -0.0271, -0.0617, -1.0705, 0.3051, 0.5031, 0.6500, -1.0603|120
5|0.0846, -0.0309, -0.0798, -1.0796, 0.3052, 0.4944, 0.6518, -1.0731|300
6|0.0923, -0.0284, -0.0934, -1.0698, 0.3073, 0.4816, 0.6660, -1.0813|360
7|0.0952, -0.0276, -0.1161, -1.0552, 0.3074, 0.4818, 0.6706, -1.0698|160
8|0.0977, -0.0535, -0.1200, -1.0499, 0.3130, 0.4784, 0.6681, -1.0628|280
9|0.0974, -0.0633, -0.1450, -1.0509, 0.3075, 0.4756, 0.6764, -1.0668|240
10|0.1043, -0.0726, -0.1594, -1.0561, 0.3007, 0.4765, 0.6784, -1.0583|240
11|0.1070, -0.0710, -0.1859, -1.0624, 0.2920, 0.4798, 0.6779, -1.0474|40
12|0.1110, -0.0861, -0.2019, -1.0643, 0.2988, 0.4860, 0.6565, -1.0379|160
13|0.1133, -0.0968, -0.2097, -1.0686, 0.2998, 0.4810, 0.6472, -1.0393|580
14|0.1202, -0.0981, -0.2214, -1.0649, 0.2958, 0.4923, 0.6422, -1.0208|400
15|0.1138, -0.1104, -0.2373, -1.0615, 0.2958, 0.4913, 0.6598, -1.0182|360
16|0.1186, -0.1169, -0.2549, -1.0760, 0.2926, 0.4751, 0.6605, -1.0143|240
17|0.1138, -0.1217, -0.2612, -1.0837, 0.2929, 0.4679, 0.6550, -1.0171|200
18|0.1186, -0.1252, -0.2797, -1.0899, 0.2925, 0.4706, 0.6661, -1.0196|240
19|0.1257, -0.1284, -0.2966, -1.0933, 0.2843, 0.4667, 0.6711, -1.0221|340
20|0.1332, -0.1448, -0.3201, -1.1003, 0.2772, 0.4658, 0.6855, -1.0210|280
21|0.1426, -0.1607, -0.3244, -1.1037, 0.2697, 0.4703, 0.6747, -1.0154|240
22|0.1465, -0.1539, -0.3344, -1.1116, 0.2649, 0.4562, 0.6743, -1.0143|220
23|0.1407, -0.1674, -0.3423, -1.1162, 0.2601, 0.4532, 0.6614, -1.0102|380
24|0.1560, -0.1685, -0.3397, -1.1258, 0.2485, 0.4468, 0.6543, -1.0051|120
25|0.1613, -0.1783, -0.3398, -1.1239, 0.2497, 0.4465, 0.6590, -0.9979|80
26|0.1678, -0.1882, -0.3609, -1.1310, 0.2552, 0.4499, 0.6418, -1.0014|340
27|0.1727, -0.1934, -0.3685, -1.1193, 0.2521, 0.4465, 0.6347, -1.0081|520
28|0.1717, -0.2052, -0.3737, -1.1164, 0.2576, 0.4436, 0.6411, -1.0007|420
29|0.1754, -0.2109, -0.3782, -1.1184, 0.2616, 0.4407, 0.6390, -1.0029|360
30|0.1771, -0.2169, -0.3829, -1.1329, 0.2630, 0.4432, 0.6453, -0.9984|240
31|0.1761, -0.2201, -0.4009, -1.1327, 0.2565, 0.4266, 0.6421, -0.9923|580
0|0.8575, -0.8622, 0.0335, 0.1187, -0.5310, -0.3864, 0.8096, 1.4982|0
1|0.8502, -0.8635, -0.0060, 0.0855, -0.5301, -0.3863, 0.7918, 1.5030|0
2|0.8452, -0.8693, -0.0393, 0.0666, -0.5273, -0.4147, 0.8087, 1.4948|80
3|0.8354, -0.8923, -0.0575, 0.0332, -0.5358, -0.4229, 0.8100, 1.4677|0
4|0.8448, -0.8979, -0.0823, 0.0037, -0.5384, -0.4242, 0.8200, 1.4632|40
5|0.8316, -0.8971, -0.1163, -0.0204, -0.5459, -0.4234, 0.8076, 1.4451|220
6|0.8365, -0.8960, -0.1371, -0.0631, -0.5414, -0.4493, 0.8161, 1.4438|40
7|0.8630, -0.8959, -0.1804, -0.1058, -0.5519, -0.4564, 0.8090, 1.4296|120
8|0.8710, -0.9092, -0.1947, -0.1646, -0.5538, -0.4712, 0.7886, 1.4062|300
9|0.8705, -0.9016, -0.2022, -0.2000, -0.5614, -0.4785, 0.7815, 1.3991|240
10|0.8716, -0.8996, -0.2285, -0.2378, -0.5533, -0.4712, 0.7769, 1.3939|1080
11|0.8941, -0.8941, -0.2365, -0.2699, -0.5602, -0.4718, 0.7799, 1.3688|80
12|0.9008, -0.9044, -0.2420, -0.3037, -0.5646, -0.4907, 0.7608, 1.3747|640
13|0.9057, -0.9064, -0.2607, -0.3412, -0.5628, -0.4924, 0.7410, 1.3536|160
14|0.9092, -0.9157, -0.2892, -0.3527, -0.5700, -0.5042, 0.7186, 1.3338|160
15|0.9086, -0.9290, -0.3058, -0.3920, -0.5641, -0.5133, 0.7126, 1.3279|1160
16|0.8925, -0.9528, -0.3123, -0.4193, -0.5597, -0.5185, 0.7005, 1.3213|1400
17|0.8970, -0.9709, -0.3065, -0.4489, -0.5693, -0.5198, 0.6889, 1.3150|720
18|0.9139, -0.9995, -0.3249, -0.4615, -0.5756, -0.5375, 0.6726, 1.2879|960
19|0.9238, -0.9889, -0.3395, -0.4902, -0.5755, -0.5392, 0.6773, 1.2681|620
20|0.9103, -0.9967, -0.3464, -0.5109, -0.5769, -0.5410, 0.6795, 1.2389|460
21|0.9139, -1.0149, -0.3618, -0.5005, -0.5576, -0.5348, 0.6662, 1.2308|1240
22|0.9206, -1.0302, -0.3686, -0.5106, -0.5562, -0.5236, 0.6585, 1.2373|1100
23|0.9175, -1.0533, -0.3826, -0.5415, -0.5459, -0.5199, 0.6427, 1.2285|440
24|0.9067, -1.0568, -0.4030, -0.5470, -0.5441, -0.5168, 0.6349, 1.2275|1220
25|0.9123, -1.0867, -0.4114, -0.5830, -0.5650, -0.5266, 0.6205, 1.2283|1020
26|0.9071, -1.0989, -0.4273, -0.6171, -0.5558, -0.5302, 0.6290, 1.2159|1900
27|0.9121, -1.1101, -0.4371, -0.6270, -0.5428, -0.5252, 0.6123, 1.2157|1660
28|0.9121, -1.1061, -0.4422, -0.6304, -0.5325, -0.5233, 0.6104, 1.2197|700
29|0.9228, -1.1008, -0.4507, -0.6414, -0.5357, -0.5122, 0.5937, 1.2162|3280
30|0.9061, -1.1013, -0.4554, -0.6515, -0.5218, -0.5148, 0.5821, 1.2229|1820
31|0.9310, -1.1123, -0.4703, -0.6942, -0.5243, -0.5229, 0.5679, 1.1985|520
