0|-0.6645, 0.7230, -1.1947, -0.9728, -0.0567, 1.3968, 0.6607, -0.1250|40
1|-0.6606, 0.7247, -1.1767, -0.9971, -0.0563, 1.3969, 0.6600, -0.1498|680
2|-0.6453, 0.7282, -1.1786, -1.0183, -0.0635, 1.3880, 0.6674, -0.1435|0
3|-0.6462, 0.7434, -1.1703, -1.0373, -0.0627, 1.3683, 0.6548, -0.1531|0
4|-0.6285, 0.7347, -1.1733, -1.0597, -0.0715, 1.3707, 0.6426, -0.1583|160
5|-0.6071, 0.7317, -1.1702, -1.0740, -0.0801, 1.3620, 0.6329, -0.1489|80
6|-0.5963, 0.7171, -1.1637, -1.0973, -0.0910, 1.3325, 0.6257, -0.1476|80
7|-0.5679, 0.7297, -1.1502, -1.1229, -0.1116, 1.3368, 0.6263, -0.1463|0
8|-0.5611, 0.7217, -1.1495, -1.1550, -0.1153, 1.3311, 0.6446, -0.1467|320
9|-0.5567, 0.7163, -1.1468, -1.1774, -0.1192, 1.3137, 0.6489, -0.1552|320
10|-0.5407, 0.7049, -1.1598, -1.2069, -0.1359, 1.2981, 0.6376, -0.1538|680
11|-0.5055, 0.6912, -1.1678, -1.2330, -0.1555, 1.2947, 0.6487, -0.1655|200
12|-0.5021, 0.6767, -1.1703, -1.2519, -0.1477, 1.2852, 0.6634, -0.1484|180
13|-0.4895, 0.6496, -1.1579, -1.2611, -0.1493, 1.2942, 0.6598, -0.1532|40
14|-0.4775, 0.6505, -1.1474, -1.2842, -0.1637, 1.2888, 0.6632, -0.1444|0
15|-0.4753, 0.6570, -1.1554, -1.3005, -0.1832, 1.2685, 0.6735, -0.1513|420
16|-0.4569, 0.6427, -1.1688, -1.3074, -0.2014, 1.2500, 0.6751, -0.1450|80
17|-0.4355, 0.6292, -1.1888, -1.3242, -0.2065, 1.2384, 0.6614, -0.1616|40
18|-0.4305, 0.6283, -1.2067, -1.3339, -0.2247, 1.2406, 0.6617, -0.1591|300
19|-0.4134, 0.6210, -1.2095, -1.3604, -0.2258, 1.2317, 0.6697, -0.1470|0
20|-0.4024, 0.5999, -1.1970, -1.3650, -0.2238, 1.2074, 0.6670, -0.1418|300
21|-0.4009, 0.5904, -1.2089, -1.3746, -0.2222, 1.2004, 0.6592, -0.1425|100
22|-0.3860, 0.5846, -1.2064, -1.3841, -0.2278, 1.1878, 0.6371, -0.1387|540
23|-0.3865, 0.5846, -1.1953, -1.3949, -0.2240, 1.1783, 0.6633, -0.1251|160
24|-0.3847, 0.5761, -1.1995, -1.4049, -0.2494, 1.1509, 0.6834, -0.1269|100
25|-0.3720, 0.5601, -1.2086, -1.4216, -0.2566, 1.1245, 0.6767, -0.1294|300
26|-0.3402, 0.5445, -1.2051, -1.4456, -0.2708, 1.1135, 0.6692, -0.1323|80
27|-0.3074, 0.5467, -1.2302, -1.4496, -0.2756, 1.0929, 0.6631, -0.1261|80
28|-0.3019, 0.5289, -1.2502, -1.4667, -0.2921, 1.0852, 0.6856, -0.1243|40
29|-0.2864, 0.5150, -1.2509, -1.4710, -0.2857, 1.0848, 0.6673, -0.1189|160
30|-0.2887, 0.5037, -1.2609, -1.4872, -0.2995, 1.0911, 0.6713, -0.1191|200
31|-0.2699, 0.5152, -1.2543, -1.4932, -0.2978, 1.0767, 0.6847, -0.1053|880
