0|-0.3560, 0.9180, -0.3231, -0.8976, -0.5767, 1.4429, -0.8890, 1.2952|40
1|-0.5205, 0.9168, -0.3886, -0.9772, -0.7073, 1.3797, -0.8417, 1.2927|80
2|-0.5121, 0.9406, -0.4943, -1.0066, -0.7362, 1.3580, -0.8200, 1.3084|120
3|-0.4565, 0.8730, -0.5356, -1.0302, -0.7272, 1.3884, -0.7851, 1.3624|120
4|-0.3456, 0.7976, -0.6134, -1.0591, -0.7552, 1.3759, -0.7838, 1.3458|380
5|-0.3005, 0.7988, -0.7073, -1.2288, -0.7168, 1.3867, -0.8037, 1.3683|80
6|-0.3338, 0.6930, -0.7707, -1.2854, -0.6445, 1.3449, -0.8699, 1.3870|120
7|-0.2980, 0.7500, -0.8029, -1.3723, -0.6556, 1.3098, -0.9396, 1.3233|120
8|-0.3322, 0.7352, -0.8597, -1.4538, -0.5497, 1.2850, -1.0004, 1.3378|120
9|-0.3009, 0.7531, -0.9528, -1.4760, -0.5958, 1.2226, -0.8837, 1.3086|180
10|-0.2562, 0.6896, -0.9093, -1.4691, -0.6274, 1.2380, -0.9202, 1.2430|120
11|-0.1809, 0.6842, -0.9685, -1.5218, -0.5841, 1.1827, -0.9297, 1.2346|80
12|-0.1235, 0.7313, -1.0469, -1.5251, -0.6212, 1.1075, -0.9452, 1.1787|40
13|-0.0876, 0.6572, -1.0273, -1.4588, -0.5501, 1.1147, -0.9740, 1.1862|120
14|-0.1618, 0.5831, -1.0297, -1.4252, -0.5141, 1.0650, -0.9919, 1.1747|220
15|-0.1242, 0.5895, -1.0459, -1.3514, -0.4632, 1.0550, -1.0228, 1.1672|40
16|-0.1658, 0.5875, -1.0867, -1.4406, -0.5127, 0.9947, -1.0572, 1.1460|120
17|-0.1250, 0.5382, -1.0275, -1.4793, -0.4792, 1.0692, -1.0552, 1.0467|600
18|-0.1477, 0.4848, -1.0983, -1.5028, -0.5366, 0.9572, -1.0280, 0.9779|120
19|-0.0907, 0.5070, -1.1289, -1.5006, -0.5878, 0.8731, -0.9998, 1.0776|200
20|-0.0599, 0.5489, -1.1523, -1.5276, -0.6126, 0.8407, -1.0209, 1.0887|80
21|-0.0138, 0.5716, -1.1272, -1.5965, -0.5886, 0.7794, -0.8983, 1.0739|260
22|0.0853, 0.5386, -1.1574, -1.5820, -0.5405, 0.7446, -0.9335, 1.0739|240
23|0.1895, 0.4147, -1.1449, -1.5781, -0.5684, 0.7217, -0.9552, 1.0592|200
24|0.1913, 0.3225, -1.1032, -1.5612, -0.6008, 0.7440, -0.9751, 1.0386|480
25|0.1685, 0.3188, -1.1639, -1.5096, -0.4900, 0.7600, -0.9726, 1.0746|0
26|0.1612, 0.3266, -1.1593, -1.4656, -0.5248, 0.7435, -0.9768, 1.1299|220
27|0.2452, 0.2048, -1.1278, -1.5287, -0.4842, 0.7048, -1.0072, 1.1419|300
28|0.2690, 0.1990, -1.1360, -1.6449, -0.5256, 0.6605, -1.0272, 1.1306|120
29|0.2802, 0.2358, -1.1131, -1.6239, -0.5512, 0.6130, -1.1352, 1.1580|560
30|0.3584, 0.1480, -1.1375, -1.6399, -0.5767, 0.6311, -1.2078, 1.1047|760
31|0.4220, 0.0961, -1.1821, -1.5813, -0.5164, 0.5979, -1.2385, 1.1188|240
