0|1.1383, 1.1310, -0.5667, -0.7502, 0.5256, -1.4176, -1.0856, -0.1814|40
1|1.1350, 1.1287, -0.5679, -0.7567, 0.5290, -1.4150, -1.0864, -0.1795|40
2|1.1320, 1.1214, -0.5683, -0.7475, 0.5297, -1.4121, -1.0826, -0.1846|40
3|1.1381, 1.1210, -0.5730, -0.7473, 0.5233, -1.4150, -1.0858, -0.1896|80
4|1.1408, 1.1198, -0.5839, -0.7421, 0.5209, -1.4088, -1.0881, -0.1792|200
5|1.1495, 1.1163, -0.5897, -0.7477, 0.5181, -1.4036, -1.0822, -0.1850|280
6|1.1573, 1.1173, -0.5988, -0.7426, 0.5164, -1.4041, -1.0765, -0.1797|420
7|1.1554, 1.1205, -0.5974, -0.7284, 0.5161, -1.4029, -1.0749, -0.1902|160
8|1.1620, 1.1143, -0.6040, -0.7307, 0.5132, -1.4050, -1.0803, -0.1876|80
9|1.1627, 1.1162, -0.6080, -0.7298, 0.5052, -1.4054, -1.0795, -0.1918|440
10|1.1669, 1.1187, -0.6048, -0.7297, 0.5031, -1.4103, -1.0838, -0.1925|120
11|1.1637, 1.1279, -0.6062, -0.7281, 0.5065, -1.4036, -1.0915, -0.1886|400
12|1.1670, 1.1259, -0.6141, -0.7240, 0.5101, -1.4050, -1.0914, -0.1932|200
13|1.1648, 1.1267, -0.6221, -0.7170, 0.5065, -1.3980, -1.0976, -0.1897|200
14|1.1631, 1.1223, -0.6309, -0.7111, 0.5102, -1.3998, -1.0958, -0.1946|560
15|1.1648, 1.1135, -0.6351, -0.7069, 0.5108, -1.4006, -1.0887, -0.2018|80
16|1.1709, 1.1125, -0.6405, -0.7081, 0.5059, -1.3959, -1.0871, -0.1995|40
17|1.1738, 1.1038, -0.6357, -0.7115, 0.5080, -1.4042, -1.0902, -0.2007|80
18|1.1722, 1.1085, -0.6372, -0.7064, 0.5198, -1.4072, -1.0797, -0.1941|160
19|1.1656, 1.1034, -0.6441, -0.7144, 0.5166, -1.4085, -1.0711, -0.1939|120
20|1.1621, 1.1051, -0.6548, -0.7176, 0.5157, -1.4028, -1.0712, -0.1912|160
21|1.1631, 1.1087, -0.6574, -0.7147, 0.5109, -1.4052, -1.0667, -0.1809|200
22|1.1677, 1.1108, -0.6622, -0.7173, 0.5045, -1.4057, -1.0621, -0.1858|120
23|1.1558, 1.1066, -0.6761, -0.7224, 0.5019, -1.4080, -1.0542, -0.1820|0
24|1.1632, 1.1109, -0.6842, -0.7307, 0.4976, -1.4138, -1.0571, -0.1784|80
25|1.1745, 1.1113, -0.6913, -0.7418, 0.4976, -1.4234, -1.0514, -0.1777|240
26|1.1784, 1.1108, -0.6924, -0.7478, 0.4937, -1.4204, -1.0561, -0.1715|360
27|1.1811, 1.1024, -0.7040, -0.7464, 0.4965, -1.4261, -1.0561, -0.1764|160
28|1.1901, 1.0959, -0.7140, -0.7489, 0.4914, -1.4408, -1.0540, -0.1671|240
29|1.1957, 1.0992, -0.7061, -0.7546, 0.4822, -1.4387, -1.0461, -0.1724|300
30|1.1985, 1.0999, -0.7102, -0.7580, 0.4829, -1.4393, -1.0461, -0.1675|780
31|1.2059, 1.0949, -0.7109, -0.7511, 0.4776, -1.4401, -1.0332, -0.1668|440
