0|1.2089, -0.2841, -0.2398, 0.0987, -0.2136, 1.3844, -1.0648, 0.9465|40
1|1.2137, -0.2892, -0.2373, 0.0983, -0.2234, 1.3769, -1.0535, 0.9467|0
2|1.2095, -0.2932, -0.2408, 0.0956, -0.2262, 1.3754, -1.0544, 0.9430|0
3|1.2175, -0.2937, -0.2398, 0.0938, -0.2301, 1.3762, -1.0446, 0.9416|0
4|1.2118, -0.2759, -0.2448, 0.0906, -0.2264, 1.3794, -1.0419, 0.9410|0
5|1.2120, -0.2708, -0.2467, 0.0872, -0.2316, 1.3778, -1.0372, 0.9421|0
6|1.2132, -0.2773, -0.2569, 0.0868, -0.2363, 1.3668, -1.0425, 0.9398|0
7|1.2161, -0.2764, -0.2589, 0.0890, -0.2438, 1.3649, -1.0469, 0.9367|0
8|1.2156, -0.2843, -0.2573, 0.0855, -0.2497, 1.3582, -1.0529, 0.9305|0
9|1.2270, -0.2742, -0.2661, 0.0788, -0.2452, 1.3589, -1.0572, 0.9309|0
10|1.2209, -0.2780, -0.2633, 0.0766, -0.2516, 1.3546, -1.0567, 0.9409|0
11|1.2229, -0.2897, -0.2678, 0.0707, -0.2603, 1.3433, -1.0442, 0.9328|0
12|1.2251, -0.2845, -0.2733, 0.0657, -0.2702, 1.3396, -1.0395, 0.9359|0
13|1.2311, -0.2741, -0.2773, 0.0615, -0.2714, 1.3373, -1.0396, 0.9342|0
14|1.2329, -0.2728, -0.2791, 0.0531, -0.2717, 1.3412, -1.0414, 0.9334|0
15|1.2279, -0.2740, -0.2863, 0.0520, -0.2726, 1.3453, -1.0415, 0.9475|0
16|1.2246, -0.2704, -0.2911, 0.0537, -0.2676, 1.3443, -1.0418, 0.9582|40
17|1.2246, -0.2737, -0.2947, 0.0553, -0.2750, 1.3472, -1.0359, 0.9621|0
18|1.2237, -0.2788, -0.3089, 0.0582, -0.2771, 1.3515, -1.0269, 0.9577|0
19|1.2341, -0.2818, -0.3047, 0.0552, -0.2881, 1.3444, -1.0331, 0.9607|0
20|1.2373, -0.2833, -0.3133, 0.0492, -0.2917, 1.3441, -1.0302, 0.9609|0
21|1.2377, -0.2865, -0.3193, 0.0488, -0.2922, 1.3353, -1.0288, 0.9574|0
22|1.2323, -0.2937, -0.3200, 0.0492, -0.2971, 1.3345, -1.0329, 0.9515|0
23|1.2199, -0.2795, -0.3264, 0.0460, -0.3025, 1.3373, -1.0317, 0.9588|0
24|1.2151, -0.2773, -0.3280, 0.0381, -0.3060, 1.3477, -1.0347, 0.9587|0
25|1.2074, -0.2804, -0.3341, 0.0435, -0.3125, 1.3517, -1.0338, 0.9617|0
26|1.2033, -0.2792, -0.3329, 0.0394, -0.3064, 1.3493, -1.0431, 0.9632|0
27|1.2022, -0.2837, -0.3309, 0.0449, -0.3094, 1.3491, -1.0446, 0.9649|0
28|1.1964, -0.2799, -0.3295, 0.0608, -0.3241, 1.3448, -1.0464, 0.9666|0
29|1.2025, -0.2843, -0.3362, 0.0598, -0.3263, 1.3394, -1.0553, 0.9642|100
30|1.2122, -0.2861, -0.3412, 0.0465, -0.3263, 1.3385, -1.0501, 0.9635|0
31|1.2183, -0.2815, -0.3414, 0.0487, -0.3369, 1.3329, -1.0525, 0.9615|0
