0|-1.3226, -0.6496, -0.6986, -0.8546, 0.9968, 1.3529, 1.0485, -0.5753|0
1|-1.3265, -0.6372, -0.6946, -0.8480, 0.9768, 1.3660, 1.0364, -0.5599|0
2|-1.3377, -0.6528, -0.7103, -0.8442, 0.9751, 1.3570, 1.0216, -0.5775|0
3|-1.3308, -0.6552, -0.7135, -0.8569, 0.9387, 1.3553, 1.0400, -0.5741|0
4|-1.3190, -0.6414, -0.7197, -0.8798, 0.9211, 1.3442, 1.0483, -0.5700|0
5|-1.3202, -0.6434, -0.7239, -0.8817, 0.9082, 1.3345, 1.0288, -0.5670|0
6|-1.3159, -0.6605, -0.7216, -0.8950, 0.8957, 1.3446, 1.0413, -0.5568|0
7|-1.2996, -0.6642, -0.7047, -0.9025, 0.8995, 1.3383, 1.0407, -0.5667|0
8|-1.2991, -0.6725, -0.7132, -0.9406, 0.9017, 1.3297, 1.0448, -0.5740|0
9|-1.2983, -0.6653, -0.7041, -0.9574, 0.9019, 1.3389, 1.0573, -0.5869|0
10|-1.2917, -0.6529, -0.7217, -0.9590, 0.9046, 1.3356, 1.0583, -0.6042|0
11|-1.3001, -0.6565, -0.7112, -0.9695, 0.8933, 1.3301, 1.0578, -0.5926|0
12|-1.3001, -0.6469, -0.7084, -0.9818, 0.8718, 1.3196, 1.0431, -0.6014|0
13|-1.3091, -0.6563, -0.7221, -0.9975, 0.8552, 1.3149, 1.0612, -0.6322|0
14|-1.3109, -0.6443, -0.7532, -1.0107, 0.8329, 1.2989, 1.0700, -0.6255|0
15|-1.3097, -0.6466, -0.7406, -1.0218, 0.8130, 1.2872, 1.0853, -0.6078|0
16|-1.3162, -0.6686, -0.7572, -1.0196, 0.7978, 1.2674, 1.0766, -0.6366|0
17|-1.3160, -0.6694, -0.7675, -1.0370, 0.7860, 1.2340, 1.0720, -0.6491|0
18|-1.3037, -0.6729, -0.7556, -1.0455, 0.7790, 1.2420, 1.0681, -0.6656|0
19|-1.2992, -0.6741, -0.7862, -1.0690, 0.7719, 1.2266, 1.0561, -0.6707|0
20|-1.3032, -0.6929, -0.7822, -1.0845, 0.7678, 1.2099, 1.0464, -0.6676|120
21|-1.2927, -0.6979, -0.7868, -1.1063, 0.7568, 1.2072, 1.0377, -0.6746|120
22|-1.3078, -0.6992, -0.8031, -1.1256, 0.7489, 1.2003, 1.0374, -0.6846|100
23|-1.3116, -0.6919, -0.8197, -1.1256, 0.7354, 1.1968, 1.0240, -0.6844|80
24|-1.3082, -0.6793, -0.8344, -1.1524, 0.7125, 1.2002, 1.0348, -0.6827|40
25|-1.3099, -0.6896, -0.8401, -1.1731, 0.6984, 1.1945, 1.0333, -0.6792|120
26|-1.2911, -0.6787, -0.8485, -1.1936, 0.6927, 1.1997, 1.0432, -0.6853|80
27|-1.2933, -0.6804, -0.8490, -1.2161, 0.6857, 1.2016, 1.0287, -0.6871|0
28|-1.2846, -0.6695, -0.8603, -1.2206, 0.6775, 1.2263, 1.0179, -0.6831|0
29|-1.2786, -0.6754, -0.8608, -1.2185, 0.6806, 1.2366, 1.0233, -0.6876|0
30|-1.2731, -0.6732, -0.8488, -1.2406, 0.6774, 1.2449, 1.0191, -0.6865|40
31|-1.2748, -0.6815, -0.8676, -1.2603, 0.6698, 1.2257, 1.0407, -0.6935|40
32|-1.2604, -0.6757, -0.8729, -1.2860, 0.6382, 1.2142, 1.0490, -0.6950|0
33|-1.2583, -0.6812, -0.8593, -1.3142, 0.6310, 1.2092, 1.0654, -0.7043|0
34|-1.2527, -0.6898, -0.8728, -1.3021, 0.6229, 1.1902, 1.0661, -0.6845|40
35|-1.2334, -0.6832, -0.8669, -1.3010, 0.6137, 1.1757, 1.0648, -0.6717|0
36|-1.2089, -0.6803, -0.8658, -1.3129, 0.6045, 1.1777, 1.0656, -0.6655|80
37|-1.1987, -0.6760, -0.8529, -1.3230, 0.5952, 1.1757, 1.0711, -0.6772|0
38|-1.1844, -0.6664, -0.8662, -1.3429, 0.5717, 1.1649, 1.0551, -0.6820|0
39|-1.1716, -0.6604, -0.8610, -1.3606, 0.5646, 1.1548, 1.0697, -0.6765|220
40|-1.1755, -0.6545, -0.8692, -1.3795, 0.5531, 1.1414, 1.0588, -0.6760|40
41|-1.1605, -0.6590, -0.8798, -1.3848, 0.5308, 1.1322, 1.0469, -0.6527|220
42|-1.1694, -0.6591, -0.8952, -1.3986, 0.5449, 1.1159, 1.0590, -0.6586|0
43|-1.1590, -0.6598, -0.9108, -1.4172, 0.5344, 1.1368, 1.0646, -0.6694|0
44|-1.1502, -0.6577, -0.9316, -1.4160, 0.5163, 1.1352, 1.0576, -0.6850|180
45|-1.1397, -0.6547, -0.9328, -1.4115, 0.5232, 1.1312, 1.0460, -0.6865|120
46|-1.1450, -0.6603, -0.9244, -1.4189, 0.5241, 1.1171, 1.0411, -0.6842|0
47|-1.1312, -0.6669, -0.9166, -1.4300, 0.5077, 1.1212, 1.0275, -0.6807|300
48|-1.1155, -0.6683, -0.9274, -1.4428, 0.4977, 1.1102, 1.0212, -0.6665|0
49|-1.0924, -0.6602, -0.9379, -1.4602, 0.4943, 1.0922, 1.0311, -0.6518|1800
50|-1.0862, -0.6687, -0.9456, -1.4835, 0.4879, 1.0893, 1.0381, -0.6418|300
51|-1.0806, -0.6563, -0.9606, -1.4871, 0.4896, 1.0821, 1.0359, -0.6399|300
52|-1.0729, -0.6474, -0.9688, -1.4982, 0.4828, 1.0728, 1.0304, -0.6425|440
53|-1.0723, -0.6487, -0.9877, -1.5140, 0.4855, 1.0682, 1.0522, -0.6397|540
54|-1.0672, -0.6544, -0.9917, -1.5276, 0.4811, 1.0589, 1.0330, -0.6529|0
55|-1.0602, -0.6772, -0.9813, -1.5160, 0.4866, 1.0562, 1.0246, -0.6595|100
56|-1.0610, -0.6765, -0.9753, -1.5318, 0.4813, 1.0500, 1.0213, -0.6550|260
57|-1.0612, -0.6811, -0.9809, -1.5278, 0.4903, 1.0553, 1.0230, -0.6591|0
58|-1.0366, -0.6891, -1.0098, -1.5447, 0.4933, 1.0600, 1.0389, -0.6609|80
59|-1.0252, -0.6966, -1.0179, -1.5599, 0.4826, 1.0447, 1.0271, -0.6702|40
60|-1.0238, -0.6908, -1.0212, -1.5540, 0.4711, 1.0113, 1.0328, -0.6885|0
61|-1.0168, -0.6990, -1.0214, -1.5756, 0.4579, 1.0077, 1.0297, -0.6906|40
62|-1.0100, -0.7058, -1.0389, -1.5819, 0.4554, 0.9942, 1.0287, -0.6797|200
63|-1.0121, -0.7109, -1.0349, -1.6080, 0.4663, 0.9703, 1.0320, -0.7018|520
