0|-0.6386, 0.4210, -0.4984, 0.1338, -1.3380, -0.4341, 0.3927, 0.9458|80
1|-0.6220, 0.4118, -0.5054, 0.1123, -1.3485, -0.4210, 0.3738, 0.9381|0
2|-0.6256, 0.3879, -0.5159, 0.1044, -1.3571, -0.4356, 0.3834, 0.9623|80
3|-0.6200, 0.3753, -0.5192, 0.0983, -1.3539, -0.4381, 0.3860, 0.9601|40
4|-0.6163, 0.3617, -0.5232, 0.0845, -1.3428, -0.4210, 0.3818, 0.9700|200
5|-0.6020, 0.3436, -0.5505, 0.0893, -1.3557, -0.4397, 0.3845, 0.9677|40
6|-0.5939, 0.3416, -0.5654, 0.0734, -1.3504, -0.4500, 0.3895, 0.9572|140
7|-0.5909, 0.3336, -0.5794, 0.0566, -1.3523, -0.4582, 0.3747, 0.9499|80
8|-0.5822, 0.3163, -0.5939, 0.0358, -1.3435, -0.4846, 0.3838, 0.9406|220
9|-0.5766, 0.3103, -0.5968, 0.0416, -1.3406, -0.4961, 0.3810, 0.9246|40
10|-0.5596, 0.3100, -0.5924, 0.0247, -1.3349, -0.5111, 0.3793, 0.9043|0
11|-0.5653, 0.3027, -0.6012, 0.0077, -1.3271, -0.5329, 0.3868, 0.9006|80
12|-0.5799, 0.2910, -0.5952, -0.0083, -1.3390, -0.5318, 0.3787, 0.8938|80
13|-0.5706, 0.2933, -0.6120, -0.0308, -1.3359, -0.5377, 0.3828, 0.8675|40
14|-0.5412, 0.2825, -0.6135, -0.0488, -1.3363, -0.5476, 0.3827, 0.8536|120
15|-0.5374, 0.2774, -0.6218, -0.0672, -1.3281, -0.5485, 0.3737, 0.8695|40
16|-0.5540, 0.2718, -0.6225, -0.0973, -1.3285, -0.5614, 0.3814, 0.8645|40
17|-0.5458, 0.2534, -0.6325, -0.1119, -1.3412, -0.5731, 0.3584, 0.8528|480
18|-0.5348, 0.2388, -0.6388, -0.1093, -1.3390, -0.5903, 0.3641, 0.8530|120
19|-0.5357, 0.2316, -0.6411, -0.1250, -1.3421, -0.6024, 0.3676, 0.8542|40
20|-0.5332, 0.2203, -0.6463, -0.1359, -1.3538, -0.6116, 0.3624, 0.8440|240
21|-0.5231, 0.2123, -0.6635, -0.1609, -1.3566, -0.6188, 0.3529, 0.8219|80
22|-0.5159, 0.1965, -0.6582, -0.1999, -1.3525, -0.6219, 0.3355, 0.8248|400
23|-0.4989, 0.1777, -0.6630, -0.2067, -1.3495, -0.6239, 0.3280, 0.8279|280
24|-0.4882, 0.1727, -0.6594, -0.2309, -1.3465, -0.6373, 0.3083, 0.8395|160
25|-0.4472, 0.1727, -0.6605, -0.2586, -1.3404, -0.6447, 0.3031, 0.8317|740
26|-0.4304, 0.1739, -0.6801, -0.2668, -1.3500, -0.6414, 0.2962, 0.8123|160
27|-0.4243, 0.1607, -0.6850, -0.2912, -1.3553, -0.6577, 0.2839, 0.8005|80
28|-0.4171, 0.1575, -0.6974, -0.3141, -1.3517, -0.6559, 0.2737, 0.7973|180
29|-0.3963, 0.1418, -0.6999, -0.3260, -1.3524, -0.6602, 0.2712, 0.8115|240
30|-0.3903, 0.1234, -0.6923, -0.3516, -1.3623, -0.6628, 0.2566, 0.7953|380
31|-0.3716, 0.1120, -0.6896, -0.3722, -1.3537, -0.6735, 0.2602, 0.7753|120
