0|0.4457, 0.0616, -1.3266, 0.9672, -0.7225, -0.6237, 0.9473, 0.9862|0
1|0.4542, 0.0765, -1.3241, 0.9696, -0.7509, -0.6694, 0.9630, 1.0336|0
2|0.4666, 0.0809, -1.3455, 0.9516, -0.7507, -0.6712, 0.9724, 1.0174|0
3|0.5006, 0.0550, -1.3423, 0.9468, -0.7604, -0.6820, 0.9789, 1.0364|0
4|0.4861, 0.0426, -1.3307, 0.9576, -0.7738, -0.6814, 0.9750, 1.0327|40
5|0.4905, 0.0582, -1.3410, 0.9111, -0.7928, -0.7037, 0.9879, 1.0302|40
6|0.5237, 0.0687, -1.3477, 0.8971, -0.7988, -0.7577, 0.9769, 1.0281|0
7|0.5141, 0.0723, -1.3763, 0.8933, -0.8098, -0.7845, 0.9516, 1.0165|0
8|0.5323, 0.0512, -1.3716, 0.8814, -0.7946, -0.7873, 0.9639, 0.9947|0
9|0.5305, 0.0457, -1.3571, 0.8627, -0.7659, -0.7782, 0.9434, 1.0087|0
10|0.5184, 0.0482, -1.3447, 0.8815, -0.7816, -0.7745, 0.9262, 0.9799|40
11|0.5101, 0.0450, -1.3262, 0.8844, -0.7857, -0.7662, 0.9075, 0.9898|0
12|0.4975, 0.0333, -1.3276, 0.8753, -0.8126, -0.7629, 0.9266, 0.9945|0
13|0.5069, 0.0262, -1.3159, 0.8715, -0.8413, -0.7499, 0.9247, 0.9851|0
14|0.5061, 0.0274, -1.3082, 0.8505, -0.8532, -0.7465, 0.9508, 0.9592|0
15|0.5183, 0.0124, -1.3096, 0.8277, -0.8500, -0.7417, 0.9523, 0.9565|0
16|0.5151, 0.0077, -1.3137, 0.8079, -0.8477, -0.7217, 0.9436, 0.9559|0
17|0.5594, 0.0119, -1.3065, 0.7824, -0.8860, -0.7261, 0.9348, 0.9474|0
18|0.5833, 0.0232, -1.3216, 0.7648, -0.9035, -0.7197, 0.9152, 0.9627|0
19|0.5767, 0.0362, -1.3190, 0.7235, -0.9103, -0.7376, 0.9165, 0.9510|40
20|0.5771, 0.0263, -1.3126, 0.7183, -0.9216, -0.7172, 0.9330, 0.9412|40
21|0.6103, 0.0266, -1.3286, 0.6897, -0.9403, -0.7092, 0.9446, 0.9254|0
22|0.6188, 0.0480, -1.3128, 0.6430, -0.9777, -0.7373, 0.9378, 0.9146|40
23|0.6188, 0.0420, -1.3269, 0.6133, -0.9791, -0.7131, 0.9351, 0.8907|40
24|0.6166, 0.0437, -1.3523, 0.6005, -0.9990, -0.7135, 0.9537, 0.8797|0
25|0.6493, 0.0258, -1.3549, 0.5643, -1.0011, -0.7158, 0.9236, 0.8763|0
26|0.6460, 0.0123, -1.3501, 0.5232, -1.0153, -0.7249, 0.9416, 0.8696|0
27|0.6446, 0.0442, -1.3805, 0.5087, -1.0304, -0.7305, 0.9340, 0.8679|0
28|0.6800, 0.0396, -1.4030, 0.4974, -1.0486, -0.7346, 0.9490, 0.8624|160
29|0.6876, 0.0460, -1.4009, 0.4756, -1.0644, -0.7152, 0.9410, 0.8590|260
30|0.7061, 0.0673, -1.3735, 0.4455, -1.0753, -0.7231, 0.9379, 0.8701|40
31|0.7058, 0.0782, -1.3671, 0.4368, -1.0728, -0.7445, 0.9344, 0.8953|40
