0|1.1767, -1.1741, -0.4938, -1.1547, 0.7587, -0.8318, -0.8028, -0.5402|400
1|1.1729, -1.1672, -0.5070, -1.1463, 0.7424, -0.8185, -0.7955, -0.5442|620
2|1.1790, -1.1740, -0.5282, -1.1437, 0.7435, -0.8147, -0.8108, -0.5341|880
3|1.1746, -1.1852, -0.5287, -1.1580, 0.7258, -0.8235, -0.8078, -0.5252|680
4|1.1988, -1.1997, -0.5444, -1.1491, 0.7082, -0.8197, -0.8202, -0.5217|200
5|1.2109, -1.1847, -0.5611, -1.1264, 0.7066, -0.8061, -0.8075, -0.5126|860
6|1.2268, -1.1811, -0.5802, -1.1258, 0.7263, -0.7920, -0.7966, -0.5065|660
7|1.2276, -1.1687, -0.5769, -1.1113, 0.7284, -0.8076, -0.8029, -0.4913|320
8|1.2142, -1.1818, -0.5875, -1.1184, 0.7268, -0.7918, -0.8148, -0.4811|920
9|1.2040, -1.2046, -0.6180, -1.1020, 0.7089, -0.8040, -0.8118, -0.4900|480
10|1.1918, -1.2008, -0.6270, -1.0999, 0.6971, -0.8112, -0.8103, -0.4786|280
11|1.1984, -1.2074, -0.6395, -1.0955, 0.6894, -0.8084, -0.8061, -0.4852|1460
12|1.2063, -1.2023, -0.6471, -1.0961, 0.7058, -0.7895, -0.8109, -0.4776|880
13|1.2136, -1.2117, -0.6538, -1.0898, 0.6988, -0.7763, -0.7991, -0.4543|300
14|1.2099, -1.2236, -0.6742, -1.0740, 0.6888, -0.7760, -0.7991, -0.4571|1520
15|1.1956, -1.2373, -0.6917, -1.0644, 0.6773, -0.7756, -0.7756, -0.4725|1480
16|1.1924, -1.2546, -0.6907, -1.0716, 0.6762, -0.7648, -0.7762, -0.4558|240
17|1.2066, -1.2491, -0.7016, -1.0692, 0.6770, -0.7614, -0.7810, -0.4486|1320
18|1.2121, -1.2671, -0.7002, -1.0658, 0.6810, -0.7602, -0.7902, -0.4546|2260
19|1.2255, -1.2718, -0.7164, -1.0585, 0.6949, -0.7486, -0.7832, -0.4517|400
20|1.2373, -1.2797, -0.7184, -1.0691, 0.6960, -0.7376, -0.7933, -0.4318|260
21|1.2414, -1.3009, -0.7242, -1.0588, 0.6795, -0.7172, -0.7964, -0.4425|400
22|1.2371, -1.2957, -0.7325, -1.0515, 0.6790, -0.7157, -0.7905, -0.4494|740
23|1.2435, -1.3035, -0.7170, -1.0448, 0.6633, -0.6987, -0.7950, -0.4454|600
24|1.2352, -1.3130, -0.7142, -1.0352, 0.6700, -0.6944, -0.8091, -0.4386|1140
25|1.2254, -1.3148, -0.7121, -1.0083, 0.6672, -0.6852, -0.8050, -0.4344|420
26|1.2241, -1.3208, -0.7369, -0.9977, 0.6598, -0.6790, -0.8063, -0.4266|240
27|1.2190, -1.3267, -0.7420, -0.9935, 0.6492, -0.6867, -0.8017, -0.4243|280
28|1.2222, -1.3269, -0.7515, -0.9830, 0.6555, -0.6692, -0.7902, -0.4280|200
29|1.2264, -1.3427, -0.7458, -0.9870, 0.6443, -0.6740, -0.7945, -0.4264|280
30|1.2258, -1.3582, -0.7569, -0.9866, 0.6310, -0.6757, -0.7839, -0.4210|1120
31|1.2264, -1.3726, -0.7608, -0.9788, 0.6312, -0.6697, -0.7935, -0.4106|1420
32|1.2236, -1.3658, -0.7571, -0.9902, 0.6238, -0.6513, -0.7844, -0.3997|940
33|1.2213, -1.3729, -0.7479, -0.9850, 0.6218, -0.6436, -0.7879, -0.4077|1040
34|1.2175, -1.3665, -0.7426, -0.9766, 0.6166, -0.6403, -0.7921, -0.4001|1920
35|1.2315, -1.3778, -0.7355, -0.9603, 0.5975, -0.6318, -0.7630, -0.4013|2820
36|1.2463, -1.3936, -0.7290, -0.9497, 0.5791, -0.6359, -0.7627, -0.4007|2020
37|1.2440, -1.3844, -0.7236, -0.9554, 0.5829, -0.6200, -0.7605, -0.4116|4020
38|1.2293, -1.3942, -0.7248, -0.9435, 0.5823, -0.6180, -0.7643, -0.4014|1120
39|1.2239, -1.3957, -0.7277, -0.9248, 0.5946, -0.6159, -0.7675, -0.3931|1280
40|1.2125, -1.4129, -0.7340, -0.9080, 0.5927, -0.6083, -0.7542, -0.3972|980
41|1.2178, -1.4273, -0.7332, -0.8967, 0.5871, -0.5911, -0.7506, -0.3886|880
42|1.2303, -1.4341, -0.7270, -0.8936, 0.5744, -0.5880, -0.7500, -0.3833|680
43|1.2410, -1.4531, -0.7205, -0.9066, 0.5522, -0.5915, -0.7550, -0.3955|780
44|1.2365, -1.4581, -0.7139, -0.8970, 0.5505, -0.5976, -0.7511, -0.3808|1560
45|1.2506, -1.4860, -0.7150, -0.8903, 0.5533, -0.5934, -0.7410, -0.3933|1200
46|1.2480, -1.4948, -0.7311, -0.8694, 0.5405, -0.5863, -0.7381, -0.3787|1140
47|1.2458, -1.5030, -0.7298, -0.8700, 0.5290, -0.5906, -0.7407, -0.4019|2500
48|1.2503, -1.5045, -0.7268, -0.8676, 0.5221, -0.5731, -0.7495, -0.3858|1140
49|1.2556, -1.5157, -0.7431, -0.8642, 0.4955, -0.5922, -0.7366, -0.3855|1460
50|1.2738, -1.5047, -0.7640, -0.8640, 0.4890, -0.5859, -0.7277, -0.3775|1960
51|1.2789, -1.5187, -0.7820, -0.8577, 0.4710, -0.5780, -0.7061, -0.3561|1720
52|1.2800, -1.5186, -0.7762, -0.8507, 0.4546, -0.5676, -0.7166, -0.3479|660
53|1.2894, -1.5318, -0.7795, -0.8517, 0.4478, -0.5608, -0.7196, -0.3502|240
54|1.2741, -1.5432, -0.7863, -0.8614, 0.4455, -0.5652, -0.7280, -0.3621|500
55|1.2531, -1.5608, -0.7712, -0.8511, 0.4460, -0.5568, -0.7301, -0.3557|1320
56|1.2511, -1.5671, -0.7689, -0.8468, 0.4360, -0.5457, -0.7303, -0.3601|1240
57|1.2561, -1.5703, -0.7759, -0.8474, 0.4292, -0.5163, -0.6914, -0.3683|2040
58|1.2532, -1.5663, -0.7771, -0.8490, 0.4429, -0.5053, -0.7028, -0.3700|1240
59|1.2629, -1.5724, -0.7654, -0.8442, 0.4215, -0.5009, -0.7044, -0.3673|1340
60|1.2667, -1.5771, -0.7571, -0.8319, 0.3989, -0.4973, -0.7040, -0.3649|1400
61|1.2676, -1.5885, -0.7546, -0.8117, 0.3813, -0.4848, -0.7084, -0.3638|5420
62|1.2963, -1.5933, -0.7446, -0.8113, 0.3711, -0.4765, -0.7052, -0.3562|200
63|1.2821, -1.6056, -0.7306, -0.8064, 0.3697, -0.4528, -0.6921, -0.3575|3740
64|1.2782, -1.6162, -0.7435, -0.7879, 0.3566, -0.4383, -0.7041, -0.3533|1920
65|1.3002, -1.6294, -0.7515, -0.7887, 0.3491, -0.4298, -0.6946, -0.3410|500
66|1.3011, -1.6493, -0.7394, -0.7935, 0.3443, -0.4122, -0.6760, -0.3304|3700
67|1.3090, -1.6478, -0.7480, -0.7808, 0.3467, -0.4177, -0.6793, -0.3193|3580
68|1.3112, -1.6571, -0.7566, -0.7836, 0.3414, -0.4276, -0.6567, -0.3128|4480
69|1.3122, -1.6523, -0.7559, -0.7791, 0.3150, -0.4420, -0.6457, -0.2929|1340
70|1.3307, -1.6361, -0.7528, -0.7765, 0.3061, -0.4432, -0.6337, -0.2855|340
71|1.3385, -1.6607, -0.7512, -0.7717, 0.2953, -0.4377, -0.6333, -0.2914|300
72|1.3587, -1.6594, -0.7596, -0.7609, 0.2789, -0.4395, -0.6295, -0.2906|1640
73|1.3641, -1.6734, -0.7402, -0.7630, 0.2701, -0.4273, -0.6503, -0.2917|2260
74|1.3822, -1.6866, -0.7461, -0.7418, 0.2558, -0.4306, -0.6409, -0.2759|2800
75|1.3788, -1.6776, -0.7565, -0.7317, 0.2461, -0.4202, -0.6487, -0.2475|2200
76|1.3810, -1.7002, -0.7414, -0.7277, 0.2422, -0.4268, -0.6364, -0.2488|1680
77|1.3853, -1.6902, -0.7438, -0.7119, 0.2347, -0.4256, -0.6400, -0.2502|1240
78|1.3712, -1.7097, -0.7433, -0.6990, 0.2210, -0.4236, -0.6264, -0.2470|3080
79|1.3761, -1.7169, -0.7423, -0.6892, 0.1960, -0.4048, -0.6225, -0.2566|2560
80|1.3764, -1.7360, -0.7216, -0.6912, 0.1855, -0.4131, -0.6107, -0.2652|700
81|1.3739, -1.7601, -0.7195, -0.6953, 0.1738, -0.4106, -0.5883, -0.2566|4620
82|1.3922, -1.7663, -0.7504, -0.6976, 0.1620, -0.3958, -0.5884, -0.2552|480
83|1.3919, -1.7611, -0.7388, -0.6805, 0.1607, -0.4034, -0.5838, -0.2554|2280
84|1.3898, -1.7548, -0.7231, -0.6879, 0.1580, -0.3844, -0.5541, -0.2647|2200
85|1.3881, -1.7596, -0.7120, -0.6823, 0.1431, -0.3902, -0.5350, -0.2578|620
86|1.3933, -1.7687, -0.7067, -0.6722, 0.1381, -0.3747, -0.5353, -0.2609|1280
87|1.3973, -1.7584, -0.7118, -0.6456, 0.1311, -0.3613, -0.5457, -0.2669|1460
88|1.4034, -1.7670, -0.7041, -0.6474, 0.1152, -0.3541, -0.5254, -0.2566|4300
89|1.3964, -1.7742, -0.7066, -0.6425, 0.1174, -0.3419, -0.5370, -0.2488|6560
90|1.4072, -1.7960, -0.7062, -0.6267, 0.1078, -0.3321, -0.5354, -0.2365|1700
91|1.3973, -1.7935, -0.6994, -0.6150, 0.1146, -0.3271, -0.5289, -0.2292|2280
92|1.4104, -1.7980, -0.6726, -0.5955, 0.0859, -0.3209, -0.5335, -0.2373|1000
93|1.4195, -1.8079, -0.6617, -0.5880, 0.0872, -0.3146, -0.5263, -0.2282|13480
94|1.4110, -1.8098, -0.6439, -0.5846, 0.0718, -0.3083, -0.5046, -0.2084|6400
95|1.4169, -1.8251, -0.6232, -0.5777, 0.0684, -0.2904, -0.5005, -0.2152|1000
96|1.4357, -1.8360, -0.6188, -0.5650, 0.0558, -0.2923, -0.5088, -0.1919|380
97|1.4624, -1.8399, -0.6018, -0.5443, 0.0538, -0.3011, -0.5096, -0.1916|6260
98|1.4752, -1.8419, -0.6024, -0.5248, 0.0486, -0.2991, -0.4949, -0.1724|18480
99|1.4727, -1.8533, -0.6083, -0.5082, 0.0459, -0.2738, -0.4739, -0.1639|4440
