0|-0.1816, -1.2762, 1.0456, -1.3985, -0.5200, 0.2636, -1.2856, 0.2025|0
1|-0.1754, -1.2876, 1.0159, -1.3981, -0.5445, 0.2414, -1.2548, 0.2008|0
2|-0.1460, -1.2923, 1.0113, -1.4008, -0.5592, 0.2447, -1.2454, 0.2326|0
3|-0.1544, -1.2799, 0.9913, -1.4007, -0.5598, 0.2361, -1.2416, 0.2245|0
4|-0.1622, -1.2797, 0.9757, -1.4079, -0.5284, 0.2256, -1.2379, 0.1941|0
5|-0.1659, -1.2740, 0.9639, -1.3976, -0.5390, 0.2067, -1.2666, 0.2026|0
6|-0.1591, -1.2614, 0.9311, -1.4148, -0.5349, 0.1928, -1.2754, 0.1806|40
7|-0.1505, -1.2722, 0.9138, -1.4390, -0.5359, 0.2126, -1.2587, 0.1725|0
8|-0.1288, -1.2929, 0.9044, -1.4414, -0.5627, 0.1876, -1.2554, 0.1345|0
9|-0.1127, -1.3007, 0.8782, -1.4525, -0.5485, 0.1791, -1.2295, 0.1417|0
10|-0.0993, -1.2879, 0.8602, -1.4464, -0.5297, 0.1734, -1.2473, 0.1621|0
11|-0.1010, -1.3011, 0.8530, -1.4356, -0.5177, 0.1668, -1.2517, 0.1506|40
12|-0.1031, -1.3093, 0.8016, -1.4627, -0.5368, 0.1257, -1.2434, 0.1349|0
13|-0.0928, -1.3186, 0.7666, -1.4894, -0.5277, 0.1033, -1.2573, 0.1418|0
14|-0.0860, -1.3404, 0.7294, -1.4921, -0.5160, 0.0884, -1.2502, 0.1383|80
15|-0.0884, -1.3522, 0.7041, -1.4962, -0.5009, 0.0679, -1.2465, 0.1210|0
16|-0.0847, -1.3868, 0.6320, -1.5130, -0.4928, 0.0574, -1.2721, 0.1296|0
17|-0.0999, -1.4113, 0.5876, -1.5022, -0.5116, 0.0470, -1.2808, 0.1345|40
18|-0.0826, -1.4311, 0.5374, -1.5044, -0.4966, 0.0403, -1.2796, 0.1266|120
19|-0.0504, -1.4485, 0.4832, -1.5177, -0.5018, 0.0301, -1.2784, 0.1273|0
20|-0.0426, -1.4998, 0.4128, -1.5203, -0.5180, 0.0350, -1.2823, 0.1291|320
21|-0.0588, -1.4939, 0.3400, -1.5280, -0.5111, 0.0348, -1.2752, 0.1251|80
22|-0.0532, -1.5235, 0.2898, -1.5284, -0.4893, 0.0357, -1.2784, 0.1491|120
23|-0.0425, -1.5826, 0.2594, -1.5172, -0.4641, 0.0153, -1.2991, 0.1313|540
24|-0.0319, -1.5754, 0.1933, -1.5078, -0.4714, 0.0111, -1.2799, 0.1316|400
25|0.0021, -1.6105, 0.1301, -1.5292, -0.4741, -0.0090, -1.2628, 0.1308|380
26|0.0040, -1.6334, 0.0470, -1.5300, -0.4621, 0.0061, -1.2478, 0.1299|600
27|0.0224, -1.6190, -0.0061, -1.5093, -0.4497, 0.0017, -1.2286, 0.1228|1300
28|0.0318, -1.6598, -0.0189, -1.5296, -0.4678, -0.0129, -1.2116, 0.1392|120
29|0.0347, -1.6710, -0.0478, -1.5055, -0.4765, -0.0040, -1.1857, 0.1516|240
30|0.0620, -1.7080, -0.0853, -1.4884, -0.4658, -0.0055, -1.1935, 0.1618|600
31|0.0570, -1.7504, -0.1168, -1.4849, -0.4831, -0.0032, -1.1976, 0.1389|540
32|0.0688, -1.7523, -0.1425, -1.4682, -0.5089, 0.0241, -1.1835, 0.1248|580
33|0.0798, -1.7429, -0.1633, -1.4687, -0.4933, 0.0455, -1.1847, 0.1122|460
34|0.1029, -1.7502, -0.2064, -1.4382, -0.4708, 0.0389, -1.1564, 0.1373|400
35|0.1117, -1.7764, -0.2443, -1.4400, -0.4567, 0.0432, -1.1506, 0.1319|560
36|0.1423, -1.7737, -0.2708, -1.4188, -0.4496, 0.0330, -1.1186, 0.1596|400
37|0.1820, -1.8092, -0.2935, -1.4139, -0.4791, 0.0302, -1.1095, 0.1895|200
38|0.2197, -1.8327, -0.2913, -1.4021, -0.4887, 0.0656, -1.0884, 0.1842|680
39|0.2282, -1.8593, -0.3200, -1.3510, -0.4990, 0.0482, -1.0605, 0.1577|280
40|0.2333, -1.9069, -0.3241, -1.3005, -0.4940, 0.0507, -1.0258, 0.1833|1200
41|0.2663, -1.9073, -0.3530, -1.2846, -0.4708, 0.0494, -1.0312, 0.1914|760
42|0.2770, -1.9206, -0.3744, -1.2479, -0.4792, 0.0709, -0.9954, 0.1818|1220
43|0.3143, -1.9279, -0.4141, -1.2503, -0.4749, 0.0868, -0.9822, 0.1853|2100
44|0.3151, -1.9591, -0.4294, -1.2255, -0.4612, 0.1050, -0.9655, 0.1817|2600
45|0.3080, -1.9883, -0.4452, -1.2227, -0.4567, 0.0809, -0.9642, 0.1839|2020
46|0.3276, -2.0170, -0.4450, -1.1856, -0.4644, 0.0857, -0.9618, 0.1975|1260
47|0.3583, -2.0294, -0.4560, -1.1293, -0.4545, 0.0830, -0.9528, 0.2095|520
48|0.3660, -2.0390, -0.4788, -1.0996, -0.4359, 0.1119, -0.9287, 0.1920|2060
49|0.3835, -2.0408, -0.4802, -1.0527, -0.4290, 0.0947, -0.9317, 0.1953|780
50|0.3585, -2.0652, -0.5031, -1.0317, -0.4508, 0.1048, -0.9130, 0.1959|760
51|0.3596, -2.0809, -0.5118, -0.9940, -0.4645, 0.1123, -0.8923, 0.1903|2600
52|0.3435, -2.1281, -0.5135, -0.9680, -0.4382, 0.1232, -0.8890, 0.2100|4380
53|0.3545, -2.1486, -0.5359, -0.9516, -0.4425, 0.1263, -0.8871, 0.2346|1940
54|0.3689, -2.1758, -0.5233, -0.9120, -0.4157, 0.1031, -0.8663, 0.2305|2080
55|0.3703, -2.1757, -0.5021, -0.8729, -0.3889, 0.1201, -0.8590, 0.2367|6020
56|0.3805, -2.1896, -0.4839, -0.8686, -0.3720, 0.1335, -0.8380, 0.2253|2760
57|0.3711, -2.1920, -0.5126, -0.8558, -0.3697, 0.1432, -0.8092, 0.2250|2860
58|0.3730, -2.1903, -0.5174, -0.8275, -0.3707, 0.1166, -0.8010, 0.2265|4000
59|0.3832, -2.1998, -0.5314, -0.8148, -0.3344, 0.1429, -0.8188, 0.1944|2080
60|0.4043, -2.2178, -0.5498, -0.7942, -0.3245, 0.1441, -0.8082, 0.1832|2900
61|0.4135, -2.2349, -0.5591, -0.7729, -0.3114, 0.1705, -0.7782, 0.1875|860
62|0.4441, -2.2296, -0.5358, -0.7380, -0.2883, 0.1533, -0.7726, 0.2055|2960
63|0.4485, -2.2516, -0.5264, -0.7448, -0.3019, 0.1375, -0.7531, 0.2177|580
64|0.4920, -2.2636, -0.5369, -0.7451, -0.3116, 0.1245, -0.7305, 0.2059|13380
65|0.4890, -2.2669, -0.5025, -0.7165, -0.3147, 0.1023, -0.7191, 0.2206|2240
66|0.5261, -2.2969, -0.4918, -0.6975, -0.3128, 0.1041, -0.7003, 0.2232|4040
67|0.5454, -2.3050, -0.4917, -0.6832, -0.2779, 0.1047, -0.6919, 0.2517|4340
68|0.5221, -2.3030, -0.4803, -0.6648, -0.2449, 0.1422, -0.6804, 0.2504|3260
69|0.5134, -2.3365, -0.4552, -0.6408, -0.2164, 0.1439, -0.6452, 0.2617|4280
70|0.5124, -2.3710, -0.4443, -0.6224, -0.1971, 0.1491, -0.6163, 0.2642|18720
71|0.5313, -2.3570, -0.4306, -0.5762, -0.1837, 0.1331, -0.5608, 0.2463|6960
72|0.5242, -2.3851, -0.3929, -0.5269, -0.1686, 0.1137, -0.5303, 0.2533|5640
73|0.5321, -2.3975, -0.3948, -0.5018, -0.1747, 0.1205, -0.4937, 0.2416|6760
74|0.5474, -2.3946, -0.3800, -0.4745, -0.1706, 0.1148, -0.4686, 0.2524|7160
75|0.5638, -2.3983, -0.3578, -0.4358, -0.1632, 0.1056, -0.4215, 0.2415|38680
76|0.5591, -2.3868, -0.3479, -0.4416, -0.1594, 0.0934, -0.4000, 0.2543|44900
77|0.5830, -2.3901, -0.3283, -0.4242, -0.1609, 0.0773, -0.3463, 0.2466|9140
78|0.6102, -2.4197, -0.3102, -0.3799, -0.1373, 0.0512, -0.3069, 0.2369|53840
79|0.6016, -2.4371, -0.2766, -0.3905, -0.1303, 0.0292, -0.2705, 0.2449|50340
80|0.6499, -2.4161, -0.2535, -0.3677, -0.1223, 0.0397, -0.2368, 0.2357|51020
81|0.6720, -2.4086, -0.2133, -0.3568, -0.1369, 0.0415, -0.2038, 0.2319|21020
82|0.7044, -2.4196, -0.1708, -0.3577, -0.1067, 0.0426, -0.1852, 0.2408|26020
83|0.7079, -2.4309, -0.1314, -0.3117, -0.1105, 0.0394, -0.1725, 0.2229|89660
84|0.7436, -2.4660, -0.1320, -0.2912, -0.1099, 0.0158, -0.1615, 0.2040|310060
85|0.7725, -2.4788, -0.1289, -0.2924, -0.1026, 0.0034, -0.1568, 0.2006|1140
86|0.7715, -2.4957, -0.1150, -0.2824, -0.1055, 0.0084, -0.1379, 0.1902|196660
87|0.7884, -2.4920, -0.0917, -0.2756, -0.1052, 0.0166, -0.1281, 0.1680|406860
88|0.8133, -2.5056, -0.0758, -0.2752, -0.1155, 0.0156, -0.0991, 0.1464|213080
89|0.8163, -2.5116, -0.0813, -0.2553, -0.1197, 0.0135, -0.0938, 0.1418|23500
90|0.7967, -2.5222, -0.0832, -0.2595, -0.1283, 0.0148, -0.1094, 0.1512|156060
91|0.7889, -2.5450, -0.0839, -0.2711, -0.1199, 0.0235, -0.0886, 0.1473|96700
92|0.8103, -2.5533, -0.0653, -0.2732, -0.1194, 0.0345, -0.0622, 0.1389|332760
93|0.8213, -2.5912, -0.0589, -0.2842, -0.1068, 0.0129, -0.0583, 0.1343|331560
94|0.8102, -2.6190, -0.0701, -0.2710, -0.0861, -0.0013, -0.0579, 0.1174|384780
95|0.8151, -2.6185, -0.0516, -0.2570, -0.0855, -0.0066, -0.0526, 0.1284|327660
96|0.8149, -2.6223, -0.0683, -0.2578, -0.0753, -0.0210, -0.0461, 0.1123|607700
97|0.8354, -2.6609, -0.0661, -0.2607, -0.0848, -0.0158, -0.0577, 0.0825|324680
98|0.8549, -2.6807, -0.0602, -0.2489, -0.0828, -0.0266, -0.0306, 0.0833|764480
99|0.8460, -2.6856, -0.0774, -0.2577, -0.0850, -0.0224, -0.0343, 0.0700|627420
