0|0.4406, -1.4611, 1.1278, -0.4240, -0.6765, -1.1232, -0.3902, -1.0220|0
1|0.4515, -1.4678, 1.1235, -0.4086, -0.6852, -1.1389, -0.3987, -1.0184|0
2|0.4564, -1.4766, 1.1106, -0.4159, -0.6890, -1.1473, -0.3935, -1.0059|40
3|0.4686, -1.4934, 1.1030, -0.4303, -0.6828, -1.1645, -0.3924, -1.0117|0
4|0.4649, -1.4854, 1.0899, -0.4318, -0.6823, -1.1763, -0.3832, -1.0203|0
5|0.4766, -1.4916, 1.0824, -0.4311, -0.6925, -1.1777, -0.3902, -1.0329|0
6|0.4845, -1.4910, 1.0699, -0.4427, -0.6863, -1.1813, -0.3878, -1.0319|0
7|0.4890, -1.4903, 1.0488, -0.4521, -0.6848, -1.1773, -0.3915, -1.0268|40
8|0.4932, -1.4803, 1.0328, -0.4496, -0.6893, -1.1753, -0.3986, -1.0270|40
9|0.4876, -1.4764, 1.0152, -0.4391, -0.6956, -1.1776, -0.3882, -1.0220|0
10|0.5002, -1.4690, 1.0020, -0.4361, -0.6940, -1.1813, -0.3758, -1.0242|40
11|0.5035, -1.4623, 0.9988, -0.4433, -0.6975, -1.1900, -0.3793, -1.0201|0
12|0.5006, -1.4703, 0.9846, -0.4539, -0.6865, -1.1977, -0.3991, -1.0226|0
13|0.5021, -1.4722, 0.9821, -0.4471, -0.6788, -1.1848, -0.3849, -1.0238|0
14|0.5049, -1.4783, 0.9867, -0.4394, -0.6640, -1.1908, -0.3849, -1.0243|0
15|0.5137, -1.4965, 0.9890, -0.4455, -0.6623, -1.1989, -0.3854, -1.0251|40
16|0.5181, -1.5076, 0.9862, -0.4483, -0.6725, -1.2077, -0.3807, -1.0315|40
17|0.5232, -1.5067, 0.9887, -0.4472, -0.6618, -1.2102, -0.3761, -1.0246|0
18|0.5343, -1.5056, 0.9845, -0.4581, -0.6565, -1.2163, -0.3698, -1.0224|40
19|0.5461, -1.5071, 0.9660, -0.4624, -0.6566, -1.2105, -0.3597, -1.0288|40
20|0.5356, -1.5002, 0.9460, -0.4774, -0.6489, -1.2070, -0.3470, -1.0300|0
21|0.5406, -1.4904, 0.9442, -0.4777, -0.6470, -1.2161, -0.3515, -1.0322|120
22|0.5323, -1.5025, 0.9317, -0.4797, -0.6379, -1.2308, -0.3558, -1.0355|40
23|0.5312, -1.5229, 0.9208, -0.4866, -0.6366, -1.2382, -0.3602, -1.0303|0
24|0.5334, -1.5278, 0.9035, -0.4815, -0.6476, -1.2541, -0.3570, -1.0275|120
25|0.5413, -1.5291, 0.9009, -0.4959, -0.6386, -1.2724, -0.3415, -1.0247|0
26|0.5403, -1.5376, 0.8985, -0.5016, -0.6439, -1.2656, -0.3366, -1.0196|0
27|0.5391, -1.5480, 0.8913, -0.5083, -0.6363, -1.2595, -0.3318, -1.0241|40
28|0.5375, -1.5488, 0.8810, -0.4962, -0.6447, -1.2739, -0.3215, -1.0175|120
29|0.5427, -1.5571, 0.8666, -0.4982, -0.6458, -1.2672, -0.3323, -1.0169|120
30|0.5389, -1.5669, 0.8595, -0.4903, -0.6426, -1.2679, -0.3273, -1.0231|0
31|0.5433, -1.5715, 0.8458, -0.4990, -0.6395, -1.2802, -0.3173, -1.0148|40
32|0.5403, -1.5717, 0.8429, -0.5064, -0.6377, -1.2898, -0.3038, -1.0173|80
33|0.5484, -1.5763, 0.8322, -0.5041, -0.6299, -1.2894, -0.3062, -1.0247|40
34|0.5468, -1.5839, 0.8311, -0.5072, -0.6364, -1.2927, -0.2996, -1.0163|0
35|0.5491, -1.5867, 0.8227, -0.5117, -0.6334, -1.2972, -0.2877, -1.0166|0
36|0.5643, -1.5732, 0.8129, -0.5019, -0.6294, -1.3034, -0.2836, -1.0151|80
37|0.5657, -1.5771, 0.7942, -0.4979, -0.6259, -1.3105, -0.2856, -1.0107|40
38|0.5650, -1.5989, 0.7715, -0.4913, -0.6270, -1.3061, -0.2859, -1.0211|40
39|0.5624, -1.6090, 0.7658, -0.4848, -0.6335, -1.3081, -0.2895, -1.0355|120
40|0.5671, -1.6163, 0.7639, -0.4911, -0.6258, -1.3132, -0.2958, -1.0325|0
41|0.5589, -1.6274, 0.7607, -0.4914, -0.6264, -1.3187, -0.2937, -1.0311|160
42|0.5613, -1.6321, 0.7573, -0.4841, -0.6241, -1.3238, -0.2830, -1.0464|0
43|0.5757, -1.6377, 0.7328, -0.4894, -0.6219, -1.3337, -0.2774, -1.0464|200
44|0.5827, -1.6483, 0.7140, -0.4952, -0.6323, -1.3428, -0.2827, -1.0558|40
45|0.5855, -1.6555, 0.6933, -0.4970, -0.6315, -1.3466, -0.2791, -1.0543|80
46|0.5818, -1.6772, 0.6782, -0.4944, -0.6442, -1.3430, -0.2730, -1.0595|120
47|0.5850, -1.6861, 0.6602, -0.4824, -0.6411, -1.3337, -0.2803, -1.0504|120
48|0.5982, -1.6912, 0.6509, -0.4650, -0.6316, -1.3274, -0.2781, -1.0534|40
49|0.5995, -1.6911, 0.6243, -0.4615, -0.6450, -1.3303, -0.2671, -1.0440|120
50|0.6038, -1.6941, 0.6135, -0.4655, -0.6450, -1.3319, -0.2662, -1.0598|200
51|0.6026, -1.7076, 0.5936, -0.4760, -0.6510, -1.3269, -0.2595, -1.0518|320
52|0.6105, -1.6985, 0.5774, -0.4708, -0.6473, -1.3251, -0.2599, -1.0402|120
53|0.6188, -1.7002, 0.5535, -0.4723, -0.6445, -1.3278, -0.2758, -1.0441|200
54|0.6119, -1.7100, 0.5391, -0.4704, -0.6348, -1.3267, -0.2717, -1.0429|560
55|0.6130, -1.7217, 0.5182, -0.4712, -0.6220, -1.3232, -0.2777, -1.0454|120
56|0.6176, -1.7223, 0.5111, -0.4776, -0.6215, -1.3228, -0.2807, -1.0445|40
57|0.6201, -1.7305, 0.4932, -0.4795, -0.6163, -1.3257, -0.2822, -1.0430|560
58|0.6096, -1.7346, 0.4677, -0.4778, -0.6194, -1.3355, -0.2826, -1.0348|240
59|0.6040, -1.7413, 0.4392, -0.4686, -0.6267, -1.3310, -0.2812, -1.0440|120
60|0.6116, -1.7560, 0.4230, -0.4615, -0.6281, -1.3297, -0.2860, -1.0525|360
61|0.6190, -1.7612, 0.3916, -0.4570, -0.6355, -1.3214, -0.2859, -1.0668|160
62|0.6207, -1.7715, 0.3739, -0.4583, -0.6305, -1.3142, -0.2811, -1.0683|320
63|0.6123, -1.7893, 0.3463, -0.4589, -0.6279, -1.3243, -0.2783, -1.0764|200
64|0.6059, -1.7955, 0.3308, -0.4487, -0.6225, -1.3294, -0.2729, -1.0687|280
65|0.6100, -1.8143, 0.3202, -0.4358, -0.6235, -1.3244, -0.2778, -1.0641|320
66|0.6200, -1.8310, 0.2997, -0.4320, -0.6335, -1.3237, -0.2889, -1.0524|400
67|0.6149, -1.8366, 0.2769, -0.4323, -0.6386, -1.3167, -0.2903, -1.0433|200
68|0.6321, -1.8443, 0.2633, -0.4296, -0.6294, -1.3146, -0.3014, -1.0320|440
69|0.6457, -1.8543, 0.2490, -0.4270, -0.6145, -1.3180, -0.3045, -1.0160|480
70|0.6456, -1.8607, 0.2373, -0.4280, -0.6118, -1.3082, -0.3005, -1.0125|120
71|0.6447, -1.8598, 0.2235, -0.4307, -0.6089, -1.3100, -0.2931, -0.9925|600
72|0.6506, -1.8647, 0.2115, -0.4149, -0.6016, -1.2929, -0.2826, -0.9965|80
73|0.6583, -1.8718, 0.1845, -0.4038, -0.5994, -1.2887, -0.2806, -0.9830|440
74|0.6564, -1.8939, 0.1647, -0.3928, -0.5860, -1.2918, -0.2853, -0.9790|1180
75|0.6684, -1.9000, 0.1507, -0.3713, -0.5851, -1.2904, -0.2892, -0.9713|360
76|0.6804, -1.9072, 0.1301, -0.3704, -0.5802, -1.2905, -0.2942, -0.9816|520
77|0.6927, -1.9076, 0.1114, -0.3732, -0.5845, -1.3061, -0.2965, -0.9832|1320
78|0.6969, -1.9178, 0.0912, -0.3698, -0.5882, -1.3030, -0.2981, -0.9708|1000
79|0.7017, -1.9319, 0.0757, -0.3738, -0.5920, -1.2958, -0.3019, -0.9605|400
80|0.6906, -1.9342, 0.0656, -0.3597, -0.5939, -1.2965, -0.3070, -0.9579|980
81|0.6933, -1.9372, 0.0470, -0.3630, -0.5811, -1.2881, -0.3114, -0.9540|460
82|0.6994, -1.9387, 0.0354, -0.3603, -0.5769, -1.2854, -0.3169, -0.9543|1440
83|0.7015, -1.9489, 0.0239, -0.3472, -0.5711, -1.2740, -0.3247, -0.9527|920
84|0.7020, -1.9538, 0.0179, -0.3243, -0.5685, -1.2683, -0.3243, -0.9555|1120
85|0.7015, -1.9581, 0.0058, -0.3094, -0.5648, -1.2616, -0.3288, -0.9569|880
86|0.7136, -1.9600, -0.0139, -0.2871, -0.5641, -1.2483, -0.3242, -0.9441|480
87|0.7250, -1.9599, -0.0211, -0.2672, -0.5481, -1.2569, -0.3157, -0.9301|420
88|0.7252, -1.9674, -0.0338, -0.2485, -0.5487, -1.2486, -0.3133, -0.9277|680
89|0.7271, -1.9801, -0.0517, -0.2328, -0.5367, -1.2551, -0.3200, -0.9225|640
90|0.7276, -1.9822, -0.0716, -0.2108, -0.5355, -1.2433, -0.3204, -0.9196|1400
91|0.7218, -1.9960, -0.0911, -0.1897, -0.5257, -1.2466, -0.3205, -0.9174|1220
92|0.7173, -2.0107, -0.0990, -0.1707, -0.5112, -1.2349, -0.3126, -0.9141|1660
93|0.7293, -2.0120, -0.1052, -0.1562, -0.5114, -1.2222, -0.2950, -0.9021|1780
94|0.7199, -2.0261, -0.1134, -0.1380, -0.5121, -1.2074, -0.3067, -0.9056|1340
95|0.7164, -2.0282, -0.1316, -0.1393, -0.5087, -1.2041, -0.3077, -0.9026|740
96|0.7098, -2.0493, -0.1510, -0.1326, -0.5041, -1.1981, -0.2975, -0.8923|1440
97|0.6926, -2.0622, -0.1667, -0.1348, -0.5077, -1.1843, -0.2968, -0.8900|1540
98|0.6893, -2.0728, -0.1681, -0.1202, -0.4964, -1.1785, -0.3065, -0.8894|1560
99|0.6978, -2.0788, -0.1787, -0.0975, -0.4957, -1.1777, -0.3043, -0.8769|4340
