0|0.5667, 0.5943, -0.8865, -0.0789, -1.0254, -0.7723, -0.8287, -0.5210|300
1|0.5670, 0.5881, -0.8778, -0.0903, -1.0297, -0.7681, -0.8432, -0.5226|380
2|0.5691, 0.5873, -0.8852, -0.0958, -1.0305, -0.7685, -0.8434, -0.5270|1620
3|0.5659, 0.5817, -0.8814, -0.1030, -1.0333, -0.7726, -0.8420, -0.5319|160
4|0.5623, 0.5794, -0.8780, -0.1090, -1.0294, -0.7758, -0.8361, -0.5314|180
5|0.5607, 0.5766, -0.8734, -0.1177, -1.0279, -0.7894, -0.8284, -0.5369|380
6|0.5588, 0.5781, -0.8772, -0.1137, -1.0285, -0.7944, -0.8275, -0.5427|200
7|0.5642, 0.5783, -0.8816, -0.1200, -1.0298, -0.7989, -0.8253, -0.5437|220
8|0.5641, 0.5765, -0.8883, -0.1320, -1.0327, -0.8045, -0.8145, -0.5462|1000
9|0.5637, 0.5734, -0.8864, -0.1358, -1.0399, -0.8039, -0.8125, -0.5466|120
10|0.5563, 0.5686, -0.8865, -0.1402, -1.0454, -0.8135, -0.8134, -0.5509|300
11|0.5507, 0.5591, -0.8890, -0.1425, -1.0453, -0.8218, -0.8191, -0.5559|160
12|0.5522, 0.5592, -0.9045, -0.1440, -1.0468, -0.8272, -0.8209, -0.5603|160
13|0.5534, 0.5602, -0.9025, -0.1427, -1.0434, -0.8236, -0.8196, -0.5627|180
14|0.5499, 0.5570, -0.8967, -0.1473, -1.0439, -0.8264, -0.8197, -0.5673|280
15|0.5434, 0.5604, -0.8991, -0.1461, -1.0448, -0.8343, -0.8194, -0.5743|1160
16|0.5463, 0.5498, -0.8973, -0.1351, -1.0421, -0.8373, -0.8134, -0.5803|200
17|0.5494, 0.5462, -0.8936, -0.1311, -1.0322, -0.8412, -0.8146, -0.5768|600
18|0.5505, 0.5449, -0.8941, -0.1386, -1.0317, -0.8471, -0.8176, -0.5718|740
19|0.5586, 0.5434, -0.8927, -0.1513, -1.0260, -0.8538, -0.8104, -0.5772|500
20|0.5617, 0.5332, -0.8976, -0.1530, -1.0269, -0.8569, -0.8070, -0.5811|240
21|0.5703, 0.5315, -0.9001, -0.1576, -1.0275, -0.8561, -0.8176, -0.5779|200
22|0.5762, 0.5234, -0.8957, -0.1591, -1.0238, -0.8578, -0.8242, -0.5838|460
23|0.5833, 0.5178, -0.8944, -0.1635, -1.0253, -0.8547, -0.8213, -0.5849|360
24|0.5896, 0.5066, -0.8970, -0.1665, -1.0107, -0.8535, -0.8253, -0.5790|240
25|0.5869, 0.5068, -0.8979, -0.1702, -1.0137, -0.8566, -0.8239, -0.5798|640
26|0.5916, 0.5116, -0.8859, -0.1689, -1.0146, -0.8670, -0.8184, -0.5822|320
27|0.5823, 0.5154, -0.8796, -0.1703, -1.0216, -0.8699, -0.8137, -0.5792|200
28|0.5892, 0.5177, -0.8784, -0.1831, -1.0163, -0.8801, -0.8217, -0.5788|1040
29|0.5952, 0.5119, -0.8741, -0.1944, -1.0163, -0.8850, -0.8222, -0.5812|160
30|0.5984, 0.5061, -0.8699, -0.2017, -1.0102, -0.8765, -0.8298, -0.5778|580
31|0.6027, 0.5024, -0.8701, -0.2082, -1.0086, -0.8793, -0.8370, -0.5726|640
32|0.6085, 0.4988, -0.8795, -0.2088, -1.0129, -0.8842, -0.8333, -0.5695|840
33|0.6124, 0.5056, -0.8790, -0.2114, -1.0095, -0.8818, -0.8345, -0.5706|360
34|0.6122, 0.5031, -0.8810, -0.2103, -1.0152, -0.8814, -0.8343, -0.5776|160
35|0.6102, 0.4981, -0.8762, -0.2101, -1.0126, -0.8828, -0.8270, -0.5841|40
36|0.6159, 0.4932, -0.8784, -0.2175, -1.0046, -0.8719, -0.8285, -0.5954|120
37|0.6220, 0.4995, -0.8833, -0.2213, -1.0070, -0.8732, -0.8316, -0.5862|40
38|0.6186, 0.5065, -0.8815, -0.2186, -1.0054, -0.8788, -0.8280, -0.5863|160
39|0.6185, 0.4992, -0.8800, -0.2149, -1.0084, -0.8875, -0.8211, -0.5815|520
40|0.6169, 0.5025, -0.8843, -0.2251, -1.0132, -0.8906, -0.8273, -0.5811|280
41|0.6148, 0.5090, -0.8817, -0.2252, -1.0099, -0.8825, -0.8300, -0.5805|180
42|0.6242, 0.5047, -0.8827, -0.2247, -1.0082, -0.8836, -0.8251, -0.5797|440
43|0.6290, 0.5028, -0.8798, -0.2304, -1.0075, -0.8790, -0.8279, -0.5783|200
44|0.6219, 0.4985, -0.8852, -0.2329, -0.9946, -0.8826, -0.8268, -0.5717|340
45|0.6263, 0.5021, -0.8709, -0.2367, -0.9936, -0.8754, -0.8217, -0.5785|160
46|0.6430, 0.4955, -0.8748, -0.2392, -0.9956, -0.8792, -0.8238, -0.5712|640
47|0.6491, 0.4967, -0.8721, -0.2428, -0.9943, -0.8800, -0.8233, -0.5713|200
48|0.6393, 0.4825, -0.8703, -0.2356, -0.9932, -0.8728, -0.8266, -0.5700|240
49|0.6373, 0.4839, -0.8726, -0.2411, -0.9925, -0.8750, -0.8288, -0.5735|240
50|0.6366, 0.4859, -0.8695, -0.2412, -0.9918, -0.8715, -0.8329, -0.5783|760
51|0.6352, 0.4854, -0.8706, -0.2482, -0.9899, -0.8743, -0.8407, -0.5791|120
52|0.6375, 0.4822, -0.8655, -0.2565, -0.9918, -0.8701, -0.8308, -0.5788|1180
53|0.6376, 0.4837, -0.8742, -0.2607, -0.9900, -0.8707, -0.8259, -0.5758|360
54|0.6375, 0.4738, -0.8780, -0.2538, -1.0012, -0.8753, -0.8273, -0.5808|620
55|0.6353, 0.4787, -0.8789, -0.2632, -1.0067, -0.8760, -0.8204, -0.5830|240
56|0.6377, 0.4707, -0.8883, -0.2671, -1.0053, -0.8740, -0.8198, -0.5742|560
57|0.6346, 0.4650, -0.8794, -0.2615, -1.0050, -0.8756, -0.8108, -0.5766|200
58|0.6363, 0.4724, -0.8769, -0.2627, -1.0056, -0.8743, -0.8028, -0.5714|120
59|0.6454, 0.4626, -0.8759, -0.2597, -1.0140, -0.8740, -0.8069, -0.5691|660
60|0.6403, 0.4529, -0.8865, -0.2610, -1.0127, -0.8709, -0.8010, -0.5703|200
61|0.6481, 0.4495, -0.8819, -0.2625, -1.0029, -0.8682, -0.7999, -0.5648|360
62|0.6576, 0.4461, -0.8792, -0.2694, -0.9989, -0.8708, -0.8005, -0.5631|540
63|0.6637, 0.4424, -0.8820, -0.2639, -0.9980, -0.8682, -0.7978, -0.5577|200
64|0.6605, 0.4352, -0.8770, -0.2621, -1.0014, -0.8669, -0.7967, -0.5642|240
65|0.6665, 0.4391, -0.8827, -0.2681, -1.0005, -0.8715, -0.7937, -0.5602|1080
66|0.6691, 0.4423, -0.8832, -0.2712, -1.0050, -0.8798, -0.7974, -0.5627|900
67|0.6652, 0.4412, -0.8844, -0.2731, -1.0144, -0.8738, -0.8033, -0.5546|120
68|0.6616, 0.4364, -0.8870, -0.2765, -1.0113, -0.8749, -0.8032, -0.5583|120
69|0.6611, 0.4299, -0.8872, -0.2813, -1.0104, -0.8742, -0.7990, -0.5602|460
70|0.6693, 0.4278, -0.8810, -0.2756, -1.0100, -0.8701, -0.8004, -0.5671|200
71|0.6642, 0.4175, -0.8829, -0.2843, -1.0045, -0.8689, -0.7995, -0.5740|320
72|0.6669, 0.4179, -0.8769, -0.2755, -1.0029, -0.8650, -0.7911, -0.5732|320
73|0.6752, 0.4176, -0.8819, -0.2756, -1.0077, -0.8701, -0.7806, -0.5713|160
74|0.6765, 0.4148, -0.8788, -0.2785, -1.0103, -0.8742, -0.7692, -0.5771|160
75|0.6726, 0.4187, -0.8741, -0.2814, -0.9957, -0.8730, -0.7659, -0.5769|800
76|0.6793, 0.4245, -0.8732, -0.2804, -0.9926, -0.8698, -0.7669, -0.5732|220
77|0.6705, 0.4223, -0.8704, -0.2800, -0.9900, -0.8782, -0.7709, -0.5746|400
78|0.6667, 0.4237, -0.8683, -0.2853, -0.9880, -0.8867, -0.7704, -0.5839|1000
79|0.6770, 0.4167, -0.8643, -0.2879, -0.9884, -0.8846, -0.7801, -0.5829|240
80|0.6782, 0.4156, -0.8570, -0.2949, -0.9880, -0.8896, -0.7749, -0.5735|120
81|0.6788, 0.4153, -0.8527, -0.2968, -0.9904, -0.8774, -0.7669, -0.5729|300
82|0.6875, 0.4095, -0.8525, -0.3015, -0.9932, -0.8772, -0.7683, -0.5797|1060
83|0.6838, 0.4165, -0.8518, -0.3030, -0.9925, -0.8803, -0.7680, -0.5691|240
84|0.6786, 0.4124, -0.8503, -0.3075, -0.9912, -0.8833, -0.7691, -0.5636|240
85|0.6814, 0.4055, -0.8449, -0.3114, -0.9867, -0.8874, -0.7719, -0.5604|1120
86|0.6783, 0.3959, -0.8514, -0.3136, -0.9882, -0.8815, -0.7743, -0.5658|720
87|0.6798, 0.3934, -0.8433, -0.3109, -0.9886, -0.8858, -0.7816, -0.5637|80
88|0.6764, 0.3994, -0.8484, -0.3130, -0.9904, -0.8927, -0.7855, -0.5601|340
89|0.6683, 0.3940, -0.8508, -0.3116, -0.9929, -0.8913, -0.7871, -0.5553|320
90|0.6694, 0.3933, -0.8596, -0.3170, -0.9931, -0.8862, -0.7849, -0.5514|160
91|0.6604, 0.3977, -0.8612, -0.3135, -0.9916, -0.8924, -0.7862, -0.5424|400
92|0.6466, 0.3982, -0.8659, -0.3126, -0.9866, -0.8968, -0.7933, -0.5459|280
93|0.6524, 0.4070, -0.8627, -0.3188, -0.9845, -0.9046, -0.7979, -0.5355|380
94|0.6573, 0.4025, -0.8635, -0.3156, -0.9922, -0.9008, -0.7984, -0.5249|280
95|0.6651, 0.4072, -0.8616, -0.3170, -0.9937, -0.8983, -0.7924, -0.5328|1040
96|0.6663, 0.3956, -0.8612, -0.3211, -0.9954, -0.9091, -0.7925, -0.5438|680
97|0.6702, 0.4014, -0.8743, -0.3265, -1.0012, -0.9115, -0.7943, -0.5422|560
98|0.6686, 0.4068, -0.8831, -0.3313, -0.9990, -0.9178, -0.7876, -0.5422|80
99|0.6767, 0.4064, -0.8829, -0.3362, -0.9954, -0.9189, -0.7811, -0.5380|280
