0|0.5921, 0.5459, -0.4570, -0.9783, 1.3752, 1.4960, -0.5428, -1.0319|0
1|0.5923, 0.5400, -0.4403, -1.0182, 1.3916, 1.5115, -0.5407, -1.0275|0
2|0.6114, 0.5403, -0.4348, -1.0379, 1.3336, 1.4996, -0.5874, -1.0604|0
3|0.6113, 0.5585, -0.4764, -1.0591, 1.3232, 1.4631, -0.5903, -1.0292|0
4|0.6157, 0.5771, -0.4471, -1.0588, 1.3065, 1.4190, -0.5864, -1.0274|0
5|0.6426, 0.5768, -0.4988, -1.1296, 1.2762, 1.3718, -0.5897, -1.0492|0
6|0.6514, 0.6018, -0.5556, -1.1374, 1.2976, 1.3623, -0.6075, -1.0353|40
7|0.6451, 0.5778, -0.5461, -1.1944, 1.2445, 1.3448, -0.6058, -1.0302|0
8|0.6493, 0.5727, -0.5575, -1.2230, 1.2189, 1.3086, -0.5950, -1.0747|0
9|0.6936, 0.5628, -0.5747, -1.2722, 1.1954, 1.3038, -0.6025, -1.0792|0
10|0.6745, 0.5833, -0.5916, -1.2737, 1.1718, 1.3214, -0.6361, -1.1283|40
11|0.6655, 0.5694, -0.6612, -1.3110, 1.1624, 1.2676, -0.5880, -1.1340|80
12|0.6862, 0.6038, -0.6955, -1.3358, 1.1094, 1.2626, -0.6178, -1.1481|320
13|0.6880, 0.6152, -0.7230, -1.3555, 1.1094, 1.2480, -0.6477, -1.1307|420
14|0.6755, 0.6241, -0.7127, -1.3902, 1.0699, 1.2286, -0.6104, -1.1391|0
15|0.6678, 0.6162, -0.7358, -1.4210, 1.0643, 1.2151, -0.6217, -1.1787|300
16|0.6237, 0.5798, -0.7769, -1.4619, 1.0428, 1.2095, -0.5959, -1.1532|0
17|0.6047, 0.5631, -0.7912, -1.4881, 1.0116, 1.2002, -0.5775, -1.1410|120
18|0.6014, 0.5373, -0.7600, -1.5007, 0.9674, 1.2152, -0.5758, -1.1419|360
19|0.6170, 0.5193, -0.8167, -1.5146, 0.9420, 1.1584, -0.5586, -1.1458|80
20|0.6180, 0.4939, -0.8391, -1.5381, 0.9256, 1.1267, -0.5502, -1.1236|160
21|0.6284, 0.4967, -0.8558, -1.5680, 0.9139, 1.1254, -0.5296, -1.1369|120
22|0.6218, 0.5215, -0.8577, -1.5944, 0.8893, 1.1377, -0.5212, -1.1457|420
23|0.6144, 0.5170, -0.8400, -1.6162, 0.8722, 1.1411, -0.5317, -1.1814|80
24|0.6406, 0.4949, -0.8403, -1.6133, 0.8531, 1.1305, -0.5048, -1.1686|80
25|0.6363, 0.4871, -0.8879, -1.6518, 0.8640, 1.1303, -0.4795, -1.1786|160
26|0.6368, 0.4740, -0.8953, -1.6517, 0.8479, 1.1340, -0.4467, -1.2063|40
27|0.6063, 0.4610, -0.8758, -1.6688, 0.8617, 1.1202, -0.4484, -1.2103|280
28|0.5855, 0.4660, -0.9015, -1.6985, 0.8148, 1.0929, -0.4394, -1.2213|40
29|0.6066, 0.4599, -0.9429, -1.7057, 0.8080, 1.0737, -0.4505, -1.1961|240
30|0.6318, 0.4512, -0.9631, -1.6954, 0.7742, 1.0580, -0.4257, -1.1344|80
31|0.6497, 0.4697, -0.9593, -1.7002, 0.7398, 1.0572, -0.3944, -1.1265|200
32|0.6633, 0.4710, -0.9725, -1.7129, 0.6810, 1.0299, -0.4065, -1.1458|80
33|0.6658, 0.4511, -0.9495, -1.6782, 0.6841, 1.0343, -0.3765, -1.1526|140
34|0.6885, 0.4299, -0.9459, -1.7241, 0.6638, 1.0434, -0.3807, -1.1756|220
35|0.7185, 0.4340, -0.9226, -1.7146, 0.6419, 1.0393, -0.4015, -1.1732|80
36|0.7032, 0.4484, -0.9435, -1.7294, 0.6018, 1.0358, -0.4060, -1.1733|180
37|0.6752, 0.4387, -0.9259, -1.7651, 0.6390, 1.0676, -0.3848, -1.1939|340
38|0.6641, 0.4091, -0.9158, -1.7362, 0.6422, 1.0474, -0.3602, -1.1894|160
39|0.6585, 0.3742, -0.9217, -1.7628, 0.6466, 1.0419, -0.3759, -1.2165|240
40|0.6730, 0.3323, -0.9322, -1.7450, 0.6375, 1.0404, -0.3865, -1.1936|340
41|0.6834, 0.3232, -0.9257, -1.7169, 0.6430, 1.0254, -0.4036, -1.1837|460
42|0.6963, 0.3474, -0.9350, -1.7156, 0.6413, 0.9926, -0.3916, -1.1602|40
43|0.7160, 0.3704, -0.9521, -1.7465, 0.6309, 0.9753, -0.3749, -1.1645|340
44|0.6932, 0.4070, -0.9447, -1.7503, 0.6060, 0.9805, -0.3749, -1.1551|40
45|0.7522, 0.4264, -0.9705, -1.7850, 0.6025, 0.9585, -0.3750, -1.1799|900
46|0.7600, 0.4350, -0.9826, -1.8015, 0.6242, 0.9357, -0.3532, -1.1399|200
47|0.7194, 0.4223, -1.0079, -1.8224, 0.6172, 0.9011, -0.3480, -1.1520|540
48|0.7345, 0.3943, -1.0507, -1.8078, 0.5882, 0.8937, -0.3494, -1.1469|820
49|0.7367, 0.3668, -1.0414, -1.8433, 0.5664, 0.9185, -0.3268, -1.1748|120
50|0.7413, 0.3528, -1.0224, -1.8212, 0.5556, 0.8989, -0.3164, -1.1767|680
51|0.7634, 0.3148, -1.0101, -1.8006, 0.5165, 0.8886, -0.3153, -1.1340|120
52|0.7916, 0.2919, -1.0388, -1.7848, 0.5068, 0.8621, -0.2679, -1.1304|580
53|0.8020, 0.2899, -1.0837, -1.7473, 0.5078, 0.8759, -0.2488, -1.1198|960
54|0.8027, 0.2827, -1.1017, -1.7503, 0.4793, 0.8616, -0.2383, -1.1166|0
55|0.8075, 0.2891, -1.1424, -1.7444, 0.5222, 0.8668, -0.2882, -1.1366|340
56|0.7963, 0.2658, -1.1575, -1.7314, 0.4836, 0.8756, -0.2681, -1.1030|120
57|0.7969, 0.2802, -1.1625, -1.7258, 0.4823, 0.8925, -0.2674, -1.1126|740
58|0.7954, 0.2727, -1.1728, -1.7311, 0.4496, 0.9234, -0.2920, -1.0982|80
59|0.7383, 0.2577, -1.1884, -1.7222, 0.4379, 0.8661, -0.2770, -1.1104|220
60|0.7444, 0.2517, -1.1720, -1.7401, 0.4183, 0.8289, -0.2714, -1.1149|880
61|0.7498, 0.2161, -1.1833, -1.7269, 0.3927, 0.8388, -0.2649, -1.1263|980
62|0.7500, 0.2173, -1.1690, -1.7281, 0.4171, 0.8443, -0.2535, -1.0857|640
63|0.7685, 0.2081, -1.1815, -1.7188, 0.4041, 0.8368, -0.2123, -1.0745|260
64|0.7958, 0.2025, -1.1948, -1.6983, 0.3693, 0.8165, -0.2364, -1.0577|520
65|0.8247, 0.2094, -1.2130, -1.7018, 0.3675, 0.7824, -0.2475, -1.0447|160
66|0.8398, 0.2075, -1.2253, -1.7470, 0.3612, 0.7501, -0.2761, -1.0035|80
67|0.8398, 0.1827, -1.2366, -1.7530, 0.3695, 0.7404, -0.2732, -0.9666|460
68|0.8361, 0.1944, -1.2256, -1.7627, 0.3653, 0.7605, -0.2838, -0.9978|160
69|0.8744, 0.2150, -1.2426, -1.7626, 0.3451, 0.7344, -0.2921, -1.0247|240
70|0.8378, 0.2236, -1.2599, -1.7583, 0.3272, 0.7495, -0.2725, -1.0406|460
71|0.8048, 0.1980, -1.2644, -1.7364, 0.3370, 0.7204, -0.2512, -1.0352|560
72|0.8376, 0.2303, -1.2647, -1.7211, 0.3485, 0.6868, -0.2318, -1.0341|80
73|0.8163, 0.2359, -1.2460, -1.7370, 0.3327, 0.6459, -0.2068, -1.0292|520
74|0.8398, 0.2071, -1.2517, -1.7425, 0.3173, 0.6540, -0.1882, -1.0334|240
75|0.8199, 0.2024, -1.2380, -1.7582, 0.2988, 0.6152, -0.1813, -1.0293|1120
76|0.8372, 0.2118, -1.2370, -1.8180, 0.2928, 0.5897, -0.1864, -1.0156|520
77|0.8450, 0.1943, -1.2574, -1.8450, 0.2925, 0.5893, -0.1701, -1.0086|1080
78|0.8067, 0.1999, -1.2469, -1.8072, 0.2975, 0.5761, -0.1988, -1.0211|560
79|0.8036, 0.1942, -1.3024, -1.8222, 0.2810, 0.5658, -0.2140, -1.0298|40
80|0.8176, 0.2072, -1.2996, -1.8302, 0.3175, 0.5142, -0.2157, -1.0197|160
81|0.8318, 0.1832, -1.2999, -1.8591, 0.3429, 0.4879, -0.2186, -1.0127|120
82|0.8290, 0.1658, -1.3350, -1.8536, 0.3385, 0.4461, -0.2134, -1.0399|80
83|0.8539, 0.1252, -1.3276, -1.8343, 0.3101, 0.4370, -0.2461, -1.0303|800
84|0.8528, 0.0815, -1.3695, -1.7912, 0.3175, 0.4518, -0.2288, -1.0001|200
85|0.8696, 0.0340, -1.3814, -1.7760, 0.3256, 0.4635, -0.2153, -1.0163|720
86|0.8746, 0.0408, -1.4372, -1.7470, 0.2968, 0.4641, -0.2173, -1.0185|980
87|0.9339, 0.0509, -1.4454, -1.7492, 0.3339, 0.4633, -0.1761, -1.0038|200
88|0.9487, 0.0375, -1.4553, -1.7529, 0.3230, 0.4491, -0.2070, -1.0031|620
89|0.9157, 0.0409, -1.4737, -1.7523, 0.3094, 0.4616, -0.2094, -0.9847|1180
90|0.9509, 0.0257, -1.4906, -1.7779, 0.3058, 0.4574, -0.2163, -0.9701|220
91|0.9703, 0.0203, -1.5092, -1.8186, 0.3109, 0.4413, -0.2548, -0.9396|760
92|0.9740, -0.0046, -1.5481, -1.8244, 0.2959, 0.4062, -0.2595, -0.9253|300
93|0.9445, -0.0131, -1.5590, -1.8150, 0.3284, 0.4203, -0.2579, -0.8896|280
94|0.9844, -0.0306, -1.5858, -1.8100, 0.3302, 0.3991, -0.2661, -0.9031|1080
95|0.9781, -0.0664, -1.5723, -1.8308, 0.3385, 0.4134, -0.2569, -0.9235|2480
96|1.0239, -0.0958, -1.5750, -1.8148, 0.3157, 0.4209, -0.2354, -0.9098|660
97|1.0570, -0.0936, -1.5861, -1.7977, 0.2759, 0.4252, -0.2084, -0.9056|600
98|1.0770, -0.0854, -1.6054, -1.7744, 0.3079, 0.4194, -0.1923, -0.9038|980
99|1.0610, -0.0941, -1.6034, -1.7798, 0.2812, 0.4316, -0.2192, -0.9134|360
