0|0.0312, 0.5589, -1.3985, 0.0355, 0.7614, 0.8065, -1.1996, -1.4199|0
1|0.1047, 0.4981, -1.4616, -0.0058, 0.7846, 0.8558, -1.3045, -1.4307|0
2|0.0793, 0.4903, -1.4408, -0.0785, 0.8104, 0.8582, -1.3068, -1.3825|0
3|0.0650, 0.5476, -1.3951, -0.1089, 0.7964, 0.8349, -1.2638, -1.4613|0
4|0.0664, 0.5422, -1.3706, -0.1230, 0.7472, 0.8440, -1.2393, -1.5078|0
5|0.0552, 0.5061, -1.4181, -0.1550, 0.7394, 0.8030, -1.2783, -1.4638|0
6|0.0650, 0.5342, -1.5195, -0.2859, 0.6140, 0.7611, -1.3343, -1.5223|0
7|0.0305, 0.5181, -1.5345, -0.3102, 0.5195, 0.7556, -1.3455, -1.4756|0
8|-0.0168, 0.5510, -1.6106, -0.4397, 0.4823, 0.7417, -1.3920, -1.4774|40
9|0.0318, 0.4920, -1.6533, -0.5589, 0.3783, 0.7421, -1.3727, -1.5268|120
10|0.0577, 0.4934, -1.6708, -0.6001, 0.3498, 0.7000, -1.3053, -1.5025|0
11|0.2094, 0.4216, -1.7090, -0.6592, 0.2680, 0.6489, -1.3841, -1.4929|0
12|0.3034, 0.4110, -1.7453, -0.7680, 0.1705, 0.5764, -1.4394, -1.4716|40
13|0.2559, 0.4520, -1.6947, -0.7852, 0.1017, 0.5812, -1.4825, -1.4377|80
14|0.1553, 0.4127, -1.7472, -0.8726, 0.0651, 0.6172, -1.5450, -1.3763|0
15|0.1268, 0.3396, -1.7547, -0.9390, 0.0097, 0.5894, -1.5298, -1.3183|640
16|0.0591, 0.3448, -1.7791, -0.9601, 0.0314, 0.5576, -1.4768, -1.2629|520
17|0.0333, 0.2590, -1.6573, -1.0364, -0.0081, 0.6126, -1.4094, -1.3052|120
18|0.0629, 0.2728, -1.6254, -1.0977, -0.0305, 0.5933, -1.4297, -1.3040|620
19|0.0507, 0.1962, -1.6484, -1.2225, 0.0011, 0.5866, -1.4480, -1.3048|160
20|0.0165, 0.1892, -1.6352, -1.3240, -0.1270, 0.5811, -1.4180, -1.3003|240
21|0.0583, 0.2288, -1.6145, -1.3098, -0.1033, 0.5294, -1.3762, -1.2944|1440
22|0.1710, 0.2616, -1.6123, -1.2383, -0.0815, 0.5422, -1.3580, -1.2166|280
23|0.1560, 0.2951, -1.6240, -1.2733, -0.0516, 0.4861, -1.3750, -1.2483|720
24|0.1751, 0.3171, -1.5712, -1.3005, -0.0706, 0.4684, -1.3564, -1.2402|280
25|0.1086, 0.2330, -1.6199, -1.3393, -0.0859, 0.5589, -1.3038, -1.3013|80
26|0.1552, 0.2375, -1.5749, -1.3668, -0.1314, 0.5130, -1.2982, -1.3066|160
27|0.0748, 0.2856, -1.6416, -1.4087, -0.0521, 0.4644, -1.3753, -1.3693|200
28|0.1901, 0.2687, -1.6295, -1.5304, -0.1320, 0.4482, -1.3616, -1.4205|420
29|0.1910, 0.2389, -1.7175, -1.5769, -0.1068, 0.4115, -1.3924, -1.3440|360
30|0.2672, 0.1488, -1.6383, -1.5586, -0.0875, 0.3428, -1.3540, -1.2979|180
31|0.2201, 0.0817, -1.7512, -1.4934, -0.0457, 0.3199, -1.2626, -1.2732|160
32|0.2057, 0.0726, -1.7045, -1.6132, -0.1359, 0.2607, -1.2199, -1.3504|220
33|0.2394, 0.0945, -1.6857, -1.6194, -0.1249, 0.2289, -1.2841, -1.3536|120
34|0.3381, 0.1041, -1.6324, -1.5964, -0.1844, 0.3102, -1.2545, -1.3642|1300
35|0.3572, 0.1145, -1.5951, -1.6090, -0.1330, 0.3182, -1.2476, -1.2932|160
36|0.3530, 0.0159, -1.5984, -1.4941, -0.1596, 0.3491, -1.2859, -1.3285|120
37|0.3423, 0.0035, -1.6805, -1.4972, -0.2397, 0.3321, -1.3088, -1.3567|840
38|0.4121, -0.0374, -1.6755, -1.6241, -0.2784, 0.3323, -1.3634, -1.3663|1840
39|0.4126, 0.0147, -1.7266, -1.6288, -0.3105, 0.3552, -1.3813, -1.3824|400
40|0.4144, -0.0406, -1.7662, -1.5813, -0.3606, 0.3275, -1.4021, -1.3152|240
41|0.3637, -0.0489, -1.7608, -1.5500, -0.3378, 0.1902, -1.4872, -1.2513|940
42|0.4329, -0.0540, -1.7356, -1.6519, -0.4585, 0.2187, -1.4828, -1.2127|120
43|0.4203, -0.1250, -1.8106, -1.6470, -0.5118, 0.1077, -1.4716, -1.1986|960
44|0.4392, -0.1519, -1.7819, -1.6702, -0.5068, -0.0004, -1.4052, -1.2009|120
45|0.5087, -0.2798, -1.7932, -1.6245, -0.5232, -0.0219, -1.4012, -1.2055|200
46|0.5604, -0.2875, -1.7706, -1.6530, -0.5060, -0.0434, -1.4052, -1.1432|540
47|0.6291, -0.3290, -1.6876, -1.5795, -0.4701, -0.1065, -1.4429, -1.0412|560
48|0.5804, -0.3300, -1.6948, -1.5055, -0.4540, -0.0907, -1.4863, -0.9817|120
49|0.5838, -0.3938, -1.7284, -1.5259, -0.4380, -0.0717, -1.5559, -0.9661|520
50|0.5854, -0.4590, -1.7854, -1.6422, -0.4199, -0.1632, -1.5959, -0.9655|980
51|0.5864, -0.5117, -1.8154, -1.6657, -0.4453, -0.2053, -1.5632, -0.9171|2100
52|0.5135, -0.5286, -1.7272, -1.7030, -0.4597, -0.2229, -1.4858, -0.9868|280
53|0.4598, -0.6422, -1.7939, -1.7080, -0.4415, -0.2201, -1.5192, -1.0062|260
54|0.4035, -0.6794, -1.7887, -1.7345, -0.4581, -0.1764, -1.4500, -1.0196|760
55|0.3812, -0.6908, -1.7698, -1.6957, -0.4325, -0.1305, -1.5574, -1.0905|520
56|0.3949, -0.7932, -1.7389, -1.6859, -0.4389, -0.0912, -1.4541, -1.0378|620
57|0.3376, -0.8533, -1.7187, -1.6275, -0.4184, -0.1716, -1.4369, -1.0560|240
58|0.3037, -0.8212, -1.7636, -1.6745, -0.4022, -0.1888, -1.4394, -0.9233|1060
59|0.2953, -0.8153, -1.8522, -1.6132, -0.4833, -0.1395, -1.4178, -0.9621|460
60|0.2634, -0.9969, -1.8203, -1.6445, -0.5292, -0.1549, -1.3826, -0.9043|280
61|0.2294, -1.0400, -1.8888, -1.7020, -0.5429, -0.1668, -1.3548, -0.8561|560
62|0.1877, -1.0388, -1.8223, -1.7212, -0.5258, -0.1412, -1.2699, -0.8754|120
63|0.1970, -1.0640, -1.7897, -1.6927, -0.5160, -0.1567, -1.2460, -0.8761|1960
64|0.1304, -0.9808, -1.7751, -1.6996, -0.5377, -0.1372, -1.2192, -0.9358|740
65|0.2136, -0.9652, -1.7200, -1.6640, -0.6357, -0.0884, -1.2237, -0.9133|880
66|0.3021, -1.0922, -1.7145, -1.6772, -0.6811, -0.0487, -1.2138, -0.9708|800
67|0.2605, -1.1889, -1.8118, -1.6187, -0.5994, 0.0002, -1.1112, -0.9328|120
68|0.2797, -1.3047, -1.7973, -1.6845, -0.5727, -0.0101, -1.1524, -0.8891|880
69|0.2664, -1.3277, -1.8428, -1.6987, -0.5864, -0.0732, -1.1782, -0.9351|1640
70|0.3689, -1.3485, -1.9110, -1.6407, -0.5846, -0.0420, -1.0799, -0.8647|760
71|0.3353, -1.3610, -1.8545, -1.6168, -0.6871, -0.0652, -1.0745, -0.9457|480
72|0.2875, -1.2898, -1.9286, -1.5801, -0.6862, 0.0045, -1.0952, -0.8990|380
73|0.3012, -1.3273, -2.0352, -1.6042, -0.6596, 0.0448, -1.0751, -0.8543|1000
74|0.3469, -1.3542, -1.9770, -1.6026, -0.6266, 0.1138, -1.1529, -0.8298|620
75|0.4028, -1.4495, -1.9835, -1.6537, -0.6660, 0.0546, -1.1253, -0.7485|320
76|0.4454, -1.4611, -1.9159, -1.7144, -0.6086, -0.0081, -1.0856, -0.6914|800
77|0.4021, -1.4498, -1.8594, -1.6538, -0.5672, -0.0343, -1.1082, -0.6520|880
78|0.4861, -1.3741, -1.8954, -1.6524, -0.4887, -0.0208, -1.0921, -0.5963|1000
79|0.5292, -1.4957, -1.9514, -1.6565, -0.4721, -0.1282, -1.0459, -0.5182|2140
80|0.4862, -1.3996, -1.8821, -1.5835, -0.4654, -0.1530, -1.0238, -0.5240|520
81|0.5422, -1.4670, -1.8855, -1.5958, -0.4789, -0.1993, -1.0251, -0.5402|800
82|0.5275, -1.4893, -1.8500, -1.6472, -0.4660, -0.1929, -0.9723, -0.6026|560
83|0.6425, -1.5357, -1.9075, -1.6042, -0.5116, -0.2347, -1.0172, -0.6126|1300
84|0.6890, -1.5775, -1.9708, -1.5577, -0.5747, -0.1423, -1.0565, -0.5907|920
85|0.7008, -1.5795, -2.0175, -1.5474, -0.6300, -0.1853, -1.0441, -0.5779|1940
86|0.6055, -1.6199, -1.9351, -1.4281, -0.6229, -0.2248, -1.0954, -0.5042|80
87|0.6143, -1.6098, -1.8818, -1.3309, -0.6334, -0.1985, -1.0943, -0.5224|1080
88|0.5898, -1.7030, -1.8399, -1.2798, -0.6189, -0.3190, -1.0437, -0.5982|940
89|0.5383, -1.8515, -1.8397, -1.2217, -0.6240, -0.3110, -1.0907, -0.6208|980
90|0.4802, -1.8616, -1.8941, -1.1827, -0.5773, -0.3158, -1.1455, -0.6356|240
91|0.5539, -1.9329, -1.8923, -1.1431, -0.5827, -0.3231, -1.0791, -0.6174|340
92|0.5094, -1.9702, -1.7857, -1.1445, -0.5473, -0.2715, -1.1541, -0.6409|2420
93|0.5823, -1.9842, -1.7197, -1.1468, -0.4890, -0.3066, -1.2088, -0.5278|240
94|0.5876, -2.0253, -1.7195, -1.0632, -0.4958, -0.2690, -1.1375, -0.5198|1440
95|0.6118, -2.0029, -1.7082, -0.9966, -0.4488, -0.3047, -1.1102, -0.5345|1940
96|0.5964, -2.1016, -1.7528, -0.9882, -0.3931, -0.3774, -1.0387, -0.5541|600
97|0.5959, -2.1995, -1.8337, -0.9767, -0.3964, -0.4543, -0.9725, -0.5881|640
98|0.6524, -2.1915, -1.9087, -1.0129, -0.4273, -0.4250, -1.0025, -0.5984|1040
99|0.6246, -2.2960, -1.9992, -0.9181, -0.5187, -0.4708, -0.9839, -0.6546|700
