0|1.1963, 1.1868, -1.4768, -1.4529, -0.3240, 0.6912, -1.0770, -0.7013|300
1|1.1966, 1.1895, -1.4787, -1.4596, -0.3191, 0.6888, -1.0793, -0.6926|900
2|1.2026, 1.1939, -1.4851, -1.4637, -0.3178, 0.6853, -1.0755, -0.6998|380
3|1.2062, 1.1958, -1.4917, -1.4637, -0.3250, 0.6838, -1.0696, -0.7014|120
4|1.2042, 1.1990, -1.4886, -1.4612, -0.3375, 0.6886, -1.0729, -0.6951|380
5|1.2062, 1.1967, -1.4870, -1.4634, -0.3358, 0.6809, -1.0807, -0.6966|440
6|1.2063, 1.1956, -1.4910, -1.4556, -0.3327, 0.6777, -1.0871, -0.6954|120
7|1.2010, 1.2035, -1.4951, -1.4572, -0.3220, 0.6673, -1.0884, -0.6981|240
8|1.2057, 1.1996, -1.4995, -1.4583, -0.3215, 0.6671, -1.0853, -0.6961|40
9|1.2037, 1.2015, -1.4966, -1.4524, -0.3266, 0.6676, -1.0811, -0.6948|500
10|1.2092, 1.1974, -1.5040, -1.4527, -0.3253, 0.6656, -1.0765, -0.6977|40
11|1.2016, 1.1881, -1.4978, -1.4583, -0.3296, 0.6633, -1.0826, -0.7010|1160
12|1.2016, 1.1933, -1.4986, -1.4638, -0.3286, 0.6608, -1.0785, -0.6995|120
13|1.2034, 1.1939, -1.4978, -1.4705, -0.3351, 0.6545, -1.0774, -0.6943|200
14|1.1964, 1.1848, -1.4987, -1.4748, -0.3370, 0.6543, -1.0782, -0.6880|260
15|1.1930, 1.1811, -1.5097, -1.4743, -0.3386, 0.6521, -1.0776, -0.6931|220
16|1.1952, 1.1787, -1.5181, -1.4789, -0.3326, 0.6520, -1.0800, -0.6868|1540
17|1.1847, 1.1760, -1.5183, -1.4764, -0.3371, 0.6497, -1.0821, -0.6838|360
18|1.1814, 1.1763, -1.5173, -1.4775, -0.3418, 0.6533, -1.0739, -0.6782|0
19|1.1807, 1.1709, -1.5092, -1.4809, -0.3404, 0.6557, -1.0753, -0.6790|300
20|1.1895, 1.1680, -1.5135, -1.4833, -0.3414, 0.6563, -1.0787, -0.6730|340
21|1.1918, 1.1715, -1.5072, -1.4841, -0.3450, 0.6513, -1.0748, -0.6718|380
22|1.1944, 1.1702, -1.5065, -1.4869, -0.3450, 0.6423, -1.0826, -0.6667|200
23|1.1989, 1.1674, -1.5027, -1.4871, -0.3343, 0.6392, -1.0815, -0.6629|300
24|1.1977, 1.1710, -1.5027, -1.4842, -0.3303, 0.6272, -1.0890, -0.6584|280
25|1.2000, 1.1750, -1.5066, -1.4866, -0.3337, 0.6359, -1.0872, -0.6577|200
26|1.1959, 1.1753, -1.5065, -1.4802, -0.3368, 0.6334, -1.0862, -0.6546|120
27|1.1958, 1.1655, -1.5017, -1.4802, -0.3397, 0.6397, -1.0909, -0.6518|1180
28|1.2032, 1.1633, -1.5014, -1.4844, -0.3365, 0.6412, -1.0889, -0.6465|580
29|1.1989, 1.1662, -1.5011, -1.4927, -0.3340, 0.6409, -1.0873, -0.6483|220
30|1.2039, 1.1614, -1.4943, -1.4947, -0.3337, 0.6430, -1.0879, -0.6443|220
31|1.2029, 1.1575, -1.4923, -1.4939, -0.3347, 0.6309, -1.0887, -0.6435|100
32|1.2003, 1.1597, -1.4848, -1.4890, -0.3389, 0.6262, -1.0902, -0.6465|120
33|1.1970, 1.1488, -1.4871, -1.4920, -0.3289, 0.6228, -1.0861, -0.6488|720
34|1.2039, 1.1558, -1.4862, -1.4905, -0.3247, 0.6159, -1.0799, -0.6506|600
35|1.2147, 1.1555, -1.4822, -1.4950, -0.3245, 0.6230, -1.0705, -0.6449|660
36|1.2177, 1.1624, -1.4814, -1.4966, -0.3248, 0.6259, -1.0597, -0.6455|160
37|1.2223, 1.1631, -1.4759, -1.4992, -0.3213, 0.6237, -1.0566, -0.6488|160
38|1.2300, 1.1534, -1.4728, -1.4945, -0.3213, 0.6226, -1.0572, -0.6530|200
39|1.2315, 1.1523, -1.4728, -1.4922, -0.3198, 0.6122, -1.0628, -0.6592|120
40|1.2320, 1.1535, -1.4709, -1.4959, -0.3156, 0.6102, -1.0573, -0.6499|260
41|1.2450, 1.1509, -1.4750, -1.4883, -0.3194, 0.6110, -1.0593, -0.6593|80
42|1.2496, 1.1524, -1.4776, -1.4863, -0.3260, 0.6059, -1.0575, -0.6568|180
43|1.2569, 1.1527, -1.4763, -1.4935, -0.3276, 0.6032, -1.0514, -0.6577|860
44|1.2673, 1.1451, -1.4740, -1.4924, -0.3362, 0.6037, -1.0479, -0.6495|900
45|1.2742, 1.1497, -1.4747, -1.4944, -0.3295, 0.6088, -1.0373, -0.6462|420
46|1.2833, 1.1555, -1.4686, -1.4883, -0.3446, 0.6067, -1.0347, -0.6515|600
47|1.2829, 1.1556, -1.4647, -1.4902, -0.3385, 0.6143, -1.0320, -0.6537|200
48|1.2852, 1.1635, -1.4693, -1.4904, -0.3330, 0.6213, -1.0340, -0.6604|560
49|1.2991, 1.1666, -1.4721, -1.4895, -0.3327, 0.6155, -1.0425, -0.6716|120
50|1.2963, 1.1633, -1.4756, -1.4919, -0.3362, 0.6151, -1.0402, -0.6748|880
51|1.2963, 1.1598, -1.4750, -1.4873, -0.3367, 0.6092, -1.0381, -0.6664|660
52|1.3015, 1.1686, -1.4693, -1.4919, -0.3410, 0.6062, -1.0341, -0.6624|240
53|1.3076, 1.1682, -1.4624, -1.4984, -0.3397, 0.5963, -1.0359, -0.6478|120
54|1.3036, 1.1600, -1.4572, -1.4972, -0.3492, 0.5937, -1.0359, -0.6532|160
55|1.3041, 1.1538, -1.4561, -1.4978, -0.3506, 0.5904, -1.0299, -0.6538|240
56|1.3099, 1.1598, -1.4502, -1.4950, -0.3461, 0.5882, -1.0327, -0.6483|380
57|1.3109, 1.1602, -1.4442, -1.4981, -0.3476, 0.5837, -1.0271, -0.6486|440
58|1.3099, 1.1547, -1.4411, -1.4980, -0.3467, 0.5782, -1.0303, -0.6534|1160
59|1.3108, 1.1486, -1.4481, -1.5082, -0.3566, 0.5730, -1.0295, -0.6502|40
60|1.3082, 1.1501, -1.4448, -1.5079, -0.3551, 0.5737, -1.0298, -0.6479|240
61|1.3068, 1.1411, -1.4410, -1.5070, -0.3577, 0.5785, -1.0300, -0.6425|200
62|1.3228, 1.1402, -1.4439, -1.5007, -0.3538, 0.5815, -1.0323, -0.6470|1060
63|1.3264, 1.1398, -1.4425, -1.4968, -0.3622, 0.5754, -1.0323, -0.6443|120
64|1.3246, 1.1403, -1.4445, -1.4925, -0.3626, 0.5650, -1.0333, -0.6367|380
65|1.3329, 1.1511, -1.4445, -1.4942, -0.3635, 0.5699, -1.0258, -0.6355|40
66|1.3296, 1.1473, -1.4396, -1.5004, -0.3660, 0.5705, -1.0178, -0.6273|340
67|1.3359, 1.1466, -1.4321, -1.4972, -0.3681, 0.5690, -1.0152, -0.6318|160
68|1.3342, 1.1393, -1.4390, -1.4969, -0.3718, 0.5726, -1.0157, -0.6372|260
69|1.3368, 1.1405, -1.4401, -1.4978, -0.3732, 0.5712, -1.0094, -0.6350|80
70|1.3339, 1.1404, -1.4426, -1.4936, -0.3741, 0.5706, -1.0104, -0.6353|120
71|1.3318, 1.1363, -1.4450, -1.4918, -0.3741, 0.5604, -1.0118, -0.6357|140
72|1.3325, 1.1300, -1.4437, -1.4827, -0.3733, 0.5546, -1.0167, -0.6307|120
73|1.3310, 1.1334, -1.4399, -1.4855, -0.3743, 0.5560, -1.0203, -0.6388|80
74|1.3346, 1.1321, -1.4358, -1.4927, -0.3756, 0.5574, -1.0165, -0.6416|480
75|1.3301, 1.1370, -1.4443, -1.4990, -0.3769, 0.5560, -1.0158, -0.6407|200
76|1.3340, 1.1358, -1.4472, -1.4849, -0.3829, 0.5597, -1.0201, -0.6490|240
77|1.3458, 1.1333, -1.4516, -1.4875, -0.3828, 0.5616, -1.0225, -0.6433|320
78|1.3418, 1.1222, -1.4533, -1.4942, -0.3804, 0.5684, -1.0281, -0.6387|460
79|1.3466, 1.1200, -1.4437, -1.4971, -0.3824, 0.5742, -1.0345, -0.6378|340
80|1.3517, 1.1209, -1.4436, -1.4970, -0.3822, 0.5766, -1.0319, -0.6393|80
81|1.3518, 1.1108, -1.4448, -1.4951, -0.3751, 0.5790, -1.0355, -0.6413|400
82|1.3599, 1.1028, -1.4503, -1.4917, -0.3796, 0.5725, -1.0478, -0.6384|460
83|1.3677, 1.1039, -1.4561, -1.4891, -0.3874, 0.5670, -1.0412, -0.6359|120
84|1.3627, 1.1002, -1.4503, -1.4899, -0.3806, 0.5634, -1.0381, -0.6348|40
85|1.3671, 1.0956, -1.4469, -1.4885, -0.3890, 0.5483, -1.0352, -0.6351|180
86|1.3691, 1.0947, -1.4527, -1.4851, -0.3830, 0.5533, -1.0374, -0.6233|280
87|1.3672, 1.1018, -1.4640, -1.4790, -0.3851, 0.5520, -1.0460, -0.6148|740
88|1.3732, 1.1045, -1.4617, -1.4861, -0.3869, 0.5477, -1.0485, -0.6163|440
89|1.3626, 1.1065, -1.4638, -1.4859, -0.3815, 0.5533, -1.0449, -0.6116|320
90|1.3615, 1.1008, -1.4726, -1.4964, -0.3788, 0.5510, -1.0395, -0.6098|160
91|1.3577, 1.1088, -1.4702, -1.4892, -0.3762, 0.5428, -1.0398, -0.6087|540
92|1.3585, 1.1040, -1.4723, -1.4877, -0.3868, 0.5498, -1.0429, -0.6055|780
93|1.3611, 1.0986, -1.4664, -1.4927, -0.3818, 0.5534, -1.0323, -0.6044|600
94|1.3574, 1.0962, -1.4671, -1.4940, -0.3810, 0.5522, -1.0270, -0.5994|360
95|1.3524, 1.0923, -1.4642, -1.4974, -0.3883, 0.5541, -1.0255, -0.6018|320
96|1.3594, 1.0873, -1.4554, -1.4971, -0.3873, 0.5501, -1.0265, -0.6000|460
97|1.3719, 1.0857, -1.4483, -1.4901, -0.3860, 0.5574, -1.0274, -0.5923|320
98|1.3717, 1.0841, -1.4443, -1.4819, -0.3959, 0.5598, -1.0250, -0.5901|220
99|1.3771, 1.0819, -1.4521, -1.4756, -0.3900, 0.5545, -1.0226, -0.5873|720
