0|-0.7955, 1.3566, -1.0383, -0.5093, 1.2539, -0.9521, -0.6451, -1.3865|140
1|-0.7959, 1.3646, -1.0490, -0.5422, 1.2192, -0.9430, -0.6519, -1.3777|0
2|-0.7828, 1.3179, -1.0406, -0.5658, 1.2092, -0.9747, -0.6986, -1.3786|40
3|-0.7831, 1.3106, -1.0258, -0.6002, 1.1834, -0.9997, -0.6972, -1.3644|0
4|-0.7745, 1.2986, -1.0405, -0.6192, 1.1693, -1.0040, -0.7031, -1.3820|80
5|-0.7721, 1.3039, -1.0164, -0.6291, 1.1723, -1.0362, -0.7008, -1.3988|320
6|-0.7587, 1.3075, -1.0093, -0.6265, 1.1709, -1.0541, -0.7075, -1.3914|200
7|-0.7560, 1.2995, -0.9759, -0.6376, 1.1582, -1.0763, -0.7047, -1.3658|80
8|-0.7562, 1.2962, -0.9602, -0.6328, 1.1438, -1.0762, -0.7302, -1.3455|0
9|-0.7306, 1.2976, -0.9724, -0.6515, 1.1306, -1.0750, -0.7179, -1.3563|160
10|-0.7304, 1.2745, -0.9849, -0.6577, 1.1093, -1.0908, -0.7239, -1.3486|140
11|-0.7153, 1.2784, -0.9972, -0.6786, 1.0988, -1.0843, -0.7161, -1.3705|40
12|-0.7163, 1.2686, -0.9832, -0.6919, 1.0679, -1.0836, -0.7093, -1.3609|0
13|-0.7318, 1.2583, -0.9932, -0.6980, 1.0785, -1.1172, -0.6774, -1.3852|120
14|-0.7304, 1.2662, -1.0001, -0.7231, 1.0729, -1.1091, -0.6743, -1.3931|80
15|-0.7189, 1.2743, -0.9878, -0.7350, 1.0419, -1.1154, -0.6846, -1.3585|80
16|-0.7351, 1.2628, -0.9833, -0.7688, 1.0249, -1.1358, -0.6700, -1.3476|40
17|-0.7346, 1.2656, -0.9558, -0.7943, 1.0059, -1.1560, -0.6740, -1.3488|120
18|-0.7303, 1.2554, -0.9676, -0.8073, 1.0012, -1.1583, -0.6660, -1.3302|40
19|-0.7123, 1.2644, -0.9744, -0.8090, 0.9803, -1.1837, -0.6822, -1.3547|0
20|-0.7078, 1.2679, -1.0023, -0.8211, 0.9873, -1.1915, -0.6776, -1.3369|300
21|-0.7061, 1.2565, -0.9880, -0.8400, 0.9598, -1.1903, -0.6944, -1.3567|80
22|-0.7381, 1.2615, -0.9850, -0.8378, 0.9609, -1.1875, -0.7162, -1.3760|0
23|-0.7055, 1.2625, -0.9730, -0.8556, 0.9331, -1.1957, -0.7057, -1.3723|200
24|-0.7305, 1.2623, -0.9673, -0.8711, 0.9361, -1.2155, -0.7069, -1.3607|120
25|-0.7295, 1.2691, -0.9764, -0.8917, 0.9092, -1.2222, -0.7179, -1.3633|80
26|-0.7342, 1.2504, -1.0058, -0.8890, 0.9273, -1.2453, -0.7125, -1.3845|80
27|-0.7180, 1.2419, -1.0077, -0.8938, 0.9379, -1.2507, -0.7020, -1.3638|0
28|-0.7086, 1.2600, -1.0165, -0.8872, 0.9253, -1.2849, -0.7061, -1.3676|420
29|-0.6888, 1.2681, -1.0235, -0.9077, 0.8968, -1.2781, -0.7228, -1.3405|220
30|-0.6850, 1.2783, -1.0218, -0.9054, 0.8876, -1.3107, -0.7235, -1.3201|320
31|-0.7050, 1.2906, -1.0039, -0.9288, 0.8685, -1.3126, -0.7195, -1.3194|160
32|-0.7246, 1.2643, -1.0045, -0.9382, 0.8491, -1.3061, -0.7309, -1.3142|0
33|-0.7275, 1.2711, -1.0019, -0.9719, 0.8586, -1.2940, -0.7055, -1.2987|200
34|-0.7335, 1.2655, -1.0152, -1.0208, 0.8471, -1.3173, -0.7128, -1.2954|40
35|-0.7338, 1.2636, -1.0236, -1.0451, 0.8568, -1.3185, -0.7078, -1.3059|380
36|-0.7580, 1.2602, -1.0308, -1.0826, 0.8524, -1.3572, -0.6828, -1.2897|40
37|-0.7588, 1.2526, -1.0591, -1.1005, 0.8517, -1.3792, -0.6838, -1.2785|80
38|-0.7505, 1.2357, -1.0594, -1.0961, 0.8421, -1.3567, -0.6645, -1.2703|80
39|-0.7762, 1.2308, -1.0592, -1.0902, 0.8432, -1.3764, -0.6607, -1.2747|120
40|-0.7792, 1.2476, -1.0828, -1.0949, 0.8109, -1.3599, -0.6463, -1.2680|680
41|-0.7761, 1.2483, -1.0830, -1.0957, 0.8007, -1.3737, -0.6750, -1.2654|220
42|-0.7678, 1.2310, -1.0925, -1.1277, 0.7990, -1.3720, -0.6862, -1.2679|260
43|-0.7458, 1.2237, -1.0948, -1.1103, 0.7985, -1.3696, -0.6843, -1.2443|40
44|-0.7402, 1.2125, -1.1148, -1.0930, 0.7964, -1.3682, -0.7147, -1.2145|380
45|-0.7271, 1.2101, -1.1064, -1.0984, 0.7970, -1.3688, -0.7232, -1.2227|200
46|-0.7516, 1.1853, -1.1123, -1.1216, 0.7884, -1.3670, -0.7153, -1.2076|1100
47|-0.7462, 1.2083, -1.1068, -1.1433, 0.7807, -1.3535, -0.7051, -1.1833|280
48|-0.7333, 1.1965, -1.1130, -1.1619, 0.7739, -1.3577, -0.6887, -1.2073|280
49|-0.7792, 1.1887, -1.1036, -1.1678, 0.7305, -1.3541, -0.6867, -1.1986|720
50|-0.7852, 1.1716, -1.1023, -1.1754, 0.7209, -1.3409, -0.6757, -1.2201|240
51|-0.7912, 1.1743, -1.1238, -1.1897, 0.7268, -1.3233, -0.6797, -1.2203|180
52|-0.7956, 1.1780, -1.1482, -1.1739, 0.7269, -1.3446, -0.7035, -1.1998|200
53|-0.8168, 1.1744, -1.1450, -1.2119, 0.7085, -1.3509, -0.6996, -1.1915|520
54|-0.8093, 1.1783, -1.1266, -1.2124, 0.6803, -1.3425, -0.7006, -1.1889|580
55|-0.7954, 1.1626, -1.1552, -1.2039, 0.6810, -1.3805, -0.6954, -1.1740|340
56|-0.7931, 1.1727, -1.1606, -1.2190, 0.6524, -1.4012, -0.6932, -1.1927|560
57|-0.7818, 1.1768, -1.1320, -1.2077, 0.6462, -1.4026, -0.7162, -1.1955|160
58|-0.7823, 1.1973, -1.1393, -1.1807, 0.6396, -1.4409, -0.7180, -1.1935|120
59|-0.7871, 1.1758, -1.1681, -1.1765, 0.6258, -1.4369, -0.7375, -1.2125|80
60|-0.7964, 1.1656, -1.1879, -1.1831, 0.6311, -1.4386, -0.7460, -1.2069|380
61|-0.8176, 1.1489, -1.1870, -1.1865, 0.6157, -1.4261, -0.7494, -1.2085|280
62|-0.8105, 1.1398, -1.1991, -1.1841, 0.6353, -1.4082, -0.7655, -1.1994|400
63|-0.8224, 1.1275, -1.1975, -1.1594, 0.6147, -1.4165, -0.7559, -1.2022|280
64|-0.8084, 1.1221, -1.1989, -1.1434, 0.6305, -1.4267, -0.7747, -1.2188|160
65|-0.7849, 1.1126, -1.2052, -1.1381, 0.6313, -1.4161, -0.7780, -1.2176|160
66|-0.7650, 1.1262, -1.2181, -1.1586, 0.6258, -1.4208, -0.7655, -1.2328|320
67|-0.7518, 1.1040, -1.2100, -1.1881, 0.6383, -1.4213, -0.7686, -1.2407|420
68|-0.7712, 1.1181, -1.2243, -1.1914, 0.6656, -1.4457, -0.7319, -1.2438|160
69|-0.7483, 1.1247, -1.2062, -1.2097, 0.6430, -1.4330, -0.7272, -1.2610|300
70|-0.7682, 1.1378, -1.2140, -1.2089, 0.6508, -1.4289, -0.7460, -1.2691|280
71|-0.7482, 1.1208, -1.2226, -1.2144, 0.6519, -1.4432, -0.7725, -1.2778|200
72|-0.7424, 1.1307, -1.2134, -1.2475, 0.6243, -1.4399, -0.7882, -1.2497|80
73|-0.7281, 1.1483, -1.2193, -1.2460, 0.6231, -1.4429, -0.7917, -1.2510|360
74|-0.7171, 1.1413, -1.2308, -1.2302, 0.6103, -1.4359, -0.7904, -1.2355|640
75|-0.7248, 1.1488, -1.2472, -1.2099, 0.6006, -1.4339, -0.7571, -1.2373|260
76|-0.7199, 1.1274, -1.2348, -1.1964, 0.6068, -1.4125, -0.7624, -1.2308|120
77|-0.7044, 1.1277, -1.2648, -1.2107, 0.6235, -1.3891, -0.7534, -1.2180|80
78|-0.6963, 1.1128, -1.2784, -1.2238, 0.6334, -1.3969, -0.7381, -1.2444|0
79|-0.6848, 1.1005, -1.2850, -1.2277, 0.6441, -1.3905, -0.7578, -1.2576|300
80|-0.6663, 1.1224, -1.3038, -1.2269, 0.6528, -1.3805, -0.7621, -1.2573|220
81|-0.6765, 1.1161, -1.3146, -1.2373, 0.6507, -1.3675, -0.7677, -1.2786|120
82|-0.6661, 1.1084, -1.3287, -1.2405, 0.6308, -1.3718, -0.7561, -1.2836|260
83|-0.6627, 1.1151, -1.3300, -1.2397, 0.6156, -1.3841, -0.7561, -1.2731|420
84|-0.6668, 1.0813, -1.3410, -1.2461, 0.5982, -1.3862, -0.7557, -1.2669|280
85|-0.6574, 1.0890, -1.3364, -1.2679, 0.5687, -1.3770, -0.7479, -1.2653|80
86|-0.6865, 1.0865, -1.3251, -1.2616, 0.5522, -1.3994, -0.7194, -1.2451|40
87|-0.6820, 1.0638, -1.3344, -1.2791, 0.5531, -1.4016, -0.7206, -1.2267|200
88|-0.7078, 1.0711, -1.3434, -1.2853, 0.5637, -1.3973, -0.7341, -1.2491|960
89|-0.7117, 1.0871, -1.3522, -1.2881, 0.5290, -1.3951, -0.7157, -1.2486|340
90|-0.7043, 1.0660, -1.3693, -1.2824, 0.5333, -1.4073, -0.7178, -1.2464|120
91|-0.7132, 1.0777, -1.3662, -1.2507, 0.5294, -1.4051, -0.7218, -1.2572|1080
92|-0.7100, 1.0513, -1.3882, -1.2661, 0.5188, -1.4030, -0.7117, -1.2643|360
93|-0.7225, 1.0218, -1.3985, -1.2491, 0.4974, -1.4200, -0.7213, -1.2710|260
94|-0.7110, 1.0204, -1.4101, -1.2662, 0.5044, -1.4155, -0.7297, -1.2585|300
95|-0.6947, 1.0038, -1.4094, -1.2538, 0.4734, -1.4225, -0.6914, -1.2557|640
96|-0.7043, 0.9959, -1.3974, -1.2683, 0.4823, -1.4359, -0.7098, -1.2636|380
97|-0.7062, 0.9959, -1.4237, -1.2776, 0.4790, -1.4299, -0.7015, -1.2642|180
98|-0.7077, 0.9898, -1.4185, -1.2811, 0.4646, -1.4312, -0.7134, -1.2796|480
99|-0.7297, 0.9880, -1.4219, -1.2775, 0.4645, -1.4312, -0.7203, -1.2743|700
