0|0.4428, -0.6754, -1.1632, -0.0290, -0.8894, -1.3814, 0.1851, -0.2118|620
1|0.4211, -0.6927, -1.1490, -0.0501, -0.8781, -1.3778, 0.1541, -0.2258|520
2|0.4407, -0.7062, -1.1580, -0.0794, -0.8858, -1.3708, 0.1494, -0.2112|700
3|0.4154, -0.7171, -1.1438, -0.0979, -0.8897, -1.3660, 0.1554, -0.2045|1440
4|0.4142, -0.7127, -1.1484, -0.1443, -0.8738, -1.3759, 0.1440, -0.2060|280
5|0.4119, -0.7167, -1.1457, -0.1898, -0.8567, -1.3622, 0.1640, -0.2263|660
6|0.4380, -0.7128, -1.1268, -0.2349, -0.8460, -1.3606, 0.1694, -0.1909|1580
7|0.4686, -0.7014, -1.1256, -0.2752, -0.8408, -1.3351, 0.1764, -0.2109|760
8|0.4841, -0.7368, -1.1447, -0.2808, -0.8253, -1.3292, 0.1629, -0.1785|500
9|0.4789, -0.7400, -1.1377, -0.2958, -0.7887, -1.3418, 0.1789, -0.1601|1120
10|0.4987, -0.7544, -1.1565, -0.2959, -0.7806, -1.3450, 0.1430, -0.1567|460
11|0.5066, -0.7483, -1.1658, -0.3290, -0.7684, -1.3646, 0.1451, -0.1853|640
12|0.5167, -0.7514, -1.1505, -0.3438, -0.7539, -1.3882, 0.1362, -0.1710|1840
13|0.5650, -0.7775, -1.1406, -0.3401, -0.7389, -1.3757, 0.1499, -0.1747|1060
14|0.5705, -0.7765, -1.1473, -0.3596, -0.7597, -1.3555, 0.1431, -0.1828|840
15|0.5547, -0.7854, -1.1236, -0.3576, -0.7707, -1.3218, 0.1333, -0.1748|440
16|0.5873, -0.7962, -1.1360, -0.3675, -0.7594, -1.3045, 0.1477, -0.1495|260
17|0.5953, -0.8113, -1.1333, -0.3624, -0.7581, -1.2846, 0.1625, -0.1288|760
18|0.6029, -0.8304, -1.1344, -0.3507, -0.7737, -1.2936, 0.1635, -0.1262|320
19|0.6006, -0.8514, -1.1036, -0.3559, -0.7702, -1.3028, 0.1682, -0.1441|280
20|0.5832, -0.8428, -1.1069, -0.3772, -0.7714, -1.3174, 0.1296, -0.1522|860
21|0.5752, -0.8611, -1.1090, -0.4026, -0.7623, -1.3070, 0.1257, -0.1737|260
22|0.5968, -0.8567, -1.0998, -0.4118, -0.7504, -1.3188, 0.1294, -0.1787|880
23|0.6004, -0.8435, -1.0758, -0.3942, -0.7604, -1.3144, 0.1111, -0.1732|760
24|0.6268, -0.8575, -1.0974, -0.4142, -0.7328, -1.3063, 0.1183, -0.1804|2240
25|0.6120, -0.8729, -1.1048, -0.4238, -0.7353, -1.3068, 0.1088, -0.1824|2360
26|0.6380, -0.8890, -1.0863, -0.4589, -0.7557, -1.3206, 0.1280, -0.2105|280
27|0.6183, -0.9164, -1.0925, -0.4772, -0.7460, -1.3155, 0.1291, -0.2125|1440
28|0.6396, -0.8962, -1.1107, -0.4829, -0.7472, -1.3042, 0.1294, -0.2149|1880
29|0.6575, -0.9117, -1.1155, -0.4949, -0.7326, -1.3081, 0.1040, -0.1926|900
30|0.6652, -0.9247, -1.1098, -0.4676, -0.7553, -1.3258, 0.0788, -0.1968|940
31|0.6974, -0.9439, -1.1300, -0.4684, -0.7296, -1.3214, 0.0805, -0.2328|1900
