0|1.1298, -1.4919, 0.8462, -1.1931, -0.9526, 0.5798, 0.1953, 1.4039|0
1|1.1317, -1.5042, 0.8184, -1.2047, -0.9634, 0.5806, 0.1865, 1.4119|0
2|1.1328, -1.5039, 0.8011, -1.2109, -0.9660, 0.5710, 0.1855, 1.4040|0
3|1.1270, -1.5150, 0.7788, -1.2280, -0.9671, 0.5594, 0.1944, 1.4096|0
4|1.1279, -1.5168, 0.7253, -1.2157, -0.9488, 0.5694, 0.2074, 1.4012|0
5|1.1143, -1.5289, 0.7099, -1.1955, -0.9449, 0.5555, 0.2015, 1.4020|0
6|1.1119, -1.5415, 0.6915, -1.1837, -0.9459, 0.5552, 0.2214, 1.4040|0
7|1.1237, -1.5579, 0.6627, -1.1833, -0.9316, 0.5567, 0.2345, 1.3987|0
8|1.1320, -1.5830, 0.6486, -1.1891, -0.9288, 0.5625, 0.2243, 1.3904|80
9|1.1315, -1.6006, 0.6342, -1.1850, -0.9202, 0.5617, 0.2138, 1.3877|0
10|1.1422, -1.5965, 0.6045, -1.1781, -0.9194, 0.5523, 0.2091, 1.4012|40
11|1.1475, -1.6082, 0.5524, -1.1901, -0.9267, 0.5293, 0.1917, 1.3961|0
12|1.1480, -1.6202, 0.5095, -1.2004, -0.9287, 0.5246, 0.1869, 1.4109|0
13|1.1416, -1.6284, 0.4569, -1.2172, -0.9213, 0.5147, 0.1774, 1.4077|80
14|1.1359, -1.6369, 0.3989, -1.2000, -0.9221, 0.4797, 0.1553, 1.4163|240
15|1.1433, -1.6668, 0.3512, -1.1993, -0.9347, 0.4643, 0.1561, 1.4178|40
16|1.1440, -1.6939, 0.2917, -1.2149, -0.9343, 0.4589, 0.1571, 1.4112|340
17|1.1409, -1.7135, 0.2362, -1.2255, -0.9006, 0.4275, 0.1338, 1.4144|240
18|1.1616, -1.7197, 0.1831, -1.2316, -0.9125, 0.4254, 0.1150, 1.4043|800
19|1.1512, -1.7422, 0.1390, -1.2463, -0.9028, 0.4083, 0.1154, 1.4106|840
20|1.1532, -1.7520, 0.0607, -1.2378, -0.9134, 0.3724, 0.0951, 1.4117|600
21|1.1711, -1.7716, 0.0226, -1.2245, -0.9100, 0.3770, 0.0984, 1.4091|760
22|1.1554, -1.7820, -0.0188, -1.2217, -0.9254, 0.3636, 0.0928, 1.4234|1480
23|1.1684, -1.8005, -0.0561, -1.2107, -0.9099, 0.3616, 0.0978, 1.4276|1940
24|1.1847, -1.8168, -0.0767, -1.1959, -0.9011, 0.3578, 0.1118, 1.4222|860
25|1.1969, -1.8286, -0.1110, -1.1808, -0.9051, 0.3587, 0.1100, 1.4046|1420
26|1.1894, -1.8369, -0.1484, -1.1753, -0.9099, 0.3430, 0.1218, 1.4029|2580
27|1.2066, -1.8496, -0.1644, -1.1547, -0.9087, 0.3602, 0.1423, 1.3844|820
28|1.2040, -1.8644, -0.1851, -1.1405, -0.9137, 0.3592, 0.1338, 1.3839|4620
29|1.2212, -1.8557, -0.2192, -1.1342, -0.9102, 0.3510, 0.1342, 1.3634|1300
30|1.2330, -1.8682, -0.2299, -1.1340, -0.8981, 0.3410, 0.1298, 1.3601|2380
31|1.2277, -1.8632, -0.2528, -1.1262, -0.8960, 0.3436, 0.1324, 1.3627|5040
