0|0.6526, -0.8520, 0.0536, -1.3709, -0.8339, 0.1074, 0.5100, -0.9811|280
1|0.6959, -0.9604, -0.1378, -1.3828, -0.8019, 0.0880, 0.4914, -1.0416|200
2|0.6682, -0.9570, -0.2963, -1.3424, -0.7982, 0.0936, 0.4214, -1.0043|200
3|0.6078, -0.9797, -0.3671, -1.2476, -0.7467, -0.0085, 0.3877, -0.9542|520
4|0.6790, -1.0764, -0.4611, -1.1767, -0.7445, -0.0391, 0.4083, -1.0029|500
5|0.6518, -1.0488, -0.5482, -1.1178, -0.7613, -0.0773, 0.3369, -1.0523|560
6|0.6510, -1.0785, -0.6688, -1.0919, -0.8156, -0.0502, 0.3844, -0.9698|860
7|0.6904, -1.0500, -0.6853, -1.0181, -0.7746, -0.0802, 0.4038, -0.9480|780
8|0.6539, -1.0768, -0.7110, -0.9836, -0.8566, -0.1233, 0.3979, -0.9045|620
9|0.6593, -1.0717, -0.7091, -0.8948, -0.8046, -0.0749, 0.3999, -0.9380|1700
10|0.6500, -1.1026, -0.6571, -0.8828, -0.7169, -0.0489, 0.3448, -0.9670|1760
11|0.6004, -1.1663, -0.7521, -0.8865, -0.7022, -0.0632, 0.3415, -0.9546|620
12|0.5868, -1.1885, -0.7898, -0.7886, -0.6375, -0.0563, 0.4309, -0.9375|740
13|0.6486, -1.3783, -0.8134, -0.8510, -0.5878, -0.0686, 0.4087, -0.9412|940
14|0.6573, -1.3986, -0.8150, -0.7597, -0.6272, -0.0921, 0.4649, -0.8841|1120
15|0.6960, -1.4883, -0.8655, -0.6511, -0.5722, -0.1517, 0.4149, -0.8144|1420
16|0.6527, -1.5463, -0.8658, -0.6801, -0.6817, -0.1878, 0.4083, -0.8033|2480
17|0.6753, -1.5598, -0.8359, -0.6837, -0.5864, -0.2274, 0.3901, -0.7675|1300
18|0.7168, -1.6204, -0.8402, -0.6626, -0.5831, -0.2657, 0.3563, -0.8229|1920
19|0.7125, -1.6465, -0.8733, -0.6079, -0.5865, -0.2505, 0.3396, -0.8693|1560
20|0.7157, -1.7033, -0.8518, -0.6367, -0.6086, -0.2142, 0.2607, -0.8665|1360
21|0.6814, -1.7393, -0.8585, -0.5742, -0.6616, -0.2130, 0.2656, -0.9145|2580
22|0.7079, -1.6913, -0.8231, -0.5440, -0.6915, -0.2809, 0.2533, -0.8284|1240
23|0.7042, -1.6127, -0.7830, -0.5517, -0.7200, -0.2378, 0.3590, -0.8169|1940
24|0.6667, -1.5785, -0.7979, -0.4730, -0.6265, -0.2753, 0.3176, -0.7133|780
25|0.5940, -1.6067, -0.7641, -0.4716, -0.6625, -0.3227, 0.3304, -0.7279|1240
26|0.6315, -1.6706, -0.6516, -0.5015, -0.6830, -0.2831, 0.3666, -0.6904|540
27|0.6858, -1.7691, -0.6023, -0.4408, -0.6829, -0.2795, 0.2789, -0.5622|940
28|0.7605, -1.7309, -0.5913, -0.4057, -0.6540, -0.3313, 0.2439, -0.5651|1820
29|0.8110, -1.7466, -0.5657, -0.4651, -0.5278, -0.3090, 0.3210, -0.5194|9800
30|0.7846, -1.7470, -0.5450, -0.4367, -0.3622, -0.2719, 0.3080, -0.4465|1420
31|0.9127, -1.8195, -0.5126, -0.4167, -0.2851, -0.3276, 0.2865, -0.4525|6860
