0|-0.6182, -1.1345, 0.8057, -1.1797, -0.2330, -0.5684, -0.6540, 1.1050|80
1|-0.6060, -1.1444, 0.7546, -1.1870, -0.2174, -0.5761, -0.6435, 1.0947|120
2|-0.6015, -1.1758, 0.7196, -1.2037, -0.2109, -0.5783, -0.6272, 1.0946|0
3|-0.5863, -1.1816, 0.6711, -1.2198, -0.2082, -0.5925, -0.6121, 1.1062|0
4|-0.5879, -1.1965, 0.6253, -1.2326, -0.2213, -0.5999, -0.6052, 1.0969|0
5|-0.5514, -1.2131, 0.5591, -1.2257, -0.2195, -0.6268, -0.6097, 1.0918|0
6|-0.5507, -1.2360, 0.5083, -1.2366, -0.2182, -0.6235, -0.6182, 1.0917|120
7|-0.5427, -1.2592, 0.4357, -1.2354, -0.2166, -0.6271, -0.6067, 1.1018|120
8|-0.5236, -1.2793, 0.3857, -1.2496, -0.2250, -0.6324, -0.6166, 1.0966|400
9|-0.5173, -1.3035, 0.3176, -1.2532, -0.2421, -0.6349, -0.6075, 1.1030|200
10|-0.4927, -1.3199, 0.2602, -1.2448, -0.2421, -0.6480, -0.5994, 1.1036|360
11|-0.4968, -1.3611, 0.2107, -1.2435, -0.2424, -0.6332, -0.6209, 1.1023|320
12|-0.4968, -1.3833, 0.1567, -1.2074, -0.2287, -0.6263, -0.6244, 1.1178|660
13|-0.4955, -1.4051, 0.0857, -1.1876, -0.2602, -0.6310, -0.6181, 1.1250|320
14|-0.4935, -1.4128, 0.0259, -1.1596, -0.2584, -0.6378, -0.6168, 1.1262|520
15|-0.4789, -1.4488, -0.0199, -1.1481, -0.2540, -0.6415, -0.6047, 1.1287|320
16|-0.4769, -1.4654, -0.0715, -1.1188, -0.2540, -0.6343, -0.5855, 1.1063|800
17|-0.4550, -1.4823, -0.1262, -1.1221, -0.2478, -0.6364, -0.5743, 1.1154|660
18|-0.4403, -1.5043, -0.1699, -1.1254, -0.2393, -0.6487, -0.5705, 1.1129|400
19|-0.4407, -1.5342, -0.2082, -1.1077, -0.2250, -0.6283, -0.5547, 1.1160|720
20|-0.4519, -1.5584, -0.2464, -1.0803, -0.2403, -0.6303, -0.5518, 1.1190|820
21|-0.4231, -1.5658, -0.2923, -1.0713, -0.2394, -0.6258, -0.5349, 1.1140|1540
22|-0.4086, -1.5913, -0.3040, -1.0362, -0.2437, -0.6242, -0.5371, 1.1091|740
23|-0.3863, -1.6290, -0.3386, -1.0122, -0.2554, -0.6066, -0.5307, 1.0896|580
24|-0.3626, -1.6367, -0.3642, -0.9981, -0.2651, -0.6059, -0.5037, 1.0727|520
25|-0.3493, -1.6365, -0.3937, -0.9563, -0.2488, -0.6232, -0.5023, 1.0730|3040
26|-0.3171, -1.6450, -0.4177, -0.9412, -0.2426, -0.6283, -0.4855, 1.0680|1120
27|-0.3045, -1.6626, -0.4156, -0.9324, -0.2484, -0.6153, -0.4820, 1.0611|1240
28|-0.2930, -1.6865, -0.4374, -0.9269, -0.2526, -0.5962, -0.4729, 1.0503|1360
29|-0.2891, -1.7149, -0.4447, -0.9246, -0.2722, -0.5796, -0.4422, 1.0437|1580
30|-0.2755, -1.7315, -0.4615, -0.8980, -0.2741, -0.5620, -0.4365, 1.0483|2780
31|-0.2679, -1.7503, -0.4742, -0.8853, -0.2542, -0.5608, -0.4300, 1.0463|1080
