0|0.2043, 0.3930, -0.2008, -1.1010, 1.3353, -0.7779, 0.7183, -0.5129|40
1|0.1993, 0.3802, -0.2180, -1.1130, 1.3224, -0.7803, 0.7269, -0.5107|200
2|0.1918, 0.3742, -0.2356, -1.1196, 1.3170, -0.7768, 0.7221, -0.5075|80
3|0.1891, 0.3767, -0.2510, -1.1307, 1.3126, -0.7838, 0.7241, -0.5079|460
4|0.1950, 0.3738, -0.2601, -1.1378, 1.3029, -0.7855, 0.7247, -0.5070|80
5|0.1928, 0.3646, -0.2787, -1.1370, 1.2924, -0.7852, 0.7222, -0.5033|40
6|0.1943, 0.3594, -0.2912, -1.1491, 1.2854, -0.7884, 0.7185, -0.5007|120
7|0.1975, 0.3556, -0.3052, -1.1500, 1.2814, -0.7927, 0.7243, -0.5010|0
8|0.1993, 0.3493, -0.3187, -1.1603, 1.2676, -0.7892, 0.7128, -0.5047|80
9|0.2013, 0.3455, -0.3261, -1.1687, 1.2597, -0.7813, 0.7100, -0.5082|40
10|0.2081, 0.3424, -0.3408, -1.1700, 1.2548, -0.7859, 0.7079, -0.5102|40
11|0.1953, 0.3379, -0.3446, -1.1779, 1.2453, -0.7910, 0.7062, -0.5076|340
12|0.1941, 0.3298, -0.3585, -1.1794, 1.2410, -0.8002, 0.7066, -0.5078|40
13|0.2013, 0.3198, -0.3735, -1.1792, 1.2362, -0.7986, 0.7091, -0.5119|180
14|0.2072, 0.3127, -0.3885, -1.1843, 1.2315, -0.8025, 0.7144, -0.5158|40
15|0.2078, 0.3059, -0.3932, -1.1880, 1.2291, -0.8042, 0.7182, -0.5095|380
16|0.2130, 0.3042, -0.4039, -1.1838, 1.2229, -0.8101, 0.7192, -0.5105|320
17|0.2248, 0.2936, -0.4121, -1.1820, 1.2169, -0.8153, 0.7142, -0.5167|140
18|0.2298, 0.2881, -0.4127, -1.1893, 1.2134, -0.8180, 0.7114, -0.5254|280
19|0.2291, 0.2785, -0.4313, -1.1887, 1.2157, -0.8125, 0.7047, -0.5298|160
20|0.2349, 0.2654, -0.4391, -1.1851, 1.2060, -0.8146, 0.7092, -0.5310|120
21|0.2366, 0.2612, -0.4436, -1.1834, 1.1930, -0.8196, 0.7120, -0.5395|40
22|0.2367, 0.2623, -0.4425, -1.1877, 1.1898, -0.8211, 0.7103, -0.5442|240
23|0.2356, 0.2638, -0.4439, -1.1867, 1.1827, -0.8220, 0.7168, -0.5421|40
24|0.2404, 0.2605, -0.4510, -1.1898, 1.1792, -0.8233, 0.7170, -0.5468|120
25|0.2405, 0.2513, -0.4581, -1.1867, 1.1659, -0.8233, 0.7143, -0.5452|160
26|0.2313, 0.2545, -0.4654, -1.1960, 1.1601, -0.8187, 0.7010, -0.5427|720
27|0.2338, 0.2447, -0.4689, -1.2050, 1.1564, -0.8168, 0.6976, -0.5436|160
28|0.2384, 0.2434, -0.4793, -1.2030, 1.1534, -0.8108, 0.6945, -0.5504|380
29|0.2288, 0.2412, -0.4866, -1.2015, 1.1558, -0.8050, 0.6874, -0.5472|220
30|0.2331, 0.2318, -0.5020, -1.1939, 1.1437, -0.8027, 0.6968, -0.5541|460
31|0.2318, 0.2277, -0.5133, -1.1918, 1.1350, -0.8023, 0.6971, -0.5570|120
