0|-0.9985, 1.3829, -1.1509, -0.6926, 0.7762, -0.7310, -0.0332, 0.8364|40
1|-0.9942, 1.3556, -1.1641, -0.7223, 0.7689, -0.7344, -0.0378, 0.8184|0
2|-0.9873, 1.3493, -1.1532, -0.7372, 0.7573, -0.7522, -0.0497, 0.8320|0
3|-0.9749, 1.3483, -1.1513, -0.7773, 0.7491, -0.7661, -0.0637, 0.8129|0
4|-0.9850, 1.3318, -1.1521, -0.7911, 0.7337, -0.7844, -0.0582, 0.7986|100
5|-0.9776, 1.3250, -1.1446, -0.8148, 0.7198, -0.7928, -0.0427, 0.7994|40
6|-0.9613, 1.3021, -1.1393, -0.8478, 0.6885, -0.8173, -0.0500, 0.7996|100
7|-0.9667, 1.3070, -1.1425, -0.8707, 0.6827, -0.8049, -0.0523, 0.8047|40
8|-0.9654, 1.2957, -1.1429, -0.8965, 0.6946, -0.7894, -0.0594, 0.7936|340
9|-0.9431, 1.2760, -1.1544, -0.9222, 0.6949, -0.7810, -0.0525, 0.7716|80
10|-0.9436, 1.2772, -1.1455, -0.9405, 0.6967, -0.7796, -0.0462, 0.7769|40
11|-0.9474, 1.2601, -1.1446, -0.9486, 0.6920, -0.7761, -0.0427, 0.7823|140
12|-0.9587, 1.2427, -1.1332, -0.9781, 0.6773, -0.7714, -0.0457, 0.7771|40
13|-0.9534, 1.2456, -1.1422, -1.0038, 0.6766, -0.7674, -0.0382, 0.7740|220
14|-0.9409, 1.2333, -1.1286, -1.0238, 0.6582, -0.7733, -0.0371, 0.7703|180
15|-0.9434, 1.2329, -1.1270, -1.0364, 0.6463, -0.7690, -0.0311, 0.7660|200
16|-0.9491, 1.2297, -1.1326, -1.0339, 0.6524, -0.7741, -0.0469, 0.7755|460
17|-0.9644, 1.2206, -1.1400, -1.0366, 0.6467, -0.7775, -0.0441, 0.7776|1660
18|-0.9506, 1.1964, -1.1244, -1.0412, 0.6432, -0.7636, -0.0352, 0.7696|120
19|-0.9508, 1.2071, -1.1270, -1.0308, 0.6280, -0.7685, -0.0405, 0.7702|520
20|-0.9382, 1.2006, -1.1316, -1.0346, 0.6096, -0.7613, -0.0245, 0.7733|80
21|-0.9283, 1.1969, -1.1352, -1.0289, 0.5978, -0.7704, -0.0590, 0.7720|40
22|-0.9136, 1.2033, -1.1172, -1.0418, 0.6057, -0.7797, -0.0486, 0.7555|80
23|-0.9213, 1.1955, -1.1222, -1.0537, 0.5949, -0.7784, -0.0387, 0.7383|420
24|-0.9066, 1.1876, -1.1353, -1.0510, 0.5784, -0.7687, -0.0273, 0.7178|0
25|-0.8877, 1.2010, -1.1321, -1.0644, 0.5647, -0.7766, -0.0380, 0.7205|40
26|-0.8789, 1.2088, -1.1225, -1.0572, 0.5578, -0.7772, -0.0556, 0.7348|280
27|-0.8715, 1.2049, -1.1093, -1.0588, 0.5547, -0.7845, -0.0512, 0.7408|80
28|-0.8518, 1.2130, -1.0969, -1.0622, 0.5405, -0.7775, -0.0622, 0.7347|520
29|-0.8345, 1.2005, -1.0675, -1.0576, 0.5248, -0.7819, -0.0605, 0.7259|740
30|-0.8201, 1.1953, -1.0599, -1.0735, 0.5275, -0.7927, -0.0759, 0.7411|200
31|-0.8108, 1.2048, -1.0568, -1.0780, 0.5206, -0.7988, -0.0633, 0.7343|260
