0|-0.5203, 0.4493, 0.9782, -0.9511, -0.8748, -0.0681, 0.6761, -1.4826|0
1|-0.5233, 0.4439, 0.9655, -0.9579, -0.8839, -0.0675, 0.6964, -1.4745|0
2|-0.5148, 0.4349, 0.9484, -0.9477, -0.8810, -0.0881, 0.6890, -1.4617|80
3|-0.5246, 0.4310, 0.9434, -0.9507, -0.9064, -0.1157, 0.6898, -1.4711|0
4|-0.5301, 0.4367, 0.9551, -0.9416, -0.9153, -0.1292, 0.6816, -1.4717|0
5|-0.5346, 0.4328, 0.9392, -0.9426, -0.8962, -0.1350, 0.6841, -1.4563|0
6|-0.5337, 0.4372, 0.9261, -0.9416, -0.9025, -0.1459, 0.6757, -1.4549|0
7|-0.5217, 0.4539, 0.8999, -0.9263, -0.8774, -0.1482, 0.6786, -1.4387|0
8|-0.5277, 0.4454, 0.8984, -0.9255, -0.8760, -0.1499, 0.6741, -1.4406|0
9|-0.5310, 0.4456, 0.8912, -0.9313, -0.8789, -0.1640, 0.6713, -1.4390|0
10|-0.5232, 0.4503, 0.8910, -0.9316, -0.8765, -0.1692, 0.6716, -1.4381|0
11|-0.5157, 0.4392, 0.8929, -0.9222, -0.8596, -0.1746, 0.6730, -1.4365|0
12|-0.5051, 0.4377, 0.8861, -0.9227, -0.8739, -0.1888, 0.6748, -1.4570|0
13|-0.5043, 0.4458, 0.8865, -0.9228, -0.8672, -0.1937, 0.6766, -1.4593|0
14|-0.5024, 0.4587, 0.8825, -0.9283, -0.8701, -0.1951, 0.6864, -1.4486|0
15|-0.5040, 0.4609, 0.8716, -0.9279, -0.8670, -0.1873, 0.6812, -1.4598|0
16|-0.5067, 0.4662, 0.8722, -0.9422, -0.8659, -0.1865, 0.6748, -1.4537|0
17|-0.5096, 0.4593, 0.8624, -0.9439, -0.8806, -0.1771, 0.6780, -1.4476|40
18|-0.5132, 0.4621, 0.8622, -0.9557, -0.8816, -0.1783, 0.6944, -1.4306|0
19|-0.5182, 0.4553, 0.8407, -0.9783, -0.8765, -0.1818, 0.6821, -1.4334|40
20|-0.5124, 0.4716, 0.8235, -0.9926, -0.8603, -0.1818, 0.6802, -1.4294|0
21|-0.5182, 0.4622, 0.8066, -0.9992, -0.8611, -0.1903, 0.6842, -1.4232|0
22|-0.5253, 0.4665, 0.7906, -0.9901, -0.8474, -0.1961, 0.6798, -1.4294|0
23|-0.5287, 0.4723, 0.7721, -1.0115, -0.8346, -0.2131, 0.6812, -1.4282|0
24|-0.5436, 0.4752, 0.7657, -1.0038, -0.8308, -0.2132, 0.6947, -1.4619|0
25|-0.5405, 0.4756, 0.7483, -1.0096, -0.8177, -0.2146, 0.7017, -1.4721|0
26|-0.5319, 0.4765, 0.7389, -1.0287, -0.8271, -0.2123, 0.6756, -1.4820|0
27|-0.5400, 0.4807, 0.7410, -1.0205, -0.8286, -0.2133, 0.6852, -1.4987|0
28|-0.5486, 0.4835, 0.7401, -1.0393, -0.8230, -0.2244, 0.6913, -1.5054|0
29|-0.5589, 0.4745, 0.7138, -1.0472, -0.8152, -0.2546, 0.6941, -1.4979|40
30|-0.5660, 0.4722, 0.7067, -1.0434, -0.8092, -0.2632, 0.6920, -1.4915|40
31|-0.5608, 0.4629, 0.6959, -1.0574, -0.8174, -0.2571, 0.6862, -1.5085|0
32|-0.5712, 0.4451, 0.6809, -1.0680, -0.8113, -0.2693, 0.6972, -1.5308|0
33|-0.5788, 0.4219, 0.6417, -1.0657, -0.8335, -0.2694, 0.6914, -1.5306|0
34|-0.5677, 0.4252, 0.6218, -1.0839, -0.8380, -0.2598, 0.6909, -1.5224|0
35|-0.5762, 0.4153, 0.6127, -1.0916, -0.8451, -0.2796, 0.6920, -1.5320|0
36|-0.5739, 0.4214, 0.6122, -1.0908, -0.8438, -0.2911, 0.7004, -1.5367|0
37|-0.5726, 0.4049, 0.5915, -1.0756, -0.8432, -0.3143, 0.6968, -1.5384|0
38|-0.5720, 0.4011, 0.5733, -1.0836, -0.8408, -0.3253, 0.6843, -1.5448|0
39|-0.5651, 0.4039, 0.5587, -1.1099, -0.8378, -0.3348, 0.6865, -1.5584|0
40|-0.5585, 0.4153, 0.5334, -1.1052, -0.8516, -0.3533, 0.7003, -1.5535|40
41|-0.5527, 0.4060, 0.4847, -1.1227, -0.8398, -0.3636, 0.6860, -1.5515|0
42|-0.5482, 0.4105, 0.4697, -1.1288, -0.8541, -0.3641, 0.6808, -1.5544|0
43|-0.5370, 0.4156, 0.4549, -1.1385, -0.8429, -0.3767, 0.6978, -1.5597|0
44|-0.5259, 0.4277, 0.4332, -1.1292, -0.8349, -0.3847, 0.7081, -1.5619|0
45|-0.5312, 0.4317, 0.4236, -1.1235, -0.8409, -0.3946, 0.7044, -1.5662|40
46|-0.5444, 0.4306, 0.4019, -1.1357, -0.8392, -0.4018, 0.7017, -1.5666|40
47|-0.5422, 0.4409, 0.3784, -1.1339, -0.8413, -0.3994, 0.7039, -1.5613|0
48|-0.5477, 0.4392, 0.3759, -1.1377, -0.8322, -0.3975, 0.7106, -1.5561|80
49|-0.5407, 0.4393, 0.3555, -1.1577, -0.8282, -0.4030, 0.7185, -1.5329|0
50|-0.5364, 0.4422, 0.3315, -1.1653, -0.8247, -0.4116, 0.7180, -1.5488|0
51|-0.5475, 0.4248, 0.2934, -1.1700, -0.8174, -0.4276, 0.7154, -1.5721|0
52|-0.5586, 0.4294, 0.2582, -1.1641, -0.8023, -0.4259, 0.7217, -1.5583|80
53|-0.5521, 0.4286, 0.2325, -1.1704, -0.8108, -0.4442, 0.7267, -1.5622|40
54|-0.5486, 0.4101, 0.2042, -1.1667, -0.8160, -0.4456, 0.7087, -1.5618|0
55|-0.5488, 0.4044, 0.1757, -1.1730, -0.8128, -0.4639, 0.7035, -1.5684|40
56|-0.5479, 0.3997, 0.1553, -1.1595, -0.8053, -0.4882, 0.6920, -1.5573|0
57|-0.5581, 0.3857, 0.1320, -1.1700, -0.8078, -0.5066, 0.6998, -1.5597|80
58|-0.5675, 0.3990, 0.1074, -1.1706, -0.8113, -0.5296, 0.6993, -1.5559|80
59|-0.5470, 0.4000, 0.0715, -1.1885, -0.8208, -0.5088, 0.7117, -1.5473|0
60|-0.5348, 0.3887, 0.0353, -1.1959, -0.8275, -0.5305, 0.7139, -1.5599|80
61|-0.5476, 0.3716, -0.0080, -1.1904, -0.8339, -0.5265, 0.7158, -1.5678|40
62|-0.5382, 0.3567, -0.0209, -1.1800, -0.8370, -0.5450, 0.7154, -1.5574|40
63|-0.5354, 0.3480, -0.0457, -1.1836, -0.8432, -0.5367, 0.7083, -1.5599|80
