0|-0.1253, 0.3027, -0.1347, -1.0294, -1.2010, -0.8004, -1.4253, 0.5007|80
1|-0.1275, 0.2937, -0.1447, -1.0253, -1.1986, -0.7938, -1.4221, 0.5032|0
2|-0.1241, 0.2924, -0.1568, -1.0252, -1.1999, -0.7905, -1.4223, 0.4980|0
3|-0.1215, 0.2905, -0.1760, -1.0265, -1.2024, -0.7994, -1.4127, 0.5076|120
4|-0.1232, 0.2845, -0.1917, -1.0267, -1.2063, -0.7882, -1.4061, 0.5048|0
5|-0.1112, 0.2823, -0.2082, -1.0312, -1.2028, -0.7878, -1.4078, 0.5021|120
6|-0.1061, 0.2750, -0.2157, -1.0329, -1.2049, -0.7937, -1.4154, 0.5033|280
7|-0.1032, 0.2652, -0.2227, -1.0345, -1.2010, -0.8008, -1.4216, 0.5009|120
8|-0.1000, 0.2627, -0.2350, -1.0324, -1.2040, -0.8016, -1.4199, 0.5064|160
9|-0.1004, 0.2594, -0.2413, -1.0196, -1.2014, -0.7995, -1.4185, 0.5022|240
10|-0.0977, 0.2596, -0.2483, -1.0221, -1.1977, -0.7994, -1.4208, 0.4991|120
11|-0.0940, 0.2497, -0.2505, -1.0220, -1.1978, -0.7980, -1.4259, 0.4991|200
12|-0.0934, 0.2523, -0.2583, -1.0229, -1.2024, -0.8071, -1.4238, 0.4983|40
13|-0.0960, 0.2507, -0.2596, -1.0251, -1.2116, -0.8025, -1.4240, 0.4933|200
14|-0.0925, 0.2504, -0.2625, -1.0139, -1.2107, -0.8075, -1.4300, 0.4890|40
15|-0.0942, 0.2431, -0.2740, -1.0190, -1.2080, -0.8149, -1.4311, 0.4923|280
16|-0.0965, 0.2473, -0.2891, -1.0140, -1.2006, -0.8202, -1.4257, 0.4957|160
17|-0.0906, 0.2511, -0.2992, -1.0145, -1.1981, -0.8251, -1.4255, 0.4839|400
18|-0.0856, 0.2452, -0.3015, -1.0107, -1.1892, -0.8190, -1.4237, 0.4859|240
19|-0.0869, 0.2390, -0.3014, -1.0067, -1.1814, -0.8252, -1.4344, 0.4930|120
20|-0.0904, 0.2288, -0.3111, -1.0072, -1.1789, -0.8267, -1.4385, 0.4931|120
21|-0.0879, 0.2260, -0.3194, -1.0161, -1.1769, -0.8250, -1.4487, 0.4944|240
22|-0.0951, 0.2228, -0.3246, -1.0164, -1.1756, -0.8200, -1.4519, 0.5000|80
23|-0.1026, 0.2169, -0.3359, -1.0114, -1.1760, -0.8159, -1.4569, 0.5104|280
24|-0.0994, 0.2168, -0.3371, -1.0122, -1.1699, -0.8163, -1.4586, 0.5098|200
25|-0.1044, 0.2065, -0.3485, -1.0248, -1.1732, -0.8195, -1.4548, 0.5136|320
26|-0.1033, 0.1994, -0.3508, -1.0226, -1.1756, -0.8197, -1.4489, 0.5113|480
27|-0.1005, 0.1984, -0.3613, -1.0152, -1.1777, -0.8200, -1.4435, 0.5184|240
28|-0.0996, 0.1913, -0.3675, -1.0264, -1.1799, -0.8113, -1.4447, 0.5190|440
29|-0.0909, 0.1936, -0.3762, -1.0190, -1.1792, -0.8146, -1.4459, 0.5189|280
30|-0.0950, 0.1947, -0.3821, -1.0230, -1.1832, -0.8112, -1.4411, 0.5160|260
31|-0.0944, 0.1871, -0.3896, -1.0224, -1.1872, -0.8183, -1.4343, 0.5234|240
