0|0.3111, 0.3101, 0.0129, -1.4900, 0.9214, -1.1737, 0.2233, 0.7144|40
1|0.3082, 0.3059, 0.0024, -1.4953, 0.9264, -1.1642, 0.2229, 0.7125|160
2|0.3111, 0.3028, -0.0214, -1.4955, 0.9314, -1.1674, 0.2268, 0.7230|160
3|0.3214, 0.2923, -0.0471, -1.4931, 0.9366, -1.1573, 0.2219, 0.7232|0
4|0.3232, 0.2804, -0.0572, -1.4988, 0.9251, -1.1460, 0.2233, 0.7203|160
5|0.3184, 0.2709, -0.0778, -1.4861, 0.9215, -1.1425, 0.2284, 0.7304|40
6|0.3240, 0.2608, -0.0831, -1.4943, 0.9044, -1.1382, 0.2196, 0.7366|200
7|0.3201, 0.2549, -0.1008, -1.4926, 0.8958, -1.1344, 0.2221, 0.7381|80
8|0.3257, 0.2427, -0.1237, -1.4990, 0.9005, -1.1293, 0.2274, 0.7478|200
9|0.3258, 0.2442, -0.1577, -1.5035, 0.8915, -1.1337, 0.2229, 0.7626|40
10|0.3339, 0.2297, -0.1578, -1.5066, 0.8889, -1.1237, 0.2177, 0.7572|80
11|0.3341, 0.2245, -0.1732, -1.5131, 0.8931, -1.1303, 0.2162, 0.7540|120
12|0.3444, 0.2106, -0.1916, -1.5044, 0.8986, -1.1288, 0.2250, 0.7556|200
13|0.3397, 0.2081, -0.1937, -1.4922, 0.8916, -1.1180, 0.2240, 0.7632|160
14|0.3451, 0.1868, -0.2093, -1.4974, 0.8960, -1.1089, 0.2075, 0.7686|240
15|0.3455, 0.1776, -0.2251, -1.4923, 0.9008, -1.1111, 0.2115, 0.7651|280
16|0.3415, 0.1753, -0.2451, -1.4767, 0.8929, -1.1204, 0.2028, 0.7526|280
17|0.3497, 0.1698, -0.2553, -1.4810, 0.8981, -1.1021, 0.1997, 0.7596|320
18|0.3586, 0.1640, -0.2748, -1.4813, 0.9002, -1.0998, 0.2118, 0.7666|200
19|0.3673, 0.1572, -0.2825, -1.4767, 0.8808, -1.0972, 0.2093, 0.7703|80
20|0.3732, 0.1387, -0.2926, -1.4751, 0.8783, -1.0942, 0.2194, 0.7715|200
21|0.3711, 0.1269, -0.3012, -1.4768, 0.8731, -1.0934, 0.2257, 0.7697|160
22|0.3706, 0.1266, -0.3153, -1.4908, 0.8587, -1.0976, 0.2258, 0.7690|160
23|0.3566, 0.1233, -0.3239, -1.4898, 0.8564, -1.0936, 0.2257, 0.7840|240
24|0.3664, 0.1199, -0.3229, -1.4863, 0.8596, -1.0903, 0.2174, 0.7844|240
25|0.3724, 0.1202, -0.3479, -1.4765, 0.8443, -1.0957, 0.2190, 0.7806|240
26|0.3759, 0.1076, -0.3625, -1.4653, 0.8515, -1.0945, 0.2272, 0.7826|400
27|0.3791, 0.1119, -0.3739, -1.4555, 0.8509, -1.0909, 0.2293, 0.7837|320
28|0.3833, 0.1015, -0.3775, -1.4691, 0.8321, -1.0909, 0.2237, 0.7768|520
29|0.3777, 0.0973, -0.3837, -1.4661, 0.8221, -1.0853, 0.2242, 0.7698|320
30|0.3734, 0.0861, -0.3981, -1.4717, 0.8197, -1.0769, 0.2184, 0.7683|400
31|0.3733, 0.0803, -0.4024, -1.4805, 0.8165, -1.0725, 0.2103, 0.7716|160
