0|-1.3743, -1.1550, -0.3270, -0.4564, 0.6088, -0.1717, -0.1328, 1.4435|0
1|-1.3768, -1.1480, -0.3237, -0.4662, 0.6021, -0.1772, -0.1424, 1.4417|0
2|-1.3829, -1.1450, -0.3251, -0.4776, 0.5976, -0.1877, -0.1419, 1.4394|0
3|-1.3838, -1.1355, -0.3235, -0.4945, 0.5914, -0.1909, -0.1442, 1.4382|0
4|-1.3807, -1.1289, -0.3204, -0.5066, 0.5793, -0.1905, -0.1393, 1.4313|0
5|-1.3778, -1.1300, -0.3185, -0.5184, 0.5668, -0.2001, -0.1368, 1.4219|0
6|-1.3740, -1.1281, -0.3192, -0.5282, 0.5637, -0.2064, -0.1412, 1.4136|0
7|-1.3725, -1.1221, -0.3186, -0.5523, 0.5544, -0.2110, -0.1399, 1.4080|0
8|-1.3696, -1.1255, -0.3293, -0.5630, 0.5460, -0.2054, -0.1390, 1.4087|0
9|-1.3567, -1.1256, -0.3295, -0.5832, 0.5348, -0.2092, -0.1398, 1.4017|0
10|-1.3549, -1.1235, -0.3240, -0.5857, 0.5284, -0.2174, -0.1307, 1.3892|0
11|-1.3589, -1.1241, -0.3222, -0.6098, 0.5192, -0.2277, -0.1298, 1.3871|0
12|-1.3564, -1.1194, -0.3171, -0.6244, 0.5099, -0.2320, -0.1414, 1.3757|0
13|-1.3538, -1.1183, -0.3195, -0.6416, 0.4990, -0.2360, -0.1428, 1.3697|40
14|-1.3476, -1.1165, -0.3171, -0.6556, 0.4854, -0.2450, -0.1403, 1.3789|0
15|-1.3476, -1.1172, -0.3145, -0.6738, 0.4671, -0.2451, -0.1558, 1.3818|0
16|-1.3478, -1.1253, -0.3066, -0.6871, 0.4652, -0.2510, -0.1559, 1.3853|0
17|-1.3524, -1.1260, -0.3126, -0.7050, 0.4617, -0.2602, -0.1603, 1.3834|0
18|-1.3447, -1.1239, -0.3160, -0.7241, 0.4533, -0.2617, -0.1689, 1.3815|0
19|-1.3454, -1.1291, -0.3151, -0.7340, 0.4367, -0.2661, -0.1554, 1.3729|40
20|-1.3430, -1.1296, -0.3139, -0.7586, 0.4224, -0.2703, -0.1443, 1.3751|80
21|-1.3408, -1.1329, -0.3158, -0.7709, 0.4063, -0.2726, -0.1485, 1.3738|40
22|-1.3365, -1.1352, -0.3126, -0.7803, 0.3942, -0.2882, -0.1442, 1.3670|380
23|-1.3340, -1.1366, -0.3188, -0.8029, 0.3859, -0.2950, -0.1399, 1.3623|40
24|-1.3196, -1.1344, -0.3202, -0.8156, 0.3801, -0.3033, -0.1373, 1.3577|80
25|-1.3128, -1.1381, -0.3256, -0.8292, 0.3772, -0.3063, -0.1399, 1.3548|40
26|-1.3104, -1.1406, -0.3268, -0.8270, 0.3636, -0.3104, -0.1376, 1.3490|40
27|-1.2999, -1.1401, -0.3188, -0.8463, 0.3544, -0.3131, -0.1318, 1.3441|40
28|-1.2929, -1.1375, -0.3198, -0.8549, 0.3432, -0.3167, -0.1244, 1.3404|40
29|-1.2866, -1.1351, -0.3226, -0.8624, 0.3419, -0.3236, -0.1285, 1.3447|80
30|-1.2760, -1.1393, -0.3234, -0.8657, 0.3255, -0.3296, -0.1314, 1.3475|220
31|-1.2735, -1.1409, -0.3288, -0.8851, 0.3181, -0.3398, -0.1308, 1.3377|420
32|-1.2606, -1.1414, -0.3296, -0.8985, 0.3097, -0.3497, -0.1318, 1.3369|40
33|-1.2559, -1.1390, -0.3339, -0.9051, 0.3065, -0.3530, -0.1209, 1.3425|80
34|-1.2444, -1.1422, -0.3461, -0.9264, 0.3013, -0.3614, -0.1212, 1.3308|240
35|-1.2367, -1.1485, -0.3491, -0.9316, 0.2990, -0.3755, -0.1167, 1.3277|140
36|-1.2355, -1.1533, -0.3544, -0.9502, 0.2911, -0.3821, -0.1173, 1.3191|240
37|-1.2346, -1.1573, -0.3626, -0.9639, 0.2744, -0.3815, -0.1169, 1.3227|200
38|-1.2265, -1.1578, -0.3660, -0.9763, 0.2568, -0.3819, -0.1257, 1.3216|80
39|-1.2236, -1.1448, -0.3634, -0.9874, 0.2528, -0.3924, -0.1199, 1.3207|200
40|-1.2213, -1.1352, -0.3659, -1.0051, 0.2497, -0.3889, -0.1229, 1.3187|120
41|-1.2114, -1.1467, -0.3613, -1.0131, 0.2398, -0.3905, -0.1237, 1.3185|200
42|-1.2039, -1.1552, -0.3652, -1.0144, 0.2302, -0.3966, -0.1210, 1.3149|80
43|-1.1987, -1.1605, -0.3592, -1.0214, 0.2224, -0.3987, -0.1205, 1.3114|120
44|-1.1947, -1.1636, -0.3626, -1.0261, 0.2095, -0.4018, -0.1177, 1.2955|380
45|-1.1933, -1.1671, -0.3699, -1.0359, 0.2036, -0.4000, -0.1129, 1.2857|480
46|-1.1877, -1.1782, -0.3797, -1.0512, 0.1989, -0.4074, -0.1072, 1.2853|500
47|-1.1807, -1.1804, -0.3784, -1.0617, 0.1885, -0.4097, -0.1076, 1.2827|1380
48|-1.1711, -1.1829, -0.3781, -1.0667, 0.1875, -0.4184, -0.1104, 1.2747|240
49|-1.1674, -1.1943, -0.3852, -1.0742, 0.1878, -0.4172, -0.1086, 1.2620|380
50|-1.1579, -1.1944, -0.3830, -1.0846, 0.1786, -0.4237, -0.1141, 1.2520|300
51|-1.1580, -1.2066, -0.3869, -1.0947, 0.1669, -0.4283, -0.1162, 1.2447|160
52|-1.1470, -1.2133, -0.3953, -1.0953, 0.1623, -0.4320, -0.1136, 1.2341|440
53|-1.1482, -1.2206, -0.3982, -1.0971, 0.1580, -0.4421, -0.1231, 1.2324|80
54|-1.1390, -1.2281, -0.4027, -1.0985, 0.1549, -0.4384, -0.1303, 1.2304|340
55|-1.1273, -1.2371, -0.4079, -1.0999, 0.1552, -0.4445, -0.1297, 1.2288|800
56|-1.1190, -1.2417, -0.4119, -1.0908, 0.1524, -0.4463, -0.1221, 1.2271|840
57|-1.1082, -1.2438, -0.4216, -1.0947, 0.1492, -0.4417, -0.1271, 1.2220|720
58|-1.0964, -1.2489, -0.4292, -1.0851, 0.1369, -0.4407, -0.1224, 1.2189|780
59|-1.0843, -1.2484, -0.4359, -1.0802, 0.1309, -0.4502, -0.1155, 1.2248|460
60|-1.0704, -1.2502, -0.4539, -1.0852, 0.1205, -0.4551, -0.1150, 1.2276|300
61|-1.0641, -1.2538, -0.4577, -1.0856, 0.1179, -0.4576, -0.1155, 1.2289|680
62|-1.0521, -1.2572, -0.4551, -1.0914, 0.1076, -0.4658, -0.1174, 1.2336|420
63|-1.0467, -1.2678, -0.4591, -1.0969, 0.0930, -0.4672, -0.1202, 1.2428|500
64|-1.0447, -1.2705, -0.4633, -1.1049, 0.0830, -0.4661, -0.1148, 1.2333|840
65|-1.0342, -1.2737, -0.4679, -1.0939, 0.0890, -0.4699, -0.1166, 1.2374|1480
66|-1.0301, -1.2828, -0.4713, -1.0971, 0.0804, -0.4729, -0.1049, 1.2272|300
67|-1.0134, -1.2820, -0.4725, -1.0938, 0.0736, -0.4803, -0.1007, 1.2301|2260
68|-1.0096, -1.2819, -0.4763, -1.0873, 0.0647, -0.4853, -0.1048, 1.2279|500
69|-1.0097, -1.2830, -0.4908, -1.0887, 0.0573, -0.4903, -0.1075, 1.2371|540
70|-0.9975, -1.2810, -0.4911, -1.0945, 0.0469, -0.4948, -0.1134, 1.2269|440
71|-0.9987, -1.2866, -0.4972, -1.0913, 0.0321, -0.4984, -0.1090, 1.2244|640
72|-0.9872, -1.2943, -0.5117, -1.0965, 0.0344, -0.4989, -0.1120, 1.2245|640
73|-0.9975, -1.3061, -0.5156, -1.0991, 0.0285, -0.5052, -0.1055, 1.2310|120
74|-0.9906, -1.3121, -0.5155, -1.1025, 0.0153, -0.5075, -0.1026, 1.2318|1840
75|-0.9887, -1.3114, -0.5211, -1.1059, 0.0171, -0.5104, -0.0972, 1.2351|340
76|-0.9843, -1.3220, -0.5191, -1.1008, 0.0145, -0.5115, -0.0915, 1.2313|540
77|-0.9655, -1.3339, -0.5264, -1.1026, 0.0128, -0.5181, -0.0904, 1.2329|1060
78|-0.9591, -1.3377, -0.5252, -1.1026, 0.0130, -0.5180, -0.0911, 1.2278|820
79|-0.9434, -1.3426, -0.5338, -1.1035, 0.0127, -0.5183, -0.0966, 1.2361|520
80|-0.9361, -1.3510, -0.5341, -1.1019, 0.0164, -0.5301, -0.0906, 1.2433|820
81|-0.9313, -1.3603, -0.5342, -1.1033, 0.0097, -0.5348, -0.0754, 1.2397|1060
82|-0.9284, -1.3606, -0.5429, -1.1022, 0.0126, -0.5328, -0.0771, 1.2361|500
83|-0.9238, -1.3749, -0.5465, -1.0992, 0.0158, -0.5386, -0.0789, 1.2326|120
84|-0.9261, -1.3787, -0.5424, -1.1014, 0.0136, -0.5472, -0.0736, 1.2356|380
85|-0.9180, -1.3910, -0.5512, -1.1015, 0.0185, -0.5515, -0.0710, 1.2352|160
86|-0.9027, -1.3953, -0.5604, -1.1062, 0.0166, -0.5494, -0.0700, 1.2357|760
87|-0.9014, -1.3993, -0.5610, -1.1055, 0.0138, -0.5579, -0.0616, 1.2407|280
88|-0.9000, -1.4058, -0.5633, -1.1088, 0.0120, -0.5500, -0.0559, 1.2414|600
89|-0.8926, -1.4153, -0.5633, -1.1115, 0.0023, -0.5530, -0.0572, 1.2457|660
90|-0.8939, -1.4196, -0.5709, -1.1061, 0.0040, -0.5460, -0.0571, 1.2490|1220
91|-0.8797, -1.4264, -0.5788, -1.1114, -0.0022, -0.5462, -0.0591, 1.2504|1280
92|-0.8662, -1.4235, -0.5767, -1.1067, -0.0060, -0.5448, -0.0617, 1.2512|360
93|-0.8670, -1.4294, -0.5805, -1.1039, -0.0004, -0.5462, -0.0621, 1.2532|240
94|-0.8647, -1.4347, -0.5792, -1.1028, -0.0048, -0.5523, -0.0575, 1.2516|1120
95|-0.8552, -1.4383, -0.5832, -1.1018, -0.0096, -0.5469, -0.0656, 1.2461|340
96|-0.8429, -1.4496, -0.5814, -1.0965, -0.0156, -0.5457, -0.0698, 1.2396|560
97|-0.8403, -1.4475, -0.5820, -1.0909, -0.0120, -0.5369, -0.0644, 1.2444|1800
98|-0.8385, -1.4584, -0.5815, -1.0862, -0.0172, -0.5413, -0.0645, 1.2399|640
99|-0.8329, -1.4525, -0.5787, -1.0878, -0.0080, -0.5456, -0.0694, 1.2385|560
