0|-0.7262, -0.7110, 0.5681, -0.1211, 0.2988, -0.9683, 0.7052, -1.3844|0
1|-0.7084, -0.7119, 0.5145, -0.1565, 0.3023, -0.9708, 0.7002, -1.4365|0
2|-0.6932, -0.7435, 0.4626, -0.1750, 0.3077, -0.9915, 0.7077, -1.4487|0
3|-0.6668, -0.7469, 0.4509, -0.2107, 0.3029, -0.9973, 0.7053, -1.4474|40
4|-0.6444, -0.7464, 0.4151, -0.1918, 0.2965, -0.9952, 0.7270, -1.4489|160
5|-0.6083, -0.7875, 0.3609, -0.2080, 0.2868, -1.0044, 0.7095, -1.4132|0
6|-0.5958, -0.8148, 0.2927, -0.2583, 0.3037, -1.0205, 0.6906, -1.3802|0
7|-0.5952, -0.8565, 0.2164, -0.2559, 0.2880, -1.0200, 0.6824, -1.3961|80
8|-0.5986, -0.8640, 0.1547, -0.2741, 0.2739, -1.0257, 0.6835, -1.3989|240
9|-0.5625, -0.8975, 0.0974, -0.2952, 0.2815, -1.0397, 0.6527, -1.4153|80
10|-0.5644, -0.9184, 0.0425, -0.3111, 0.2615, -1.0460, 0.6263, -1.4090|100
11|-0.5450, -0.9335, -0.0215, -0.3299, 0.2265, -1.0345, 0.6055, -1.3976|400
12|-0.5541, -0.9391, -0.0657, -0.3247, 0.2273, -1.0277, 0.5936, -1.3975|400
13|-0.5346, -0.9470, -0.0904, -0.3099, 0.2522, -1.0329, 0.5907, -1.3938|500
14|-0.5051, -0.9600, -0.1159, -0.3108, 0.2949, -1.0332, 0.6137, -1.3656|420
15|-0.4837, -0.9822, -0.1896, -0.3254, 0.2679, -1.0192, 0.5904, -1.3656|120
16|-0.4822, -0.9884, -0.2160, -0.3027, 0.2518, -1.0396, 0.6090, -1.3365|860
17|-0.4701, -1.0014, -0.2515, -0.3041, 0.2254, -1.0187, 0.6015, -1.3163|500
18|-0.4511, -1.0152, -0.3030, -0.2930, 0.2084, -1.0227, 0.5886, -1.3156|400
19|-0.4360, -1.0124, -0.3154, -0.2849, 0.2179, -1.0321, 0.5981, -1.3071|260
20|-0.4284, -1.0247, -0.3309, -0.3164, 0.2212, -1.0250, 0.5672, -1.3245|640
21|-0.4346, -1.0401, -0.3577, -0.2809, 0.2001, -1.0446, 0.5520, -1.3184|480
22|-0.4194, -1.0488, -0.3954, -0.2990, 0.2106, -1.0300, 0.5309, -1.3146|460
23|-0.4043, -1.0455, -0.4284, -0.3312, 0.2171, -1.0116, 0.5077, -1.3105|880
24|-0.4189, -1.0297, -0.4750, -0.3300, 0.2020, -1.0028, 0.5102, -1.2737|120
25|-0.3970, -1.0272, -0.4596, -0.3203, 0.1641, -0.9826, 0.5153, -1.2782|480
26|-0.3735, -1.0423, -0.4815, -0.3141, 0.1528, -0.9830, 0.5011, -1.2542|660
27|-0.3528, -1.0687, -0.4887, -0.3007, 0.1415, -0.9742, 0.4855, -1.2455|1120
28|-0.3431, -1.0700, -0.5076, -0.2959, 0.1365, -1.0023, 0.4771, -1.2319|640
29|-0.3362, -1.1107, -0.4683, -0.2899, 0.1313, -0.9963, 0.4906, -1.2280|1640
30|-0.3062, -1.1369, -0.4935, -0.3032, 0.1371, -0.9934, 0.5140, -1.2405|120
31|-0.3117, -1.1411, -0.4908, -0.3098, 0.1197, -0.9964, 0.4920, -1.2328|200
32|-0.3050, -1.1671, -0.5090, -0.2985, 0.1349, -0.9827, 0.4907, -1.2265|600
33|-0.2782, -1.1620, -0.4954, -0.2992, 0.1198, -0.9517, 0.4794, -1.2125|860
34|-0.2919, -1.1723, -0.4939, -0.2996, 0.0924, -0.9281, 0.4972, -1.1990|760
35|-0.2849, -1.1734, -0.5015, -0.2906, 0.0796, -0.9287, 0.4747, -1.1838|500
36|-0.2613, -1.1790, -0.4935, -0.3145, 0.0582, -0.8874, 0.4658, -1.2008|580
37|-0.2466, -1.1867, -0.5024, -0.3187, 0.0654, -0.8800, 0.4612, -1.1893|1040
38|-0.2467, -1.1799, -0.5159, -0.3120, 0.0563, -0.8709, 0.4613, -1.1993|660
39|-0.2104, -1.2075, -0.5277, -0.3392, 0.0823, -0.8731, 0.4887, -1.2062|960
40|-0.2003, -1.2382, -0.5522, -0.3437, 0.0889, -0.8697, 0.4851, -1.2110|1380
41|-0.2008, -1.2412, -0.5900, -0.3550, 0.0562, -0.8529, 0.4948, -1.2055|400
42|-0.1803, -1.2503, -0.5939, -0.3549, 0.0523, -0.8507, 0.4859, -1.1755|2080
43|-0.1618, -1.2793, -0.6066, -0.3646, 0.0307, -0.8470, 0.4874, -1.1912|1560
44|-0.1576, -1.2880, -0.6196, -0.3659, 0.0339, -0.8622, 0.4602, -1.1996|1260
45|-0.1694, -1.2986, -0.6111, -0.3989, 0.0209, -0.8697, 0.4404, -1.1787|520
46|-0.1734, -1.3081, -0.6176, -0.3851, 0.0405, -0.8950, 0.4174, -1.1730|1680
47|-0.2001, -1.3244, -0.6319, -0.3785, 0.0518, -0.8828, 0.4039, -1.1930|460
48|-0.2022, -1.3714, -0.6291, -0.3826, 0.0566, -0.9113, 0.3858, -1.1893|800
49|-0.1767, -1.3821, -0.6165, -0.3887, 0.0301, -0.9085, 0.4015, -1.1787|920
50|-0.1639, -1.4149, -0.6135, -0.3721, 0.0313, -0.9065, 0.4042, -1.1660|1060
51|-0.1835, -1.4282, -0.6075, -0.3709, 0.0170, -0.9347, 0.3954, -1.1438|1520
52|-0.1725, -1.4532, -0.6229, -0.3897, 0.0040, -0.9329, 0.3816, -1.1623|1680
53|-0.1981, -1.4787, -0.6222, -0.3841, 0.0050, -0.9028, 0.3600, -1.1268|680
54|-0.2115, -1.4688, -0.6074, -0.3756, 0.0059, -0.8998, 0.3468, -1.1297|3120
55|-0.2056, -1.4942, -0.6396, -0.3764, 0.0270, -0.9094, 0.3383, -1.1289|1400
56|-0.2102, -1.5089, -0.6170, -0.3836, 0.0430, -0.9205, 0.3302, -1.1213|1760
57|-0.2056, -1.5162, -0.5946, -0.3806, 0.0415, -0.9094, 0.3458, -1.1267|740
58|-0.1731, -1.5157, -0.5843, -0.3792, 0.0501, -0.9117, 0.3122, -1.1188|1940
59|-0.1543, -1.5420, -0.5950, -0.3809, 0.0526, -0.9092, 0.3238, -1.1347|2620
60|-0.1429, -1.5525, -0.5841, -0.3846, 0.0408, -0.8660, 0.3027, -1.0993|560
61|-0.1251, -1.5638, -0.5925, -0.3635, 0.0174, -0.8549, 0.2969, -1.0757|920
62|-0.1144, -1.5897, -0.6178, -0.3735, 0.0135, -0.8525, 0.2887, -1.0708|2560
63|-0.1159, -1.6088, -0.6236, -0.3665, 0.0169, -0.8415, 0.2700, -1.0636|580
64|-0.0732, -1.6144, -0.6423, -0.3475, 0.0229, -0.8227, 0.2552, -1.0342|2660
65|-0.0615, -1.6288, -0.6419, -0.3800, 0.0199, -0.8286, 0.2506, -1.0145|1240
66|-0.0468, -1.6488, -0.6261, -0.3625, 0.0176, -0.8261, 0.2582, -0.9896|560
67|-0.0377, -1.6620, -0.6203, -0.3719, 0.0215, -0.8447, 0.2559, -0.9856|960
68|-0.0172, -1.6713, -0.6351, -0.3675, 0.0207, -0.8236, 0.2584, -0.9662|1040
69|-0.0324, -1.6746, -0.6454, -0.3658, 0.0178, -0.8429, 0.2350, -0.9267|1020
70|-0.0046, -1.7102, -0.6442, -0.3761, 0.0132, -0.8603, 0.2382, -0.8974|4740
71|-0.0213, -1.7316, -0.6202, -0.3698, 0.0266, -0.8376, 0.2100, -0.8783|2640
72|0.0256, -1.7623, -0.6114, -0.3821, 0.0220, -0.8238, 0.2137, -0.8735|4000
73|0.0240, -1.7609, -0.6101, -0.4163, -0.0050, -0.8120, 0.2227, -0.8534|740
74|0.0232, -1.7674, -0.6054, -0.4042, 0.0032, -0.7947, 0.2036, -0.8738|260
75|0.0344, -1.7536, -0.5977, -0.3864, -0.0033, -0.8221, 0.1954, -0.8713|2580
76|0.0550, -1.7826, -0.5792, -0.3838, 0.0078, -0.8133, 0.1976, -0.8623|720
77|0.0462, -1.7956, -0.5995, -0.3770, 0.0271, -0.7976, 0.2014, -0.8495|3120
78|0.0711, -1.8351, -0.5899, -0.3636, 0.0340, -0.8004, 0.2348, -0.8311|220
79|0.0936, -1.8272, -0.5967, -0.3730, -0.0039, -0.7921, 0.2073, -0.8051|1200
80|0.1157, -1.8528, -0.5783, -0.3867, -0.0288, -0.7911, 0.2161, -0.7768|4160
81|0.1290, -1.8463, -0.5590, -0.3590, -0.0331, -0.7710, 0.2016, -0.7615|620
82|0.1680, -1.8439, -0.5541, -0.3513, -0.0407, -0.7702, 0.2234, -0.7460|1780
83|0.1801, -1.8588, -0.5518, -0.3453, -0.0348, -0.7521, 0.2112, -0.7434|4800
84|0.1983, -1.8731, -0.5440, -0.3334, -0.0239, -0.7425, 0.2116, -0.7304|1520
85|0.2147, -1.8806, -0.5277, -0.3315, -0.0307, -0.7267, 0.2025, -0.7680|720
86|0.2209, -1.9048, -0.5122, -0.3383, -0.0260, -0.7065, 0.1987, -0.7457|2820
87|0.2249, -1.9161, -0.5322, -0.3406, -0.0134, -0.7282, 0.1921, -0.7371|2200
88|0.2050, -1.9339, -0.5205, -0.3416, -0.0049, -0.7175, 0.1813, -0.7318|1700
89|0.2166, -1.9276, -0.5629, -0.3479, 0.0036, -0.7000, 0.1879, -0.7261|720
90|0.2351, -1.9359, -0.5528, -0.3212, -0.0130, -0.6863, 0.1956, -0.7685|360
91|0.2487, -1.9340, -0.5677, -0.3284, -0.0154, -0.7244, 0.2062, -0.7650|2160
92|0.2411, -1.9527, -0.5510, -0.3344, -0.0172, -0.7105, 0.1985, -0.7509|3180
93|0.2441, -1.9677, -0.5502, -0.3310, -0.0225, -0.6866, 0.1906, -0.7536|4560
94|0.2435, -1.9742, -0.5508, -0.3313, -0.0526, -0.6894, 0.2013, -0.7518|560
95|0.2405, -1.9732, -0.5368, -0.3077, -0.0456, -0.7031, 0.2015, -0.7470|1440
96|0.2486, -2.0039, -0.4988, -0.3261, -0.0365, -0.7290, 0.1935, -0.7438|560
97|0.2843, -2.0007, -0.4839, -0.2855, -0.0576, -0.6912, 0.2120, -0.7301|2180
98|0.2676, -1.9980, -0.4635, -0.2977, -0.0803, -0.6705, 0.2092, -0.7116|2620
99|0.2649, -2.0248, -0.4609, -0.3002, -0.0869, -0.6417, 0.2220, -0.6996|920
