0|0.3844, 0.1083, -0.5002, -1.0871, -1.3079, -0.1142, -1.4299, 1.3285|460
1|0.3870, 0.1070, -0.5082, -1.0827, -1.3083, -0.1240, -1.4234, 1.3185|240
2|0.3931, 0.1111, -0.5136, -1.0796, -1.3137, -0.1270, -1.4227, 1.3299|280
3|0.3994, 0.1003, -0.5117, -1.0845, -1.3113, -0.1188, -1.4159, 1.3391|120
4|0.4126, 0.0850, -0.5118, -1.0951, -1.3047, -0.1243, -1.4193, 1.3312|120
5|0.4139, 0.0789, -0.5110, -1.0866, -1.3036, -0.1231, -1.4190, 1.3144|520
6|0.4239, 0.0650, -0.5159, -1.0908, -1.3025, -0.1201, -1.4159, 1.3210|280
7|0.4282, 0.0675, -0.5111, -1.0991, -1.3056, -0.1153, -1.4089, 1.3223|1160
8|0.4395, 0.0700, -0.5067, -1.0916, -1.3013, -0.1005, -1.4190, 1.3300|240
9|0.4460, 0.0780, -0.5110, -1.0928, -1.3093, -0.1035, -1.4159, 1.3316|280
10|0.4527, 0.0733, -0.5186, -1.1089, -1.3136, -0.1142, -1.4062, 1.3274|160
11|0.4566, 0.0628, -0.5247, -1.0933, -1.3064, -0.1166, -1.3842, 1.3274|360
12|0.4578, 0.0509, -0.5239, -1.0995, -1.3033, -0.1281, -1.3908, 1.3216|680
13|0.4487, 0.0481, -0.5384, -1.0997, -1.3055, -0.1301, -1.3907, 1.3073|480
14|0.4564, 0.0386, -0.5506, -1.1141, -1.2982, -0.1192, -1.3944, 1.3121|380
15|0.4447, 0.0430, -0.5592, -1.1249, -1.2991, -0.1342, -1.3983, 1.3027|200
16|0.4462, 0.0373, -0.5628, -1.1272, -1.2986, -0.1293, -1.3932, 1.2902|760
17|0.4486, 0.0333, -0.5596, -1.1284, -1.3053, -0.1199, -1.4014, 1.2831|800
18|0.4429, 0.0335, -0.5569, -1.1162, -1.3028, -0.1321, -1.3986, 1.2831|820
19|0.4447, 0.0272, -0.5619, -1.1158, -1.2985, -0.1241, -1.4048, 1.2811|320
20|0.4470, 0.0306, -0.5594, -1.1265, -1.3008, -0.1275, -1.4058, 1.2792|340
21|0.4475, 0.0209, -0.5742, -1.1232, -1.3032, -0.1345, -1.4054, 1.2776|400
22|0.4579, 0.0217, -0.5716, -1.1150, -1.3004, -0.1242, -1.4027, 1.2827|200
23|0.4688, 0.0111, -0.5624, -1.1184, -1.2969, -0.1263, -1.3951, 1.2749|440
24|0.4702, 0.0066, -0.5775, -1.1167, -1.2877, -0.1207, -1.4019, 1.2920|360
25|0.4737, 0.0056, -0.5852, -1.1134, -1.2870, -0.1192, -1.4024, 1.2881|240
26|0.4746, 0.0037, -0.5961, -1.1201, -1.2950, -0.1108, -1.3972, 1.2804|440
27|0.4707, 0.0080, -0.6026, -1.1195, -1.2977, -0.1179, -1.3916, 1.2799|580
28|0.4807, 0.0037, -0.6033, -1.1181, -1.2999, -0.1181, -1.3890, 1.2854|1660
29|0.4878, -0.0046, -0.6036, -1.1214, -1.3044, -0.1108, -1.4022, 1.2820|320
30|0.4974, -0.0107, -0.5993, -1.1071, -1.2946, -0.1268, -1.3984, 1.2765|200
31|0.5007, -0.0121, -0.6122, -1.1159, -1.2906, -0.1383, -1.3780, 1.2680|440
32|0.5083, -0.0300, -0.6203, -1.1183, -1.2832, -0.1358, -1.3618, 1.2664|700
33|0.5022, -0.0266, -0.6405, -1.1259, -1.2960, -0.1347, -1.3457, 1.2634|160
34|0.5068, -0.0330, -0.6458, -1.1252, -1.2990, -0.1445, -1.3364, 1.2712|240
35|0.5163, -0.0364, -0.6535, -1.1255, -1.3096, -0.1644, -1.3391, 1.2775|520
36|0.5130, -0.0528, -0.6569, -1.1277, -1.3108, -0.1709, -1.3377, 1.2877|160
37|0.5160, -0.0581, -0.6619, -1.1253, -1.3168, -0.1860, -1.3413, 1.2826|520
38|0.5069, -0.0569, -0.6668, -1.1329, -1.3191, -0.1802, -1.3330, 1.2741|460
39|0.5099, -0.0613, -0.6748, -1.1262, -1.3261, -0.1695, -1.3297, 1.2778|520
40|0.5010, -0.0708, -0.6844, -1.1374, -1.3225, -0.1761, -1.3417, 1.2680|600
41|0.5024, -0.0720, -0.6867, -1.1492, -1.3219, -0.1870, -1.3405, 1.2651|320
42|0.4942, -0.0735, -0.7024, -1.1315, -1.3226, -0.1911, -1.3418, 1.2545|360
43|0.4873, -0.0826, -0.7176, -1.1288, -1.3118, -0.1928, -1.3285, 1.2589|240
44|0.4963, -0.0985, -0.7173, -1.1247, -1.3157, -0.1964, -1.3375, 1.2581|240
45|0.4960, -0.0999, -0.7179, -1.1267, -1.3314, -0.2116, -1.3560, 1.2535|120
46|0.4867, -0.1035, -0.7200, -1.1277, -1.3268, -0.2049, -1.3482, 1.2525|680
47|0.4985, -0.1068, -0.7194, -1.1362, -1.3135, -0.1996, -1.3385, 1.2544|760
48|0.4972, -0.1051, -0.7188, -1.1324, -1.3098, -0.2046, -1.3521, 1.2598|380
49|0.4998, -0.1071, -0.7281, -1.1420, -1.3083, -0.2191, -1.3497, 1.2464|500
50|0.5064, -0.1159, -0.7339, -1.1560, -1.3046, -0.2282, -1.3437, 1.2475|360
51|0.5062, -0.1252, -0.7414, -1.1494, -1.3158, -0.2381, -1.3397, 1.2447|660
52|0.5139, -0.1225, -0.7422, -1.1414, -1.3093, -0.2385, -1.3370, 1.2429|120
53|0.5167, -0.1286, -0.7464, -1.1327, -1.3111, -0.2339, -1.3355, 1.2570|200
54|0.5144, -0.1375, -0.7447, -1.1233, -1.2969, -0.2454, -1.3249, 1.2660|320
55|0.5206, -0.1384, -0.7527, -1.1265, -1.3033, -0.2308, -1.3275, 1.2728|280
56|0.5196, -0.1504, -0.7483, -1.1203, -1.3025, -0.2296, -1.3331, 1.2727|160
57|0.5136, -0.1694, -0.7630, -1.1142, -1.2937, -0.2299, -1.3256, 1.2702|1260
58|0.5135, -0.1781, -0.7731, -1.1188, -1.2982, -0.2358, -1.3185, 1.2699|840
59|0.5092, -0.1733, -0.7767, -1.1193, -1.2940, -0.2330, -1.3135, 1.2691|340
60|0.5174, -0.1856, -0.7779, -1.1058, -1.2915, -0.2306, -1.2966, 1.2511|560
61|0.5229, -0.1781, -0.7838, -1.1214, -1.2922, -0.2327, -1.2939, 1.2619|320
62|0.5127, -0.1749, -0.7946, -1.1290, -1.2898, -0.2372, -1.2943, 1.2684|800
63|0.5149, -0.1890, -0.7988, -1.1370, -1.2919, -0.2383, -1.2861, 1.2613|160
64|0.5211, -0.1959, -0.8060, -1.1382, -1.2920, -0.2403, -1.2785, 1.2677|720
65|0.5281, -0.1918, -0.8235, -1.1304, -1.3039, -0.2437, -1.2900, 1.2819|1180
66|0.5126, -0.2040, -0.8316, -1.1369, -1.2966, -0.2386, -1.2793, 1.2739|540
67|0.5194, -0.2015, -0.8381, -1.1294, -1.2999, -0.2448, -1.2665, 1.2698|540
68|0.5220, -0.2115, -0.8307, -1.1386, -1.3023, -0.2464, -1.2759, 1.2714|480
69|0.5214, -0.2153, -0.8213, -1.1549, -1.3053, -0.2464, -1.2692, 1.2760|360
70|0.5224, -0.2146, -0.8264, -1.1548, -1.3214, -0.2527, -1.2721, 1.2790|800
71|0.5348, -0.2162, -0.8149, -1.1502, -1.3276, -0.2511, -1.2585, 1.2716|460
72|0.5441, -0.2264, -0.8028, -1.1403, -1.3327, -0.2473, -1.2552, 1.2854|760
73|0.5506, -0.2155, -0.8029, -1.1421, -1.3273, -0.2597, -1.2546, 1.2801|600
74|0.5495, -0.2154, -0.7976, -1.1435, -1.3292, -0.2629, -1.2615, 1.2825|460
75|0.5547, -0.2219, -0.7948, -1.1392, -1.3414, -0.2609, -1.2656, 1.2842|120
76|0.5552, -0.2195, -0.7978, -1.1400, -1.3278, -0.2642, -1.2674, 1.2889|480
77|0.5610, -0.2202, -0.8010, -1.1416, -1.3295, -0.2552, -1.2527, 1.2761|460
78|0.5617, -0.2255, -0.8081, -1.1461, -1.3283, -0.2528, -1.2611, 1.2762|400
79|0.5819, -0.2252, -0.8137, -1.1466, -1.3212, -0.2489, -1.2668, 1.2814|440
80|0.5928, -0.2292, -0.8118, -1.1428, -1.3196, -0.2539, -1.2591, 1.2775|580
81|0.6052, -0.2305, -0.8118, -1.1372, -1.3042, -0.2607, -1.2672, 1.2706|680
82|0.6086, -0.2329, -0.8139, -1.1326, -1.2989, -0.2662, -1.2628, 1.2743|260
83|0.6081, -0.2387, -0.8167, -1.1378, -1.3013, -0.2676, -1.2588, 1.2707|1280
84|0.6120, -0.2463, -0.8160, -1.1382, -1.2968, -0.2699, -1.2658, 1.2751|500
85|0.6203, -0.2429, -0.8196, -1.1386, -1.2906, -0.2562, -1.2608, 1.2774|400
86|0.6315, -0.2389, -0.8214, -1.1448, -1.2870, -0.2578, -1.2550, 1.2673|200
87|0.6355, -0.2437, -0.8184, -1.1461, -1.2899, -0.2592, -1.2513, 1.2599|480
88|0.6333, -0.2486, -0.8205, -1.1553, -1.2929, -0.2640, -1.2337, 1.2722|120
89|0.6457, -0.2563, -0.8273, -1.1553, -1.3027, -0.2726, -1.2474, 1.2754|660
90|0.6442, -0.2545, -0.8323, -1.1493, -1.3192, -0.2728, -1.2543, 1.2696|240
91|0.6649, -0.2595, -0.8336, -1.1490, -1.3021, -0.2705, -1.2552, 1.2555|300
92|0.6658, -0.2617, -0.8348, -1.1446, -1.2947, -0.2710, -1.2652, 1.2499|1700
93|0.6689, -0.2740, -0.8423, -1.1378, -1.3031, -0.2693, -1.2581, 1.2444|660
94|0.6629, -0.2730, -0.8560, -1.1335, -1.2928, -0.2669, -1.2523, 1.2385|760
95|0.6595, -0.2746, -0.8576, -1.1357, -1.2936, -0.2670, -1.2616, 1.2363|400
96|0.6435, -0.2817, -0.8598, -1.1349, -1.2922, -0.2762, -1.2680, 1.2528|620
97|0.6450, -0.2934, -0.8611, -1.1384, -1.2941, -0.2853, -1.2656, 1.2616|80
98|0.6538, -0.2975, -0.8713, -1.1314, -1.3011, -0.2942, -1.2683, 1.2732|480
99|0.6536, -0.3021, -0.8716, -1.1298, -1.3131, -0.2942, -1.2600, 1.2627|500
