0|-0.9544, 1.3081, -1.3803, -0.5505, -1.3702, 0.5034, 0.7392, 1.3638|40
1|-0.9471, 1.3168, -1.3875, -0.5634, -1.3810, 0.5026, 0.7323, 1.3763|0
2|-0.9416, 1.3003, -1.3672, -0.5756, -1.3949, 0.5035, 0.7230, 1.3776|0
3|-0.9328, 1.2913, -1.3621, -0.5657, -1.3888, 0.5005, 0.7148, 1.3640|0
4|-0.9293, 1.2901, -1.3546, -0.5814, -1.3983, 0.4959, 0.7050, 1.3604|220
5|-0.9340, 1.2863, -1.3315, -0.5973, -1.3866, 0.4888, 0.6894, 1.3365|0
6|-0.9123, 1.2883, -1.3237, -0.6107, -1.3904, 0.4727, 0.6912, 1.3307|40
7|-0.8883, 1.2942, -1.3422, -0.6311, -1.3758, 0.4662, 0.6967, 1.3429|80
8|-0.8752, 1.2990, -1.3495, -0.6532, -1.3744, 0.4557, 0.6881, 1.3410|40
9|-0.8761, 1.3033, -1.3569, -0.6657, -1.3790, 0.4326, 0.6922, 1.3494|40
10|-0.8596, 1.2897, -1.3656, -0.6974, -1.3606, 0.4389, 0.6848, 1.3556|40
11|-0.8528, 1.2865, -1.3690, -0.7025, -1.3587, 0.4589, 0.6905, 1.3513|0
12|-0.8404, 1.2989, -1.3784, -0.7045, -1.3620, 0.4627, 0.6882, 1.3483|80
13|-0.8317, 1.3032, -1.3800, -0.7057, -1.3574, 0.4570, 0.6953, 1.3477|120
14|-0.8255, 1.3048, -1.3838, -0.7295, -1.3422, 0.4563, 0.7034, 1.3656|40
15|-0.8397, 1.3057, -1.3887, -0.7549, -1.3398, 0.4530, 0.6918, 1.3605|120
16|-0.8571, 1.3190, -1.3944, -0.7647, -1.3339, 0.4296, 0.6738, 1.3652|120
17|-0.8486, 1.3260, -1.3929, -0.7882, -1.3458, 0.4294, 0.6542, 1.3559|80
18|-0.8493, 1.3252, -1.3903, -0.8115, -1.3543, 0.4423, 0.6598, 1.3591|160
19|-0.8422, 1.3295, -1.3795, -0.8171, -1.3512, 0.4313, 0.6612, 1.3762|160
20|-0.8418, 1.3221, -1.3898, -0.8161, -1.3508, 0.4392, 0.6830, 1.3576|80
21|-0.8423, 1.3322, -1.4029, -0.8276, -1.3548, 0.4350, 0.6826, 1.3300|480
22|-0.8285, 1.3237, -1.4046, -0.8450, -1.3504, 0.4264, 0.6866, 1.3158|40
23|-0.8466, 1.3295, -1.4142, -0.8775, -1.3394, 0.4313, 0.7011, 1.3057|140
24|-0.8311, 1.3222, -1.4142, -0.8821, -1.3319, 0.4110, 0.6768, 1.2987|40
25|-0.8434, 1.3133, -1.4237, -0.8893, -1.3288, 0.4135, 0.6857, 1.2905|100
26|-0.8303, 1.3044, -1.4111, -0.8885, -1.3329, 0.4029, 0.6932, 1.2923|200
27|-0.8270, 1.3117, -1.4267, -0.9107, -1.3159, 0.3983, 0.7033, 1.2893|840
28|-0.8198, 1.3137, -1.4203, -0.9055, -1.3063, 0.3893, 0.7154, 1.2752|0
29|-0.8142, 1.2964, -1.4377, -0.9150, -1.2954, 0.3915, 0.7223, 1.2716|40
30|-0.8226, 1.2973, -1.4200, -0.9215, -1.3004, 0.3980, 0.7136, 1.2509|440
31|-0.8037, 1.3034, -1.3911, -0.9285, -1.3058, 0.3944, 0.7157, 1.2497|120
32|-0.8179, 1.2939, -1.3936, -0.9341, -1.3043, 0.3723, 0.7122, 1.2339|160
33|-0.8070, 1.2855, -1.3931, -0.9474, -1.3067, 0.3715, 0.7089, 1.2229|40
34|-0.7910, 1.3128, -1.3916, -0.9610, -1.3090, 0.3732, 0.6928, 1.2379|40
35|-0.7887, 1.3105, -1.3996, -0.9837, -1.3300, 0.3792, 0.6866, 1.2407|40
36|-0.7870, 1.3160, -1.4085, -0.9818, -1.3166, 0.3633, 0.6864, 1.2382|80
37|-0.7797, 1.3204, -1.4169, -0.9927, -1.2946, 0.3534, 0.6783, 1.2276|0
38|-0.7750, 1.3129, -1.4106, -1.0113, -1.3074, 0.3484, 0.6724, 1.2142|0
39|-0.7511, 1.3285, -1.4164, -1.0157, -1.3046, 0.3534, 0.6523, 1.2232|0
40|-0.7446, 1.3244, -1.4111, -1.0308, -1.2946, 0.3576, 0.6510, 1.2079|180
41|-0.7307, 1.3158, -1.4052, -1.0627, -1.2898, 0.3414, 0.6451, 1.2060|80
42|-0.7376, 1.3138, -1.4148, -1.0583, -1.3003, 0.3220, 0.6265, 1.2108|40
43|-0.7553, 1.3161, -1.4293, -1.0444, -1.2943, 0.3096, 0.6243, 1.2028|80
44|-0.7645, 1.3131, -1.4265, -1.0739, -1.2935, 0.2949, 0.6179, 1.1921|0
45|-0.7600, 1.3134, -1.4333, -1.0826, -1.2775, 0.2805, 0.6017, 1.1972|40
46|-0.7636, 1.3096, -1.4437, -1.0854, -1.2706, 0.2901, 0.5914, 1.1972|0
47|-0.7593, 1.3189, -1.4395, -1.0909, -1.2649, 0.2919, 0.5861, 1.1928|140
48|-0.7607, 1.3185, -1.4364, -1.1078, -1.2458, 0.2744, 0.5886, 1.1890|140
49|-0.7355, 1.3034, -1.4392, -1.1287, -1.2337, 0.2439, 0.5931, 1.1974|220
50|-0.7156, 1.3042, -1.4482, -1.1413, -1.2291, 0.2538, 0.5711, 1.1964|40
51|-0.6887, 1.3033, -1.4613, -1.1697, -1.2266, 0.2365, 0.5732, 1.1941|40
52|-0.6891, 1.2980, -1.4712, -1.1787, -1.2352, 0.2424, 0.5707, 1.1849|460
53|-0.6800, 1.2916, -1.4771, -1.1811, -1.2483, 0.2350, 0.5769, 1.1763|380
54|-0.6664, 1.2908, -1.4664, -1.1857, -1.2700, 0.2314, 0.5761, 1.1904|80
55|-0.6469, 1.2922, -1.4655, -1.2015, -1.2425, 0.2404, 0.5671, 1.1873|620
56|-0.6333, 1.3008, -1.4660, -1.2028, -1.2161, 0.2458, 0.5550, 1.2016|140
57|-0.6291, 1.3050, -1.4461, -1.2081, -1.2496, 0.2330, 0.5450, 1.1885|160
58|-0.6041, 1.3160, -1.4466, -1.2137, -1.2458, 0.2305, 0.5423, 1.1804|960
59|-0.5845, 1.3107, -1.4535, -1.2291, -1.2398, 0.2346, 0.5427, 1.1906|80
60|-0.5759, 1.3107, -1.4528, -1.2401, -1.2441, 0.2265, 0.5385, 1.1847|160
61|-0.5891, 1.3132, -1.4590, -1.2594, -1.2412, 0.2253, 0.5451, 1.1799|160
62|-0.5927, 1.3024, -1.4631, -1.2663, -1.2356, 0.2149, 0.5291, 1.1632|600
63|-0.5922, 1.3026, -1.4488, -1.2642, -1.2355, 0.2118, 0.5336, 1.1592|0
64|-0.5912, 1.2958, -1.4503, -1.2742, -1.2490, 0.2128, 0.5421, 1.1360|220
65|-0.5851, 1.2882, -1.4614, -1.2940, -1.2471, 0.1990, 0.5385, 1.1162|160
66|-0.5872, 1.2927, -1.4693, -1.3014, -1.2405, 0.2035, 0.5591, 1.1278|580
67|-0.5963, 1.2813, -1.4588, -1.2988, -1.2269, 0.2051, 0.5498, 1.1285|40
68|-0.5920, 1.2612, -1.4599, -1.3202, -1.2159, 0.1854, 0.5296, 1.1240|340
69|-0.5891, 1.2495, -1.4585, -1.3203, -1.2152, 0.1912, 0.5241, 1.1198|40
70|-0.5821, 1.2395, -1.4682, -1.3311, -1.2240, 0.2048, 0.5191, 1.1102|120
71|-0.5874, 1.2164, -1.4812, -1.3294, -1.2332, 0.1921, 0.4959, 1.0949|120
72|-0.5893, 1.2192, -1.4862, -1.3202, -1.2463, 0.1773, 0.5040, 1.1017|40
73|-0.5797, 1.2084, -1.4837, -1.3286, -1.2442, 0.1715, 0.4908, 1.1015|200
74|-0.5630, 1.2143, -1.4875, -1.3263, -1.2283, 0.1835, 0.4920, 1.1060|220
75|-0.5460, 1.2182, -1.4803, -1.3210, -1.2115, 0.1904, 0.5023, 1.0801|360
76|-0.5507, 1.1998, -1.4829, -1.3290, -1.2197, 0.1857, 0.4891, 1.0960|140
77|-0.5403, 1.1950, -1.4986, -1.3207, -1.2131, 0.1817, 0.5020, 1.0894|360
78|-0.5276, 1.1946, -1.4973, -1.3255, -1.2026, 0.1841, 0.5045, 1.1100|80
79|-0.5221, 1.2128, -1.4918, -1.3253, -1.2217, 0.1711, 0.4890, 1.0959|1040
80|-0.5275, 1.2160, -1.4750, -1.3368, -1.2231, 0.1579, 0.4842, 1.0851|40
81|-0.5163, 1.2187, -1.4895, -1.3419, -1.2173, 0.1463, 0.4792, 1.0915|420
82|-0.5028, 1.2171, -1.5005, -1.3361, -1.2109, 0.1144, 0.4728, 1.0847|320
83|-0.5017, 1.2128, -1.5001, -1.3215, -1.2110, 0.1081, 0.4643, 1.0989|40
84|-0.5038, 1.1954, -1.5084, -1.3109, -1.2259, 0.0955, 0.4625, 1.1033|120
85|-0.5007, 1.1968, -1.5168, -1.3123, -1.2325, 0.0919, 0.4635, 1.0862|80
86|-0.5173, 1.2077, -1.5030, -1.3071, -1.2175, 0.0787, 0.4604, 1.1020|320
87|-0.4985, 1.2021, -1.4999, -1.3112, -1.2002, 0.0749, 0.4640, 1.0983|120
88|-0.4883, 1.1964, -1.4854, -1.3058, -1.2027, 0.0734, 0.4607, 1.0800|0
89|-0.4899, 1.1958, -1.4927, -1.3050, -1.1939, 0.0699, 0.4676, 1.0688|840
90|-0.4913, 1.1964, -1.4992, -1.3119, -1.1976, 0.0854, 0.4783, 1.0847|840
91|-0.4901, 1.2017, -1.4858, -1.3139, -1.2032, 0.0800, 0.4729, 1.0675|600
92|-0.4880, 1.2116, -1.4795, -1.3046, -1.2009, 0.0539, 0.4828, 1.0843|180
93|-0.4706, 1.2129, -1.4913, -1.3072, -1.2074, 0.0440, 0.4919, 1.0917|160
94|-0.4714, 1.2123, -1.4894, -1.3126, -1.2112, 0.0284, 0.4979, 1.0896|400
95|-0.4678, 1.2155, -1.4998, -1.3124, -1.2014, 0.0206, 0.4876, 1.0705|400
96|-0.4600, 1.2230, -1.5045, -1.3173, -1.1791, 0.0246, 0.4846, 1.0608|40
97|-0.4548, 1.2013, -1.5166, -1.3156, -1.1768, 0.0100, 0.4951, 1.0515|40
98|-0.4333, 1.1986, -1.5400, -1.3131, -1.1909, 0.0237, 0.5124, 1.0309|0
99|-0.4180, 1.1839, -1.5434, -1.3251, -1.1872, 0.0401, 0.5182, 1.0231|880
