0|-0.6362, 0.9271, -0.2318, -0.7030, 0.1729, 1.1605, -1.3734, 0.1473|0
1|-0.6263, 0.9330, -0.2398, -0.7110, 0.1752, 1.1582, -1.3812, 0.1545|0
2|-0.6171, 0.9362, -0.2432, -0.7098, 0.1776, 1.1481, -1.3876, 0.1411|0
3|-0.6143, 0.9450, -0.2437, -0.7128, 0.1755, 1.1428, -1.3852, 0.1402|40
4|-0.6138, 0.9404, -0.2552, -0.7135, 0.1701, 1.1414, -1.3906, 0.1426|0
5|-0.6109, 0.9460, -0.2631, -0.7244, 0.1736, 1.1411, -1.3969, 0.1472|0
6|-0.6013, 0.9486, -0.2757, -0.7270, 0.1654, 1.1257, -1.3875, 0.1404|0
7|-0.6063, 0.9443, -0.2775, -0.7368, 0.1605, 1.1276, -1.3867, 0.1357|80
8|-0.6054, 0.9391, -0.2880, -0.7391, 0.1541, 1.1305, -1.3837, 0.1278|0
9|-0.6021, 0.9433, -0.2940, -0.7390, 0.1425, 1.1247, -1.3744, 0.1293|80
10|-0.5925, 0.9496, -0.3002, -0.7354, 0.1456, 1.1246, -1.3780, 0.1266|40
11|-0.5876, 0.9487, -0.3097, -0.7427, 0.1361, 1.1176, -1.3732, 0.1186|80
12|-0.5828, 0.9531, -0.3140, -0.7486, 0.1419, 1.1161, -1.3720, 0.1213|0
13|-0.5858, 0.9530, -0.3216, -0.7482, 0.1431, 1.1170, -1.3712, 0.1266|40
14|-0.5859, 0.9556, -0.3300, -0.7435, 0.1375, 1.1169, -1.3721, 0.1175|40
15|-0.5886, 0.9551, -0.3343, -0.7460, 0.1433, 1.1061, -1.3835, 0.1201|0
16|-0.5880, 0.9547, -0.3390, -0.7512, 0.1463, 1.1151, -1.3855, 0.1277|40
17|-0.5899, 0.9523, -0.3436, -0.7563, 0.1439, 1.1089, -1.3831, 0.1295|40
18|-0.5810, 0.9518, -0.3533, -0.7569, 0.1438, 1.1057, -1.3827, 0.1261|0
19|-0.5768, 0.9493, -0.3576, -0.7661, 0.1473, 1.1049, -1.3934, 0.1298|0
20|-0.5731, 0.9472, -0.3596, -0.7735, 0.1407, 1.1073, -1.3969, 0.1222|0
21|-0.5633, 0.9544, -0.3544, -0.7793, 0.1445, 1.1132, -1.3963, 0.1229|0
22|-0.5657, 0.9489, -0.3641, -0.7838, 0.1526, 1.1145, -1.3919, 0.1202|0
23|-0.5658, 0.9543, -0.3729, -0.7901, 0.1606, 1.1103, -1.3912, 0.1140|80
24|-0.5632, 0.9513, -0.3796, -0.7876, 0.1558, 1.1044, -1.3953, 0.1178|0
25|-0.5688, 0.9495, -0.3912, -0.7875, 0.1560, 1.0990, -1.3864, 0.1169|40
26|-0.5636, 0.9441, -0.3939, -0.7954, 0.1533, 1.0931, -1.3937, 0.1172|0
27|-0.5690, 0.9425, -0.3976, -0.8043, 0.1492, 1.0952, -1.3965, 0.1115|160
28|-0.5654, 0.9471, -0.3998, -0.7984, 0.1413, 1.0923, -1.3998, 0.1177|40
29|-0.5639, 0.9510, -0.4025, -0.8038, 0.1307, 1.0990, -1.3934, 0.1199|0
30|-0.5579, 0.9578, -0.4053, -0.8128, 0.1247, 1.1034, -1.3885, 0.1176|40
31|-0.5558, 0.9621, -0.4083, -0.8210, 0.1258, 1.1027, -1.3815, 0.1181|40
32|-0.5510, 0.9631, -0.4175, -0.8280, 0.1213, 1.0956, -1.3776, 0.1146|0
33|-0.5424, 0.9607, -0.4174, -0.8328, 0.1103, 1.0873, -1.3793, 0.1116|40
34|-0.5496, 0.9595, -0.4259, -0.8353, 0.1017, 1.0865, -1.3754, 0.1151|0
35|-0.5413, 0.9596, -0.4284, -0.8366, 0.0989, 1.0842, -1.3819, 0.1137|180
36|-0.5414, 0.9489, -0.4317, -0.8433, 0.0969, 1.0800, -1.3845, 0.1131|0
37|-0.5417, 0.9450, -0.4372, -0.8485, 0.0965, 1.0864, -1.3903, 0.1191|0
38|-0.5470, 0.9460, -0.4481, -0.8532, 0.0935, 1.0885, -1.3929, 0.1176|160
39|-0.5493, 0.9495, -0.4508, -0.8589, 0.0938, 1.0945, -1.3963, 0.1186|160
40|-0.5399, 0.9527, -0.4579, -0.8576, 0.0977, 1.0897, -1.3999, 0.1166|80
41|-0.5306, 0.9510, -0.4589, -0.8659, 0.0932, 1.0858, -1.4057, 0.1191|40
42|-0.5269, 0.9544, -0.4653, -0.8675, 0.0835, 1.0861, -1.4060, 0.1232|40
43|-0.5247, 0.9563, -0.4687, -0.8776, 0.0874, 1.0872, -1.4078, 0.1256|40
44|-0.5242, 0.9536, -0.4658, -0.8803, 0.0845, 1.0770, -1.4146, 0.1154|0
45|-0.5253, 0.9535, -0.4667, -0.8869, 0.0858, 1.0831, -1.4149, 0.1065|140
46|-0.5264, 0.9488, -0.4624, -0.8868, 0.0779, 1.0746, -1.4173, 0.1071|40
47|-0.5250, 0.9513, -0.4575, -0.8922, 0.0801, 1.0737, -1.4151, 0.1074|200
48|-0.5262, 0.9534, -0.4582, -0.8931, 0.0788, 1.0728, -1.4185, 0.1087|0
49|-0.5230, 0.9477, -0.4614, -0.8975, 0.0714, 1.0698, -1.4262, 0.1154|0
50|-0.5133, 0.9501, -0.4572, -0.8987, 0.0751, 1.0686, -1.4304, 0.1154|0
51|-0.5128, 0.9481, -0.4536, -0.8991, 0.0745, 1.0601, -1.4212, 0.1172|40
52|-0.5072, 0.9491, -0.4567, -0.9036, 0.0689, 1.0605, -1.4263, 0.1057|40
53|-0.5030, 0.9493, -0.4616, -0.9061, 0.0703, 1.0590, -1.4261, 0.1131|80
54|-0.4918, 0.9526, -0.4659, -0.9129, 0.0746, 1.0553, -1.4201, 0.1121|0
55|-0.4863, 0.9409, -0.4699, -0.9153, 0.0640, 1.0533, -1.4254, 0.1145|40
56|-0.4837, 0.9405, -0.4729, -0.9251, 0.0653, 1.0456, -1.4244, 0.1185|0
57|-0.4739, 0.9416, -0.4795, -0.9258, 0.0538, 1.0452, -1.4226, 0.1223|80
58|-0.4659, 0.9384, -0.4847, -0.9321, 0.0599, 1.0390, -1.4124, 0.1219|200
59|-0.4647, 0.9421, -0.4864, -0.9383, 0.0569, 1.0399, -1.4280, 0.1198|40
60|-0.4655, 0.9511, -0.4932, -0.9426, 0.0582, 1.0368, -1.4290, 0.1168|0
61|-0.4702, 0.9545, -0.5006, -0.9466, 0.0607, 1.0316, -1.4309, 0.1120|140
62|-0.4644, 0.9418, -0.4903, -0.9450, 0.0649, 1.0298, -1.4262, 0.1158|80
63|-0.4704, 0.9338, -0.4907, -0.9496, 0.0599, 1.0312, -1.4258, 0.1216|0
64|-0.4678, 0.9312, -0.4904, -0.9552, 0.0598, 1.0406, -1.4179, 0.1197|280
65|-0.4680, 0.9282, -0.4931, -0.9495, 0.0638, 1.0307, -1.4153, 0.1247|40
66|-0.4584, 0.9313, -0.4929, -0.9469, 0.0664, 1.0361, -1.4114, 0.1203|0
67|-0.4598, 0.9209, -0.4946, -0.9490, 0.0571, 1.0246, -1.4192, 0.1293|120
68|-0.4593, 0.9301, -0.4845, -0.9531, 0.0594, 1.0162, -1.4257, 0.1261|100
69|-0.4503, 0.9265, -0.4931, -0.9538, 0.0588, 1.0160, -1.4311, 0.1173|0
70|-0.4449, 0.9290, -0.4989, -0.9511, 0.0579, 1.0150, -1.4307, 0.1144|200
71|-0.4398, 0.9290, -0.5089, -0.9545, 0.0531, 1.0107, -1.4368, 0.1082|80
72|-0.4365, 0.9309, -0.5141, -0.9562, 0.0495, 1.0153, -1.4484, 0.1032|220
73|-0.4338, 0.9308, -0.5176, -0.9672, 0.0393, 1.0244, -1.4491, 0.1081|0
74|-0.4284, 0.9246, -0.5221, -0.9667, 0.0383, 1.0278, -1.4572, 0.1044|40
75|-0.4339, 0.9214, -0.5236, -0.9743, 0.0320, 1.0216, -1.4514, 0.1147|40
76|-0.4278, 0.9100, -0.5270, -0.9814, 0.0301, 1.0207, -1.4479, 0.1149|120
77|-0.4234, 0.9088, -0.5331, -0.9810, 0.0267, 1.0090, -1.4518, 0.1142|0
78|-0.4223, 0.9103, -0.5419, -0.9972, 0.0193, 1.0122, -1.4585, 0.1177|40
79|-0.4238, 0.9077, -0.5432, -0.9928, 0.0165, 1.0012, -1.4711, 0.1140|400
80|-0.4243, 0.9066, -0.5424, -1.0003, 0.0123, 0.9974, -1.4725, 0.1086|220
81|-0.4133, 0.9064, -0.5407, -1.0028, 0.0044, 0.9909, -1.4717, 0.1001|0
82|-0.4124, 0.9032, -0.5405, -1.0021, 0.0002, 0.9828, -1.4705, 0.0936|0
83|-0.4054, 0.8962, -0.5441, -1.0119, -0.0070, 0.9848, -1.4772, 0.0858|180
84|-0.4000, 0.8933, -0.5469, -1.0046, -0.0095, 0.9781, -1.4878, 0.0768|40
85|-0.3957, 0.8943, -0.5519, -1.0037, -0.0047, 0.9710, -1.4892, 0.0638|0
86|-0.3950, 0.8991, -0.5549, -1.0094, -0.0099, 0.9727, -1.4964, 0.0678|0
87|-0.3921, 0.9002, -0.5564, -1.0133, -0.0146, 0.9846, -1.4903, 0.0701|420
88|-0.3927, 0.9056, -0.5607, -1.0165, -0.0183, 0.9864, -1.4867, 0.0667|0
89|-0.3891, 0.8971, -0.5634, -1.0232, -0.0163, 0.9862, -1.4839, 0.0699|0
90|-0.3837, 0.8985, -0.5675, -1.0311, -0.0100, 0.9804, -1.4841, 0.0637|200
91|-0.3775, 0.8956, -0.5718, -1.0268, -0.0096, 0.9879, -1.4792, 0.0630|80
92|-0.3763, 0.8889, -0.5790, -1.0290, -0.0128, 0.9868, -1.4748, 0.0705|0
93|-0.3733, 0.8950, -0.5768, -1.0355, -0.0158, 0.9865, -1.4785, 0.0724|160
94|-0.3668, 0.8890, -0.5717, -1.0401, -0.0158, 0.9836, -1.4779, 0.0683|0
95|-0.3571, 0.8892, -0.5833, -1.0429, -0.0168, 0.9798, -1.4810, 0.0632|0
96|-0.3621, 0.8908, -0.5742, -1.0506, -0.0116, 0.9754, -1.4815, 0.0637|320
97|-0.3586, 0.8924, -0.5705, -1.0538, -0.0175, 0.9772, -1.4791, 0.0638|220
98|-0.3627, 0.9017, -0.5678, -1.0547, -0.0136, 0.9734, -1.4770, 0.0591|80
99|-0.3580, 0.8995, -0.5643, -1.0494, -0.0184, 0.9719, -1.4699, 0.0673|0
