0|0.8232, -0.5441, 1.3151, -1.3831, -0.5424, -1.4641, -0.4362, 0.9362|0
1|0.8744, -0.5882, 1.2831, -1.3831, -0.5297, -1.4545, -0.5361, 0.8873|0
2|0.9015, -0.5623, 1.2160, -1.4251, -0.5243, -1.4445, -0.5042, 0.8439|0
3|0.9215, -0.5131, 1.1562, -1.5516, -0.5988, -1.5253, -0.6060, 0.8722|0
4|1.0227, -0.4603, 1.1003, -1.6085, -0.5119, -1.4615, -0.5928, 0.8609|40
5|1.0412, -0.4736, 1.1112, -1.5950, -0.4710, -1.5949, -0.5495, 0.8090|0
6|0.9392, -0.5102, 1.0260, -1.5853, -0.4846, -1.6818, -0.5249, 0.8110|0
7|0.9325, -0.4937, 0.9788, -1.5764, -0.4171, -1.7601, -0.5566, 0.8236|0
8|0.9483, -0.5004, 0.9528, -1.6383, -0.4785, -1.8290, -0.5402, 0.7526|0
9|0.8919, -0.5237, 0.8646, -1.6170, -0.5294, -1.7022, -0.5075, 0.6954|80
10|0.8927, -0.5670, 0.8233, -1.6413, -0.4745, -1.6989, -0.5153, 0.7218|0
11|0.9126, -0.5595, 0.7552, -1.6041, -0.4590, -1.6826, -0.4859, 0.6699|0
12|0.9080, -0.5882, 0.6025, -1.6325, -0.4451, -1.6747, -0.4748, 0.6525|0
13|0.8604, -0.6412, 0.4919, -1.7447, -0.3651, -1.6492, -0.4487, 0.6177|200
14|0.9030, -0.7768, 0.3119, -1.7794, -0.3910, -1.6548, -0.5295, 0.7114|320
15|0.8605, -0.8552, 0.1322, -1.7591, -0.3753, -1.5621, -0.4821, 0.6589|200
16|0.8067, -0.9113, -0.0196, -1.7303, -0.3337, -1.5084, -0.4376, 0.6556|120
17|0.8271, -0.8417, -0.1680, -1.6459, -0.3477, -1.4246, -0.4081, 0.6330|720
18|0.8783, -0.8191, -0.3168, -1.6612, -0.4116, -1.3658, -0.3960, 0.6576|240
19|0.9043, -0.8656, -0.4678, -1.6577, -0.4320, -1.3438, -0.3551, 0.6851|1260
20|0.8479, -0.9547, -0.5151, -1.6769, -0.3580, -1.2586, -0.3110, 0.7024|500
21|0.8841, -1.1223, -0.6005, -1.6091, -0.3980, -1.1699, -0.3439, 0.6558|760
22|0.8512, -1.1630, -0.7363, -1.5259, -0.3107, -1.1497, -0.3258, 0.6864|980
23|0.8233, -1.2078, -0.8691, -1.4792, -0.3097, -1.1551, -0.3257, 0.6957|1820
24|0.8246, -1.2131, -0.9758, -1.3506, -0.2169, -1.1647, -0.3174, 0.6856|540
25|0.8474, -1.2007, -1.0217, -1.2791, -0.2142, -1.1410, -0.1944, 0.6919|1880
26|0.8778, -1.1734, -1.0279, -1.2496, -0.1829, -1.0375, -0.1311, 0.7044|3840
27|0.8709, -1.1576, -1.0440, -1.1967, -0.2156, -1.0200, -0.0656, 0.6521|1400
28|0.9268, -1.2399, -1.0411, -1.1197, -0.1818, -1.0036, -0.1524, 0.7445|3640
29|0.9946, -1.2810, -1.0613, -1.0146, -0.1843, -1.0073, -0.1743, 0.6610|1360
30|1.0372, -1.3201, -1.0358, -0.9283, -0.2208, -0.9673, -0.1953, 0.5500|1320
31|1.0714, -1.3139, -1.0378, -0.9271, -0.2467, -0.9484, -0.2199, 0.5795|3540
32|1.0902, -1.2621, -1.0729, -0.9338, -0.1417, -0.9292, -0.2416, 0.4777|240
33|1.1275, -1.2792, -1.1424, -0.8300, -0.1908, -0.9386, -0.2543, 0.4755|2820
34|1.1224, -1.2587, -1.2147, -0.8982, -0.1723, -0.9253, -0.2421, 0.5294|1560
35|1.0336, -1.2894, -1.2840, -0.8401, -0.1790, -0.9671, -0.2401, 0.5911|760
36|1.0006, -1.3765, -1.3701, -0.7778, -0.2336, -0.8893, -0.2892, 0.4918|2020
37|1.0655, -1.3972, -1.4008, -0.7934, -0.2812, -0.7530, -0.2804, 0.4374|1240
38|1.0552, -1.3968, -1.3397, -0.7526, -0.2782, -0.7008, -0.2426, 0.4309|1400
39|1.0238, -1.4360, -1.3930, -0.7388, -0.3757, -0.7071, -0.2961, 0.4334|780
40|0.9840, -1.4187, -1.4414, -0.6105, -0.2490, -0.6856, -0.2421, 0.4951|1020
41|1.0270, -1.4474, -1.4567, -0.6649, -0.2358, -0.6660, -0.1897, 0.4746|1180
42|1.0663, -1.4829, -1.3894, -0.6480, -0.3192, -0.6303, -0.1351, 0.4358|820
43|1.0936, -1.5538, -1.3455, -0.5199, -0.3429, -0.5584, -0.0104, 0.4694|2680
44|1.1826, -1.5675, -1.3490, -0.4958, -0.4233, -0.5589, 0.0027, 0.4738|1200
45|1.2693, -1.6333, -1.3035, -0.5489, -0.4095, -0.5378, -0.0318, 0.4992|2640
46|1.2849, -1.6785, -1.2456, -0.6216, -0.3856, -0.5186, -0.0757, 0.4605|1920
47|1.2248, -1.7616, -1.2390, -0.5140, -0.4448, -0.3819, -0.1059, 0.4420|7620
48|1.2133, -1.8511, -1.2923, -0.4957, -0.3808, -0.3440, -0.1419, 0.4034|1940
49|1.2553, -1.8808, -1.2677, -0.4410, -0.3686, -0.2741, -0.0700, 0.4077|340
50|1.3194, -1.8581, -1.2349, -0.4336, -0.3126, -0.2942, -0.1711, 0.3260|4980
51|1.2863, -1.8836, -1.3534, -0.3657, -0.3109, -0.3161, -0.0876, 0.2741|4500
52|1.2579, -1.9246, -1.3074, -0.2634, -0.1872, -0.3210, -0.0458, 0.2633|2780
53|1.2259, -1.9978, -1.2463, -0.1875, -0.0912, -0.3332, -0.0645, 0.2170|1520
54|1.2175, -2.0013, -1.2512, -0.1940, -0.1016, -0.2599, -0.1168, 0.2080|3060
55|1.2351, -2.0336, -1.2486, -0.2351, -0.0840, -0.1554, -0.1611, 0.1142|2340
56|1.2070, -2.1114, -1.2322, -0.2000, -0.0765, -0.0981, -0.1375, 0.0371|11160
57|1.3269, -2.0365, -1.2665, -0.3178, -0.0884, -0.0993, -0.1639, -0.0400|3020
58|1.3845, -1.9851, -1.2598, -0.2009, -0.0201, -0.1052, -0.1496, -0.0103|6100
59|1.4342, -1.9947, -1.2676, -0.2618, -0.0661, -0.1286, -0.0734, -0.0139|8020
60|1.4203, -2.0817, -1.2564, -0.1737, -0.0960, -0.0149, -0.0721, 0.0876|2040
61|1.3966, -2.0487, -1.2640, -0.2489, -0.1113, -0.1040, -0.0798, 0.1294|880
62|1.3611, -2.0649, -1.2270, -0.2670, -0.0689, -0.1599, -0.1226, 0.1906|13360
63|1.2598, -2.1664, -1.1835, -0.1896, -0.1122, -0.0289, -0.2123, 0.2000|3940
64|1.2753, -2.1844, -1.1434, -0.2538, -0.0973, -0.0392, -0.1496, 0.1672|15220
65|1.2178, -2.1428, -1.0927, -0.3435, -0.1605, 0.0020, -0.1204, 0.1248|13440
66|1.1646, -2.1506, -1.0848, -0.2857, -0.1005, 0.0435, -0.0733, 0.1741|18600
67|1.1557, -2.1914, -1.1285, -0.3082, -0.0138, 0.0334, -0.0629, 0.2240|12460
68|1.1727, -2.1948, -1.2181, -0.4130, -0.0418, 0.0208, 0.0071, 0.2192|5960
69|1.2244, -2.1777, -1.1891, -0.2791, -0.0371, 0.0296, -0.0117, 0.1440|1060
70|1.2674, -2.1677, -1.1870, -0.4043, -0.1593, 0.0935, -0.0924, 0.2034|600
71|1.2373, -2.1463, -1.1342, -0.3799, -0.0954, 0.1533, -0.0889, 0.2566|3100
72|1.2307, -2.2257, -1.0939, -0.3350, 0.0525, 0.1049, -0.1073, 0.2159|4940
73|1.2344, -2.2502, -1.1005, -0.3838, -0.0237, 0.1017, -0.0781, 0.2218|10720
74|1.2679, -2.2436, -0.9599, -0.3930, -0.0258, 0.1239, -0.0577, 0.2092|19700
75|1.2189, -2.3658, -0.8997, -0.3480, 0.0326, 0.0981, -0.0413, 0.2065|22040
76|1.2147, -2.3624, -0.7573, -0.4232, -0.0646, 0.0739, -0.0020, 0.1329|2960
77|1.2655, -2.3610, -0.7210, -0.4097, -0.0255, 0.1793, 0.0131, 0.1466|1800
78|1.1776, -2.3692, -0.7252, -0.4105, -0.0270, 0.1751, 0.0312, 0.2177|26760
79|1.1130, -2.4904, -0.6311, -0.4422, -0.0476, 0.1446, 0.0418, 0.2885|28440
80|1.1137, -2.5262, -0.5514, -0.4828, -0.0713, 0.0508, 0.0074, 0.1889|1200
81|1.1317, -2.5404, -0.3609, -0.4323, -0.0459, 0.1479, -0.0283, 0.0543|12580
82|1.1643, -2.5553, -0.1654, -0.3739, -0.0336, 0.1202, 0.0016, 0.1268|3780
83|1.0589, -2.5267, -0.0766, -0.3014, -0.0286, 0.0953, -0.0257, 0.0917|104320
84|1.0584, -2.5819, -0.0656, -0.3244, -0.0534, 0.0278, -0.0458, 0.0982|367660
85|1.0315, -2.6222, -0.1049, -0.2395, -0.0424, 0.0647, -0.0456, 0.1980|716720
86|0.9392, -2.6122, -0.0904, -0.3317, -0.1932, 0.0403, -0.0442, 0.2252|61720
87|1.0812, -2.6275, -0.1144, -0.2011, -0.1523, 0.0219, -0.0486, 0.1917|156940
88|1.1155, -2.6811, -0.0575, -0.3732, -0.0901, -0.0392, -0.0272, 0.1683|72680
89|1.1183, -2.6405, -0.0837, -0.2367, 0.0079, 0.0804, 0.0176, 0.2740|135220
90|1.1170, -2.7044, -0.1004, -0.3816, -0.0892, 0.0257, 0.0128, 0.2597|409800
91|1.0684, -2.8129, -0.1595, -0.4395, -0.1110, 0.0552, 0.0168, 0.2453|126780
92|1.0719, -2.8783, -0.0910, -0.3164, -0.0512, 0.0458, -0.0503, 0.2278|1703520
93|1.1175, -2.8803, -0.0782, -0.3417, -0.1557, 0.0333, -0.0763, 0.1727|396480
94|1.1841, -2.8962, -0.0440, -0.2552, -0.0613, 0.0707, -0.0316, 0.1764|51320
95|1.2057, -2.9142, -0.0904, -0.4071, -0.1377, 0.0151, -0.0540, 0.2193|102880
96|1.1794, -2.9962, -0.0374, -0.3251, -0.0332, 0.0462, -0.0196, 0.1380|449840
97|1.2102, -2.9947, -0.0515, -0.3706, -0.1282, 0.0521, -0.0131, 0.1281|138840
98|1.1330, -3.0672, -0.0656, -0.2164, -0.0230, 0.0787, 0.0328, 0.2235|40500
99|1.1596, -3.1096, -0.0260, -0.4027, -0.1021, 0.0265, 0.0730, 0.1816|142380
