0|0.3797, 1.3469, -0.8823, 0.2716, -0.3938, 1.1699, 0.9970, 1.2852|0
1|0.3822, 1.3847, -0.8887, 0.2572, -0.4179, 1.1665, 0.9772, 1.2560|0
2|0.4087, 1.3850, -0.8692, 0.1853, -0.4247, 1.1757, 0.9871, 1.2792|0
3|0.3835, 1.3847, -0.8777, 0.1572, -0.4199, 1.1591, 0.9682, 1.2674|40
4|0.4194, 1.3805, -0.8739, 0.1711, -0.4599, 1.1502, 0.9657, 1.2596|0
5|0.4025, 1.3546, -0.8533, 0.1642, -0.4568, 1.1703, 0.9485, 1.2699|0
6|0.4029, 1.3523, -0.8522, 0.1527, -0.4988, 1.1493, 0.9721, 1.2783|180
7|0.4104, 1.3554, -0.8322, 0.1570, -0.5254, 1.1358, 0.9576, 1.2702|0
8|0.4048, 1.3592, -0.8819, 0.1290, -0.5282, 1.1291, 0.9672, 1.2812|0
9|0.3756, 1.3498, -0.8748, 0.1374, -0.5326, 1.1171, 0.9487, 1.2789|0
10|0.3820, 1.3420, -0.9000, 0.1349, -0.5510, 1.0686, 0.9567, 1.2917|0
11|0.3676, 1.3538, -0.8935, 0.1308, -0.5637, 1.0604, 0.9724, 1.2969|0
12|0.4310, 1.3107, -0.9181, 0.1232, -0.5911, 1.0558, 0.9746, 1.2663|0
13|0.4243, 1.3192, -0.9797, 0.0717, -0.6202, 1.0350, 0.9604, 1.2502|0
14|0.4503, 1.3299, -1.0035, 0.0671, -0.6431, 1.0333, 0.9840, 1.2582|0
15|0.4713, 1.3429, -1.0141, 0.0480, -0.6871, 1.0098, 1.0060, 1.2556|0
16|0.4327, 1.3237, -1.0196, 0.0556, -0.7058, 1.0384, 1.0502, 1.2523|0
17|0.4351, 1.3105, -1.0075, 0.0438, -0.7320, 1.0518, 1.0509, 1.2104|0
18|0.4691, 1.3463, -0.9929, 0.0230, -0.7397, 1.0521, 1.0494, 1.1873|0
19|0.4489, 1.3581, -0.9927, 0.0522, -0.7670, 1.0571, 1.0727, 1.1618|0
20|0.4581, 1.3502, -1.0277, 0.0272, -0.7440, 1.0450, 1.0690, 1.1551|0
21|0.4601, 1.3707, -1.0724, 0.0149, -0.7888, 1.0407, 1.0685, 1.1625|0
22|0.4322, 1.3741, -1.0820, 0.0413, -0.7623, 1.0552, 1.0812, 1.1844|0
23|0.4246, 1.3666, -1.0719, 0.0700, -0.7904, 1.0514, 1.0987, 1.1769|0
24|0.4168, 1.3569, -1.1170, 0.0432, -0.8235, 1.0226, 1.1254, 1.1503|0
25|0.4326, 1.3663, -1.0846, 0.0157, -0.8228, 1.0097, 1.1242, 1.1705|0
26|0.4480, 1.3919, -1.1015, 0.0398, -0.8057, 0.9958, 1.1195, 1.1684|0
27|0.4471, 1.4164, -1.1138, 0.0234, -0.8151, 0.9552, 1.1295, 1.1397|0
28|0.4739, 1.4093, -1.1305, 0.0489, -0.8220, 0.9276, 1.1325, 1.1139|0
29|0.4804, 1.4305, -1.1646, 0.0511, -0.8387, 0.9224, 1.1474, 1.1236|0
30|0.4842, 1.4351, -1.1737, 0.0424, -0.8592, 0.8865, 1.1003, 1.1421|0
31|0.4464, 1.4569, -1.1513, 0.0097, -0.8744, 0.8538, 1.0935, 1.1490|40
32|0.4496, 1.4065, -1.1596, -0.0193, -0.8625, 0.8388, 1.1081, 1.1421|100
33|0.4701, 1.4468, -1.1522, -0.0819, -0.8848, 0.8243, 1.1242, 1.1516|40
34|0.4920, 1.4577, -1.1562, -0.1195, -0.8770, 0.7942, 1.1148, 1.1184|0
35|0.5426, 1.4648, -1.1561, -0.1537, -0.8567, 0.8131, 1.1054, 1.1163|0
36|0.5588, 1.4537, -1.1714, -0.1867, -0.8460, 0.8255, 1.0684, 1.1416|40
37|0.5481, 1.4303, -1.1717, -0.2372, -0.8335, 0.7993, 1.0764, 1.1191|0
38|0.5920, 1.4274, -1.1886, -0.2686, -0.8514, 0.7979, 1.0903, 1.1191|40
39|0.5965, 1.4300, -1.1644, -0.3015, -0.8631, 0.7838, 1.1376, 1.1140|80
40|0.6030, 1.4573, -1.1718, -0.3276, -0.8740, 0.7671, 1.1276, 1.1084|0
41|0.6170, 1.4553, -1.1811, -0.3366, -0.8959, 0.7923, 1.1245, 1.1424|40
42|0.6177, 1.4525, -1.1797, -0.3584, -0.9237, 0.7932, 1.0943, 1.1467|40
43|0.6610, 1.4532, -1.2011, -0.3982, -0.9085, 0.8006, 1.0705, 1.1488|0
44|0.6360, 1.4608, -1.1983, -0.4190, -0.9232, 0.8182, 1.0513, 1.1550|80
45|0.6428, 1.4747, -1.1783, -0.4411, -0.9215, 0.8356, 1.0379, 1.1460|0
46|0.6377, 1.5225, -1.1616, -0.4681, -0.9543, 0.8118, 1.0287, 1.1702|40
47|0.6428, 1.5344, -1.1650, -0.5044, -0.9497, 0.7938, 1.0295, 1.1560|0
48|0.6894, 1.5304, -1.1752, -0.5799, -0.9395, 0.7952, 0.9959, 1.1229|80
49|0.7322, 1.5660, -1.1886, -0.6086, -0.9333, 0.7912, 0.9726, 1.1379|0
50|0.7501, 1.5575, -1.1990, -0.6203, -0.9361, 0.7845, 0.9547, 1.1461|40
51|0.7699, 1.5482, -1.2026, -0.6546, -0.9222, 0.7728, 0.9233, 1.1291|40
52|0.7797, 1.5643, -1.2131, -0.7123, -0.9332, 0.7903, 0.9509, 1.1143|80
53|0.7917, 1.5592, -1.2171, -0.7648, -0.9432, 0.7405, 0.9507, 1.1079|220
54|0.8041, 1.5417, -1.2018, -0.7675, -0.9654, 0.7067, 0.9195, 1.1139|40
55|0.8330, 1.5514, -1.2013, -0.8164, -0.9702, 0.6721, 0.8931, 1.1080|220
56|0.8525, 1.5329, -1.2244, -0.8732, -0.9836, 0.6766, 0.8780, 1.0981|80
57|0.8550, 1.5646, -1.2054, -0.8964, -0.9911, 0.6841, 0.8878, 1.1054|80
58|0.8675, 1.5618, -1.2255, -0.9184, -0.9861, 0.6758, 0.8877, 1.0924|80
59|0.8659, 1.5452, -1.2329, -0.9719, -0.9791, 0.6824, 0.8893, 1.0792|360
60|0.8579, 1.5819, -1.2594, -1.0268, -0.9636, 0.6384, 0.8639, 1.0252|80
61|0.9037, 1.5599, -1.2834, -1.0294, -1.0095, 0.6209, 0.8476, 1.0265|440
62|0.9151, 1.5548, -1.2615, -1.0437, -1.0398, 0.6183, 0.8418, 1.0439|120
63|0.9228, 1.4800, -1.2687, -1.0445, -1.0268, 0.5945, 0.7907, 1.0318|240
64|0.9548, 1.4666, -1.2621, -1.0479, -1.0259, 0.5906, 0.7868, 1.0315|240
65|0.9995, 1.4743, -1.2749, -1.0753, -1.0307, 0.5876, 0.7532, 1.0093|500
66|0.9758, 1.4664, -1.2977, -1.0791, -1.0151, 0.5969, 0.7513, 1.0059|40
67|0.9714, 1.4582, -1.2989, -1.0757, -0.9991, 0.5735, 0.7720, 1.0151|620
68|0.9557, 1.4529, -1.2987, -1.0945, -0.9772, 0.5831, 0.8006, 1.0265|380
69|0.9777, 1.4469, -1.3240, -1.1035, -0.9911, 0.5807, 0.8037, 0.9930|460
70|0.9653, 1.4776, -1.3244, -1.1466, -0.9748, 0.5640, 0.8100, 1.0064|500
71|0.9711, 1.4568, -1.3201, -1.1323, -0.9863, 0.5583, 0.7909, 1.0061|80
72|0.9980, 1.4325, -1.3280, -1.1865, -0.9708, 0.5798, 0.7779, 0.9803|240
73|0.9957, 1.4172, -1.3113, -1.1693, -0.9465, 0.5889, 0.7797, 0.9846|0
74|0.9813, 1.3860, -1.3380, -1.1991, -0.9430, 0.5601, 0.7592, 0.9655|520
75|0.9893, 1.3349, -1.3495, -1.1914, -0.9134, 0.5861, 0.7556, 0.9688|580
76|0.9906, 1.3121, -1.3433, -1.2165, -0.9338, 0.6056, 0.7344, 0.9498|860
77|0.9687, 1.3128, -1.3488, -1.2285, -0.9573, 0.6181, 0.7354, 0.9721|240
78|0.9805, 1.2705, -1.3550, -1.2273, -0.9345, 0.5738, 0.6929, 0.9650|1860
79|0.9942, 1.2651, -1.3360, -1.2252, -0.9088, 0.5872, 0.7015, 0.9537|160
80|1.0397, 1.2535, -1.3276, -1.2570, -0.9082, 0.6069, 0.6897, 0.9518|1960
81|1.0524, 1.2472, -1.3338, -1.2833, -0.8939, 0.6360, 0.6663, 0.9831|340
82|1.0728, 1.2546, -1.3380, -1.2883, -0.9094, 0.6013, 0.6921, 0.9735|40
83|1.0783, 1.2529, -1.3470, -1.3083, -0.9072, 0.5863, 0.6841, 0.9619|0
84|1.0800, 1.2303, -1.3310, -1.3171, -0.9328, 0.6058, 0.6590, 0.9253|400
85|1.0708, 1.2084, -1.3387, -1.3358, -0.9523, 0.6152, 0.6768, 0.9255|540
86|1.0737, 1.1487, -1.3604, -1.3393, -0.9502, 0.6417, 0.7159, 0.9194|360
87|1.0863, 1.1587, -1.3983, -1.3564, -0.9572, 0.6281, 0.7136, 0.9233|520
88|1.0909, 1.1350, -1.4019, -1.3889, -0.9418, 0.6185, 0.6710, 0.9197|740
89|1.1154, 1.1087, -1.3907, -1.4152, -0.9169, 0.6022, 0.6677, 0.9270|540
90|1.1069, 1.1027, -1.3624, -1.4224, -0.9214, 0.6168, 0.6585, 0.9423|600
91|1.1216, 1.1235, -1.3536, -1.4614, -0.9337, 0.5801, 0.6654, 0.9464|920
92|1.0991, 1.1230, -1.3608, -1.4562, -0.9485, 0.5576, 0.6667, 0.9657|240
93|1.0983, 1.1294, -1.3806, -1.4569, -0.9507, 0.5720, 0.6594, 0.9746|760
94|1.1328, 1.1132, -1.4013, -1.4862, -0.9629, 0.5425, 0.6541, 1.0032|280
95|1.1580, 1.1626, -1.4143, -1.5028, -0.9444, 0.5217, 0.6727, 0.9834|680
96|1.1332, 1.1653, -1.4149, -1.4747, -0.9318, 0.5342, 0.6452, 1.0057|700
97|1.1617, 1.1619, -1.4276, -1.4697, -0.9766, 0.5179, 0.6611, 0.9961|200
98|1.1554, 1.1413, -1.4146, -1.4950, -0.9902, 0.4978, 0.6616, 0.9729|320
99|1.1996, 1.1341, -1.4449, -1.5014, -0.9533, 0.4670, 0.6559, 0.9656|300
