0|0.3741, -0.3772, -0.2310, -0.0899, 0.3630, -1.5009, 0.0078, 0.8574|0
1|0.3728, -0.4008, -0.2419, -0.1367, 0.3271, -1.4952, 0.0220, 0.8405|0
2|0.3902, -0.4003, -0.2423, -0.1821, 0.3125, -1.5328, 0.0228, 0.8452|160
3|0.3901, -0.4088, -0.2423, -0.2100, 0.2742, -1.5363, 0.0165, 0.8429|140
4|0.3588, -0.4368, -0.2591, -0.2538, 0.2749, -1.5269, 0.0204, 0.8358|400
5|0.3333, -0.4544, -0.2585, -0.2893, 0.2457, -1.5125, 0.0057, 0.8170|160
6|0.3179, -0.4498, -0.2966, -0.3025, 0.2336, -1.4924, -0.0004, 0.8066|620
7|0.3200, -0.4844, -0.3350, -0.3137, 0.2099, -1.4758, 0.0166, 0.8098|520
8|0.3262, -0.4977, -0.3083, -0.3695, 0.1912, -1.4929, 0.0122, 0.7794|700
9|0.3398, -0.5384, -0.3337, -0.3650, 0.1691, -1.4632, 0.0189, 0.7607|1840
10|0.3310, -0.5576, -0.3441, -0.3756, 0.1417, -1.4590, -0.0056, 0.7287|820
11|0.3470, -0.5860, -0.3538, -0.3934, 0.1061, -1.4587, -0.0049, 0.7084|680
12|0.3354, -0.5807, -0.3860, -0.4128, 0.0914, -1.4304, 0.0021, 0.7040|160
13|0.3368, -0.5966, -0.3958, -0.4257, 0.1014, -1.4271, 0.0011, 0.6891|780
14|0.3523, -0.6266, -0.3966, -0.4176, 0.0758, -1.4042, -0.0032, 0.6661|760
15|0.3423, -0.6347, -0.4138, -0.4128, 0.0738, -1.3928, -0.0023, 0.6649|780
16|0.3348, -0.6587, -0.3987, -0.3993, 0.0582, -1.3917, 0.0163, 0.6494|800
17|0.3081, -0.6562, -0.4014, -0.3995, 0.0474, -1.3746, 0.0106, 0.6281|860
18|0.3139, -0.6687, -0.4144, -0.4230, 0.0194, -1.3765, 0.0283, 0.6095|1020
19|0.3006, -0.6893, -0.4278, -0.4151, 0.0034, -1.3632, 0.0119, 0.5990|740
20|0.2862, -0.7023, -0.4387, -0.4062, 0.0045, -1.3398, 0.0112, 0.5692|680
21|0.2858, -0.6963, -0.4372, -0.4281, 0.0134, -1.3395, -0.0049, 0.5519|280
22|0.2895, -0.7011, -0.4478, -0.4426, 0.0026, -1.3418, -0.0311, 0.5459|240
23|0.2798, -0.7132, -0.4623, -0.4485, -0.0084, -1.3400, -0.0158, 0.5527|1580
24|0.2719, -0.7231, -0.4756, -0.4441, -0.0203, -1.3201, -0.0109, 0.5434|820
25|0.2491, -0.7470, -0.4949, -0.4416, -0.0305, -1.3106, -0.0203, 0.5355|1060
26|0.2620, -0.7526, -0.5158, -0.4346, -0.0439, -1.3281, -0.0239, 0.5633|540
27|0.2665, -0.7360, -0.5344, -0.4318, -0.0415, -1.3128, -0.0195, 0.5515|880
28|0.2898, -0.7338, -0.5191, -0.4323, -0.0353, -1.2987, -0.0210, 0.5241|1100
29|0.3100, -0.7448, -0.5029, -0.4350, -0.0311, -1.3053, -0.0167, 0.5336|980
30|0.3303, -0.7632, -0.5178, -0.4469, -0.0234, -1.3234, -0.0184, 0.5607|200
31|0.3349, -0.7663, -0.5253, -0.4384, 0.0067, -1.3378, -0.0118, 0.5573|360
32|0.3582, -0.7649, -0.5459, -0.4312, -0.0196, -1.3437, -0.0225, 0.5642|2040
33|0.3332, -0.7843, -0.5308, -0.4584, 0.0057, -1.3459, -0.0261, 0.5651|600
34|0.3452, -0.7917, -0.5657, -0.4641, 0.0023, -1.3558, -0.0229, 0.5305|980
35|0.3370, -0.7744, -0.5693, -0.4752, -0.0281, -1.3605, -0.0296, 0.5363|1540
36|0.3449, -0.8032, -0.5946, -0.4525, -0.0422, -1.3238, -0.0339, 0.5086|340
37|0.3501, -0.8145, -0.5794, -0.4637, -0.0401, -1.3392, -0.0348, 0.5301|1200
38|0.3466, -0.8150, -0.5903, -0.4731, -0.0616, -1.3083, -0.0545, 0.5193|200
39|0.3573, -0.8119, -0.5788, -0.4694, -0.0751, -1.3331, -0.0618, 0.5285|540
40|0.3692, -0.8079, -0.5847, -0.4557, -0.0658, -1.3328, -0.0875, 0.5353|840
41|0.3756, -0.8315, -0.5655, -0.4328, -0.0647, -1.3207, -0.0848, 0.5040|620
42|0.3597, -0.8367, -0.5818, -0.4150, -0.0790, -1.3114, -0.0747, 0.5049|760
43|0.3603, -0.8535, -0.5793, -0.4323, -0.0820, -1.3279, -0.0580, 0.5123|1140
44|0.3474, -0.8716, -0.5719, -0.4336, -0.1198, -1.3295, -0.0654, 0.4639|440
45|0.3490, -0.8687, -0.5767, -0.4245, -0.1237, -1.3266, -0.0680, 0.4888|560
46|0.3699, -0.8817, -0.5659, -0.4110, -0.1205, -1.3334, -0.0758, 0.4700|900
47|0.3715, -0.8997, -0.5703, -0.4069, -0.1052, -1.3180, -0.0673, 0.4454|2880
48|0.3614, -0.8976, -0.5898, -0.3945, -0.1179, -1.3153, -0.0859, 0.4715|520
49|0.3580, -0.8941, -0.5919, -0.3968, -0.1203, -1.3080, -0.1074, 0.4732|740
50|0.3702, -0.9273, -0.5894, -0.3879, -0.1374, -1.2850, -0.0765, 0.5042|1140
51|0.3931, -0.9399, -0.5927, -0.3975, -0.1566, -1.2768, -0.0907, 0.4864|1160
52|0.3852, -0.9413, -0.5811, -0.4055, -0.1596, -1.2528, -0.0745, 0.4747|2600
53|0.3699, -0.9650, -0.5685, -0.3866, -0.1692, -1.2472, -0.0890, 0.4711|3020
54|0.3619, -0.9603, -0.5740, -0.3848, -0.1782, -1.2237, -0.0809, 0.4839|1360
55|0.3756, -0.9545, -0.5751, -0.3822, -0.1877, -1.2458, -0.0807, 0.4588|400
56|0.3634, -0.9871, -0.5929, -0.3709, -0.1888, -1.2402, -0.0594, 0.4525|1980
57|0.3677, -1.0175, -0.5675, -0.3710, -0.1869, -1.2271, -0.0625, 0.4518|1320
58|0.3848, -1.0374, -0.5791, -0.3735, -0.2068, -1.2206, -0.0601, 0.4456|560
59|0.3906, -1.0475, -0.5806, -0.3944, -0.2265, -1.2363, -0.0619, 0.4656|2640
60|0.3901, -1.0674, -0.5703, -0.3817, -0.2481, -1.2289, -0.0577, 0.4394|2540
61|0.4032, -1.0744, -0.5762, -0.3552, -0.2201, -1.2228, -0.0411, 0.4344|1780
62|0.4099, -1.0837, -0.5830, -0.3446, -0.2179, -1.2137, -0.0394, 0.4148|860
63|0.4130, -1.0907, -0.6121, -0.3395, -0.2247, -1.1960, -0.0518, 0.3797|2020
64|0.4189, -1.0899, -0.6253, -0.3304, -0.2296, -1.1720, -0.0529, 0.3705|1480
65|0.4358, -1.0921, -0.6275, -0.3589, -0.2287, -1.1669, -0.0475, 0.3719|960
66|0.4262, -1.1228, -0.6391, -0.3521, -0.2269, -1.1476, -0.0629, 0.3915|400
67|0.4391, -1.1172, -0.6246, -0.3471, -0.2702, -1.1172, -0.0692, 0.3927|1360
68|0.4373, -1.1233, -0.6292, -0.3607, -0.2693, -1.1394, -0.0841, 0.3941|1720
69|0.4245, -1.1285, -0.6170, -0.3819, -0.2717, -1.1253, -0.0819, 0.3844|4340
70|0.4265, -1.1261, -0.6264, -0.3723, -0.2943, -1.0946, -0.0951, 0.4110|1720
71|0.4409, -1.1522, -0.6076, -0.3746, -0.2797, -1.1228, -0.1002, 0.3864|680
72|0.4620, -1.1501, -0.6024, -0.3629, -0.2688, -1.1196, -0.0907, 0.3930|2000
73|0.4559, -1.2073, -0.5883, -0.3467, -0.2950, -1.1084, -0.1024, 0.3936|840
74|0.4778, -1.2181, -0.5690, -0.3224, -0.3056, -1.1123, -0.1218, 0.4153|2100
75|0.4903, -1.2217, -0.5610, -0.3176, -0.3169, -1.0899, -0.0911, 0.4130|540
76|0.4703, -1.2279, -0.5528, -0.3300, -0.3317, -1.0785, -0.0807, 0.4119|2160
77|0.4624, -1.2267, -0.5551, -0.3531, -0.3693, -1.0909, -0.0650, 0.3873|200
78|0.4514, -1.2361, -0.5499, -0.3482, -0.3584, -1.0612, -0.0787, 0.3726|3880
79|0.4458, -1.2392, -0.5346, -0.3394, -0.3602, -1.0450, -0.0862, 0.3694|1360
80|0.4471, -1.2668, -0.5057, -0.3407, -0.3754, -1.0350, -0.0845, 0.3610|1060
81|0.4571, -1.2534, -0.5023, -0.3594, -0.3677, -1.0325, -0.0960, 0.3715|3220
82|0.4601, -1.2859, -0.5048, -0.3683, -0.3606, -1.0576, -0.0988, 0.3767|240
83|0.4819, -1.3087, -0.4944, -0.3526, -0.3567, -1.0551, -0.1172, 0.3994|620
84|0.4694, -1.3526, -0.4841, -0.3576, -0.3523, -1.0345, -0.1196, 0.3896|1040
85|0.4779, -1.3589, -0.4988, -0.3484, -0.3342, -1.0485, -0.1299, 0.3915|2540
86|0.5022, -1.3424, -0.5136, -0.3407, -0.3367, -1.0174, -0.1099, 0.3877|660
87|0.5120, -1.3717, -0.4756, -0.3318, -0.3518, -0.9919, -0.1164, 0.3620|1800
88|0.5027, -1.4016, -0.4651, -0.3115, -0.3617, -0.9640, -0.1027, 0.3501|2740
89|0.4978, -1.4308, -0.4664, -0.3034, -0.3814, -0.9465, -0.1005, 0.3786|1380
90|0.4868, -1.4613, -0.4323, -0.3119, -0.4094, -0.9307, -0.0988, 0.3541|1600
91|0.4992, -1.4764, -0.4280, -0.3247, -0.3654, -0.9105, -0.0928, 0.3444|1460
92|0.5026, -1.4789, -0.4225, -0.3196, -0.3688, -0.8967, -0.0967, 0.3578|7280
93|0.5159, -1.4580, -0.4248, -0.3305, -0.3605, -0.8823, -0.0887, 0.3247|2400
94|0.5222, -1.4628, -0.4172, -0.3367, -0.3517, -0.8577, -0.1005, 0.3121|4040
95|0.5179, -1.4802, -0.4124, -0.3439, -0.3481, -0.8209, -0.1156, 0.2922|6680
96|0.5014, -1.4659, -0.4072, -0.3362, -0.3669, -0.8148, -0.1001, 0.2710|2600
97|0.4964, -1.4837, -0.4074, -0.3274, -0.3612, -0.7979, -0.1028, 0.2640|1580
98|0.5048, -1.4794, -0.4190, -0.3268, -0.3604, -0.7791, -0.0941, 0.2636|1080
99|0.5002, -1.4867, -0.3884, -0.2878, -0.3441, -0.7514, -0.1061, 0.2537|2040
