0|1.2547, -0.6409, -0.2092, -0.5453, -1.4365, -1.4790, 0.0945, 0.0625|320
1|1.2551, -0.6514, -0.2156, -0.5425, -1.4326, -1.4726, 0.0885, 0.0695|480
2|1.2533, -0.6711, -0.2200, -0.5459, -1.4322, -1.4677, 0.0910, 0.0794|560
3|1.2652, -0.6846, -0.2310, -0.5338, -1.4248, -1.4575, 0.0959, 0.0805|700
4|1.2575, -0.6978, -0.2446, -0.5233, -1.4207, -1.4562, 0.0913, 0.0742|960
5|1.2628, -0.7045, -0.2540, -0.5339, -1.4194, -1.4513, 0.0977, 0.0682|320
6|1.2626, -0.7153, -0.2600, -0.5233, -1.4176, -1.4435, 0.0894, 0.0759|520
7|1.2640, -0.7225, -0.2621, -0.5153, -1.4119, -1.4452, 0.0902, 0.0759|1380
8|1.2737, -0.7363, -0.2762, -0.5110, -1.4148, -1.4410, 0.0819, 0.0726|640
9|1.2526, -0.7444, -0.2934, -0.5101, -1.4087, -1.4456, 0.0700, 0.0662|740
10|1.2567, -0.7541, -0.3035, -0.4987, -1.4169, -1.4437, 0.0791, 0.0604|1220
11|1.2650, -0.7525, -0.3212, -0.4915, -1.4123, -1.4357, 0.0699, 0.0587|740
12|1.2726, -0.7558, -0.3357, -0.4917, -1.3961, -1.4381, 0.0557, 0.0593|340
13|1.2663, -0.7508, -0.3547, -0.4984, -1.3963, -1.4250, 0.0506, 0.0635|1180
14|1.2595, -0.7580, -0.3607, -0.5001, -1.3943, -1.4213, 0.0488, 0.0660|820
15|1.2616, -0.7671, -0.3660, -0.5034, -1.3939, -1.4302, 0.0400, 0.0747|1160
16|1.2566, -0.7729, -0.3738, -0.4976, -1.3928, -1.4366, 0.0407, 0.0773|1300
17|1.2553, -0.7833, -0.3709, -0.4940, -1.3862, -1.4263, 0.0339, 0.0837|600
18|1.2470, -0.7967, -0.3733, -0.4913, -1.3831, -1.4243, 0.0322, 0.0725|480
19|1.2530, -0.7858, -0.3756, -0.4860, -1.3734, -1.4348, 0.0297, 0.0793|440
20|1.2615, -0.8041, -0.3966, -0.4795, -1.3711, -1.4347, 0.0195, 0.0775|640
21|1.2589, -0.8058, -0.4026, -0.4753, -1.3822, -1.4377, 0.0249, 0.0784|560
22|1.2647, -0.8131, -0.4060, -0.4609, -1.3864, -1.4214, 0.0160, 0.0666|420
23|1.2608, -0.8197, -0.4030, -0.4589, -1.3963, -1.4257, 0.0124, 0.0635|860
24|1.2548, -0.8349, -0.4163, -0.4476, -1.3810, -1.4384, 0.0133, 0.0505|1280
25|1.2657, -0.8224, -0.4297, -0.4477, -1.3778, -1.4369, 0.0209, 0.0448|280
26|1.2758, -0.8203, -0.4372, -0.4489, -1.3682, -1.4229, 0.0330, 0.0550|980
27|1.2799, -0.8214, -0.4317, -0.4468, -1.3705, -1.4191, 0.0229, 0.0677|1120
28|1.2859, -0.8284, -0.4430, -0.4298, -1.3689, -1.4116, 0.0200, 0.0785|720
29|1.2896, -0.8352, -0.4391, -0.4221, -1.3650, -1.4166, 0.0243, 0.0841|580
30|1.3017, -0.8404, -0.4494, -0.4088, -1.3656, -1.4021, 0.0253, 0.0963|660
31|1.2905, -0.8486, -0.4509, -0.4112, -1.3675, -1.3998, 0.0189, 0.0980|1540
