0|-0.9239, -0.7039, -1.2989, -0.6698, -1.1732, 0.8843, -0.4490, -1.2633|200
1|-0.9214, -0.7109, -1.3014, -0.6815, -1.1665, 0.8590, -0.4637, -1.2584|80
2|-0.9144, -0.7265, -1.2963, -0.6974, -1.1695, 0.8527, -0.4677, -1.2674|0
3|-0.9073, -0.7317, -1.2905, -0.7285, -1.1643, 0.8459, -0.4669, -1.2588|1040
4|-0.8805, -0.7357, -1.2917, -0.7449, -1.1765, 0.8093, -0.4611, -1.2605|200
5|-0.8694, -0.7558, -1.2851, -0.7691, -1.1918, 0.8020, -0.4738, -1.2547|40
6|-0.8367, -0.7704, -1.2793, -0.7902, -1.1932, 0.7792, -0.4663, -1.2660|460
7|-0.8312, -0.7676, -1.2712, -0.8047, -1.1855, 0.7694, -0.4647, -1.2630|0
8|-0.8232, -0.7746, -1.2822, -0.8225, -1.1632, 0.7513, -0.4620, -1.2680|0
9|-0.8114, -0.7775, -1.2722, -0.8404, -1.1671, 0.7492, -0.4551, -1.2724|400
10|-0.8164, -0.7778, -1.2716, -0.8651, -1.1565, 0.7297, -0.4697, -1.2716|200
11|-0.8210, -0.7848, -1.2875, -0.8756, -1.1616, 0.7257, -0.4828, -1.2721|120
12|-0.8102, -0.7994, -1.2900, -0.8801, -1.1577, 0.7082, -0.4888, -1.2853|420
13|-0.8071, -0.8136, -1.3061, -0.9059, -1.1692, 0.6935, -0.5016, -1.2820|120
14|-0.7938, -0.8227, -1.3135, -0.9082, -1.1628, 0.6629, -0.5150, -1.2869|220
15|-0.7834, -0.8077, -1.3253, -0.9165, -1.1730, 0.6459, -0.5225, -1.2837|40
16|-0.7855, -0.8340, -1.3144, -0.9453, -1.1651, 0.6255, -0.5106, -1.2919|40
17|-0.7732, -0.8301, -1.3299, -0.9646, -1.1656, 0.6029, -0.5080, -1.2687|0
18|-0.7669, -0.8104, -1.3284, -0.9849, -1.1783, 0.5812, -0.4949, -1.2668|300
19|-0.7691, -0.8082, -1.3352, -0.9989, -1.1947, 0.5550, -0.4992, -1.2608|280
20|-0.7519, -0.8068, -1.3422, -1.0202, -1.1895, 0.5504, -0.5031, -1.2519|1060
21|-0.7311, -0.7979, -1.3659, -1.0333, -1.2019, 0.5297, -0.5161, -1.2593|200
22|-0.7256, -0.8127, -1.3656, -1.0253, -1.2178, 0.5090, -0.5233, -1.2529|300
23|-0.7033, -0.8398, -1.3753, -1.0447, -1.1946, 0.4884, -0.5184, -1.2607|340
24|-0.6888, -0.8537, -1.3682, -1.0554, -1.2112, 0.4693, -0.5163, -1.2657|320
25|-0.6907, -0.8598, -1.3685, -1.0495, -1.1960, 0.4572, -0.5192, -1.2798|80
26|-0.6531, -0.8634, -1.3748, -1.0533, -1.1911, 0.4575, -0.5108, -1.2683|220
27|-0.6396, -0.8689, -1.3657, -1.0592, -1.1937, 0.4393, -0.5352, -1.2542|120
28|-0.6111, -0.8975, -1.3706, -1.0707, -1.2022, 0.4264, -0.5288, -1.2480|260
29|-0.6127, -0.8999, -1.3745, -1.0679, -1.1904, 0.4283, -0.5259, -1.2428|640
30|-0.5921, -0.8997, -1.3659, -1.0767, -1.1996, 0.4117, -0.5243, -1.2342|380
31|-0.5797, -0.9146, -1.3591, -1.0798, -1.2012, 0.4070, -0.5251, -1.2224|160
