0|-0.0013, -0.0208, -0.3160, 0.8984, -1.3988, -1.2951, 0.9555, 1.4259|0
1|-0.0084, -0.0488, -0.3841, 0.8288, -1.4018, -1.3748, 0.9593, 1.4850|0
2|0.0560, -0.0538, -0.3499, 0.7178, -1.4162, -1.2553, 1.0852, 1.4824|40
3|0.0175, -0.0027, -0.4300, 0.6306, -1.3754, -1.2725, 1.0871, 1.5099|0
4|0.1055, -0.0516, -0.5326, 0.5614, -1.4040, -1.3218, 1.1301, 1.4590|120
5|0.1413, -0.0500, -0.5019, 0.3963, -1.3735, -1.3800, 1.0999, 1.4368|120
6|0.2490, -0.0728, -0.5826, 0.3835, -1.3555, -1.3515, 1.0631, 1.3831|80
7|0.2117, -0.0078, -0.7241, 0.3823, -1.4181, -1.3842, 1.1788, 1.3704|40
8|0.2011, -0.0589, -0.7197, 0.2825, -1.3852, -1.4425, 1.2323, 1.3642|80
9|0.2691, -0.1090, -0.7281, 0.1947, -1.4624, -1.4270, 1.1302, 1.3609|40
10|0.2274, -0.1012, -0.7846, 0.0702, -1.4212, -1.4171, 1.1278, 1.3198|620
11|0.2686, -0.1126, -0.7846, -0.1035, -1.4700, -1.4024, 1.0836, 1.3785|180
12|0.2786, -0.1350, -0.7632, -0.1608, -1.4349, -1.3637, 1.0474, 1.3484|240
13|0.3035, -0.2127, -0.7909, -0.2075, -1.4720, -1.3321, 1.0537, 1.1960|1580
14|0.2774, -0.2744, -0.7750, -0.3537, -1.4083, -1.3296, 0.9835, 1.0805|500
15|0.4152, -0.2463, -0.7752, -0.3831, -1.3928, -1.2947, 0.9480, 1.0179|280
16|0.3999, -0.2498, -0.7045, -0.5215, -1.3430, -1.2619, 0.9153, 1.0720|320
17|0.3765, -0.3573, -0.6479, -0.6469, -1.3492, -1.2198, 0.8944, 1.0043|320
18|0.3364, -0.4731, -0.7326, -0.6182, -1.3055, -1.2117, 0.8333, 0.9686|240
19|0.3751, -0.5623, -0.8505, -0.6268, -1.2874, -1.1833, 0.7642, 0.9381|740
20|0.4364, -0.5524, -0.7990, -0.6723, -1.3150, -1.2428, 0.8060, 0.9652|980
21|0.4667, -0.6072, -0.8430, -0.7113, -1.3362, -1.2953, 0.8693, 0.9368|360
22|0.4534, -0.6520, -0.8772, -0.6961, -1.3425, -1.2557, 0.8353, 0.9382|880
23|0.5626, -0.7332, -0.8415, -0.7641, -1.2886, -1.2060, 0.8003, 1.0024|840
24|0.5446, -0.8709, -0.9489, -0.7426, -1.2254, -1.2113, 0.7350, 0.9959|1920
25|0.5999, -0.9893, -0.8738, -0.6847, -1.1537, -1.2742, 0.6240, 0.9832|720
26|0.6208, -1.0049, -0.8529, -0.6533, -1.0839, -1.3305, 0.5880, 0.9765|1800
27|0.6743, -1.0719, -0.8415, -0.6829, -1.0902, -1.2616, 0.4854, 1.0180|620
28|0.6043, -1.1279, -0.8422, -0.7054, -1.0499, -1.2350, 0.3443, 1.0379|1100
29|0.6015, -1.1146, -0.8157, -0.7147, -1.1281, -1.2426, 0.2477, 1.0397|1960
30|0.6399, -1.0903, -0.8365, -0.7404, -1.1295, -1.1697, 0.2720, 1.1654|1460
31|0.7030, -1.1402, -0.9217, -0.6614, -1.0419, -1.2366, 0.2776, 1.1180|520
