0|-1.1376, -1.1986, -0.3793, -0.9990, -1.0540, 0.3735, 0.1115, 0.2227|360
1|-1.1344, -1.1987, -0.3753, -0.9968, -1.0567, 0.3684, 0.1140, 0.2197|920
2|-1.1287, -1.2017, -0.3770, -0.9968, -1.0564, 0.3587, 0.1253, 0.2216|160
3|-1.1198, -1.2121, -0.3659, -1.0028, -1.0521, 0.3576, 0.1248, 0.2224|160
4|-1.1152, -1.2178, -0.3720, -1.0115, -1.0410, 0.3564, 0.1286, 0.2208|660
5|-1.1134, -1.2164, -0.3800, -1.0076, -1.0435, 0.3512, 0.1376, 0.2289|720
6|-1.1057, -1.2245, -0.3744, -1.0082, -1.0424, 0.3450, 0.1430, 0.2367|400
7|-1.1084, -1.2224, -0.3618, -1.0171, -1.0342, 0.3411, 0.1438, 0.2326|160
8|-1.1034, -1.2276, -0.3571, -1.0240, -1.0374, 0.3365, 0.1474, 0.2338|0
9|-1.0933, -1.2342, -0.3473, -1.0183, -1.0343, 0.3296, 0.1572, 0.2394|480
10|-1.0894, -1.2395, -0.3510, -1.0258, -1.0303, 0.3207, 0.1557, 0.2344|300
11|-1.0850, -1.2365, -0.3558, -1.0357, -1.0315, 0.3154, 0.1489, 0.2325|120
12|-1.0823, -1.2409, -0.3554, -1.0310, -1.0405, 0.3052, 0.1543, 0.2295|880
13|-1.0711, -1.2494, -0.3676, -1.0346, -1.0407, 0.3001, 0.1457, 0.2313|940
14|-1.0650, -1.2543, -0.3625, -1.0331, -1.0413, 0.2896, 0.1481, 0.2273|800
15|-1.0639, -1.2463, -0.3667, -1.0412, -1.0446, 0.2940, 0.1568, 0.2238|240
16|-1.0631, -1.2456, -0.3612, -1.0417, -1.0436, 0.2861, 0.1496, 0.2356|400
17|-1.0538, -1.2452, -0.3577, -1.0492, -1.0456, 0.2782, 0.1461, 0.2420|400
18|-1.0489, -1.2476, -0.3552, -1.0475, -1.0436, 0.2842, 0.1448, 0.2474|380
19|-1.0507, -1.2494, -0.3583, -1.0430, -1.0399, 0.2920, 0.1477, 0.2488|520
20|-1.0411, -1.2539, -0.3512, -1.0503, -1.0416, 0.2932, 0.1493, 0.2471|320
21|-1.0359, -1.2482, -0.3472, -1.0506, -1.0423, 0.2802, 0.1453, 0.2503|80
22|-1.0351, -1.2505, -0.3512, -1.0534, -1.0410, 0.2836, 0.1411, 0.2477|440
23|-1.0296, -1.2478, -0.3536, -1.0670, -1.0382, 0.2808, 0.1367, 0.2554|840
24|-1.0259, -1.2542, -0.3527, -1.0691, -1.0357, 0.2850, 0.1398, 0.2507|40
25|-1.0152, -1.2521, -0.3592, -1.0598, -1.0339, 0.2853, 0.1422, 0.2509|320
26|-1.0106, -1.2555, -0.3635, -1.0570, -1.0445, 0.2839, 0.1512, 0.2582|660
27|-1.0081, -1.2579, -0.3713, -1.0565, -1.0423, 0.2887, 0.1520, 0.2542|400
28|-0.9984, -1.2651, -0.3725, -1.0580, -1.0455, 0.2833, 0.1489, 0.2500|320
29|-0.9983, -1.2592, -0.3776, -1.0597, -1.0489, 0.2796, 0.1568, 0.2470|280
30|-0.9971, -1.2600, -0.3853, -1.0642, -1.0424, 0.2759, 0.1570, 0.2557|200
31|-0.9949, -1.2599, -0.3949, -1.0661, -1.0476, 0.2761, 0.1593, 0.2583|140
