0|-1.1834, -0.2778, -0.1354, 0.4191, -0.0012, -1.2334, -1.1807, -1.4280|40
1|-1.2009, -0.2793, -0.1546, 0.3727, -0.0272, -1.2596, -1.1903, -1.4271|0
2|-1.1882, -0.2839, -0.1617, 0.3241, -0.0516, -1.2663, -1.1781, -1.4246|40
3|-1.1813, -0.2788, -0.1753, 0.2643, -0.0500, -1.2879, -1.1919, -1.4343|120
4|-1.1665, -0.3062, -0.1815, 0.2399, -0.0529, -1.3058, -1.1785, -1.4309|120
5|-1.1741, -0.3149, -0.1913, 0.2016, -0.0609, -1.2960, -1.1831, -1.4259|120
6|-1.1464, -0.3285, -0.2119, 0.1658, -0.0535, -1.2942, -1.1808, -1.4154|380
7|-1.1266, -0.3398, -0.2313, 0.1355, -0.0807, -1.3151, -1.1773, -1.4282|360
8|-1.1033, -0.3754, -0.2323, 0.1401, -0.0883, -1.3319, -1.1635, -1.4269|120
9|-1.0899, -0.3986, -0.2512, 0.1015, -0.0969, -1.3280, -1.1760, -1.4435|120
10|-1.0757, -0.4195, -0.2592, 0.0941, -0.1086, -1.3216, -1.1712, -1.4459|240
11|-1.0534, -0.4239, -0.2635, 0.0863, -0.1210, -1.3203, -1.1587, -1.4398|200
12|-1.0423, -0.4247, -0.2641, 0.0822, -0.1163, -1.3289, -1.1435, -1.4448|280
13|-1.0412, -0.4304, -0.2806, 0.0822, -0.1153, -1.3339, -1.1424, -1.4336|160
14|-1.0230, -0.4334, -0.2983, 0.0498, -0.1088, -1.3331, -1.1541, -1.4292|440
15|-1.0079, -0.4473, -0.2989, 0.0364, -0.1146, -1.3280, -1.1444, -1.4398|160
16|-0.9852, -0.4524, -0.3170, 0.0249, -0.1291, -1.3217, -1.1382, -1.4208|240
17|-0.9582, -0.4675, -0.3337, 0.0008, -0.1338, -1.3235, -1.1527, -1.4043|420
18|-0.9449, -0.4877, -0.3438, -0.0124, -0.1414, -1.3246, -1.1361, -1.4005|120
19|-0.9362, -0.5054, -0.3593, -0.0176, -0.1362, -1.3282, -1.1355, -1.4091|480
20|-0.9315, -0.4998, -0.3548, -0.0385, -0.1620, -1.3353, -1.1347, -1.4143|280
21|-0.9256, -0.5027, -0.3646, -0.0508, -0.1601, -1.3326, -1.1386, -1.4078|240
22|-0.8966, -0.5416, -0.3741, -0.0532, -0.1699, -1.3317, -1.1345, -1.4102|160
23|-0.8830, -0.5530, -0.3879, -0.0645, -0.1887, -1.3442, -1.1127, -1.4022|240
24|-0.8824, -0.5728, -0.3899, -0.0823, -0.2084, -1.3445, -1.1095, -1.3871|760
25|-0.8634, -0.5980, -0.4230, -0.0820, -0.2062, -1.3435, -1.1049, -1.3636|500
26|-0.8327, -0.6028, -0.4462, -0.0737, -0.2211, -1.3343, -1.0991, -1.3646|1260
27|-0.8477, -0.6023, -0.4650, -0.0883, -0.2135, -1.3398, -1.0930, -1.3543|360
28|-0.8442, -0.6059, -0.4627, -0.0917, -0.2165, -1.3365, -1.0874, -1.3551|320
29|-0.8283, -0.5993, -0.4846, -0.1034, -0.2126, -1.3418, -1.0754, -1.3566|360
30|-0.8320, -0.6106, -0.4913, -0.0988, -0.2346, -1.3457, -1.0608, -1.3463|620
31|-0.8106, -0.6290, -0.4726, -0.0915, -0.2605, -1.3475, -1.0724, -1.3376|640
32|-0.7957, -0.6417, -0.4893, -0.1057, -0.2428, -1.3457, -1.0943, -1.3432|240
33|-0.7940, -0.6345, -0.4953, -0.0926, -0.2562, -1.3581, -1.0978, -1.3441|840
34|-0.8011, -0.6399, -0.5177, -0.1081, -0.2650, -1.3697, -1.0819, -1.3537|360
35|-0.8054, -0.6555, -0.5272, -0.1122, -0.2564, -1.3722, -1.0748, -1.3481|260
36|-0.7859, -0.6701, -0.5376, -0.1430, -0.2441, -1.3643, -1.0717, -1.3260|920
37|-0.7868, -0.6806, -0.5266, -0.1511, -0.2438, -1.3634, -1.0713, -1.3131|320
38|-0.7619, -0.6727, -0.5208, -0.1636, -0.2496, -1.3870, -1.0578, -1.3341|600
39|-0.7414, -0.6907, -0.5352, -0.1632, -0.2468, -1.3919, -1.0617, -1.3348|620
40|-0.7350, -0.6798, -0.5383, -0.1648, -0.2423, -1.4043, -1.0423, -1.3342|980
41|-0.7332, -0.6787, -0.5464, -0.1803, -0.2594, -1.4114, -1.0578, -1.3115|560
42|-0.7317, -0.6843, -0.5623, -0.1941, -0.2606, -1.4027, -1.0405, -1.3125|480
43|-0.7385, -0.7074, -0.5536, -0.2116, -0.2494, -1.4098, -1.0315, -1.3181|200
44|-0.7095, -0.7173, -0.5707, -0.2062, -0.2239, -1.4143, -1.0161, -1.3047|1060
45|-0.7131, -0.7278, -0.5958, -0.1896, -0.2353, -1.4215, -1.0066, -1.3048|120
46|-0.7020, -0.7497, -0.5964, -0.2004, -0.2366, -1.4221, -1.0051, -1.3007|320
47|-0.6677, -0.7659, -0.5883, -0.1984, -0.2480, -1.4310, -1.0058, -1.3091|120
48|-0.6792, -0.7799, -0.5934, -0.1931, -0.2368, -1.4252, -1.0050, -1.3125|120
49|-0.6578, -0.7895, -0.5842, -0.2169, -0.2313, -1.4269, -1.0010, -1.3120|700
50|-0.6574, -0.7912, -0.5760, -0.2130, -0.2254, -1.4148, -0.9889, -1.3259|980
51|-0.6538, -0.7981, -0.5816, -0.2146, -0.2129, -1.4078, -0.9922, -1.3245|300
52|-0.6457, -0.7868, -0.6132, -0.2136, -0.2285, -1.4097, -1.0108, -1.3112|280
53|-0.6437, -0.8059, -0.6137, -0.2144, -0.2332, -1.3895, -1.0055, -1.3231|320
54|-0.6441, -0.8002, -0.6329, -0.2266, -0.2302, -1.4091, -0.9983, -1.3245|440
55|-0.6471, -0.8144, -0.6371, -0.2221, -0.2399, -1.4013, -1.0012, -1.3298|80
56|-0.6460, -0.8156, -0.6330, -0.2311, -0.2424, -1.4141, -1.0042, -1.3206|1520
57|-0.6430, -0.8166, -0.6480, -0.2296, -0.2479, -1.4186, -1.0150, -1.2989|700
58|-0.6467, -0.8194, -0.6447, -0.2277, -0.2563, -1.4116, -1.0244, -1.2918|240
59|-0.6395, -0.8160, -0.6369, -0.2448, -0.2586, -1.4137, -1.0138, -1.2970|1560
60|-0.6528, -0.8182, -0.6223, -0.2366, -0.2619, -1.4205, -0.9860, -1.2837|760
61|-0.6294, -0.8371, -0.6177, -0.2377, -0.2720, -1.4204, -0.9744, -1.2818|480
62|-0.6294, -0.8531, -0.6248, -0.2481, -0.2820, -1.4320, -0.9668, -1.2787|640
63|-0.6269, -0.8730, -0.6346, -0.2646, -0.2873, -1.4290, -0.9524, -1.2838|480
