0|1.4400, 0.0507, -1.1124, -1.1658, 0.6773, 0.8725, -1.2689, -0.6070|140
1|1.4367, 0.0238, -1.0959, -1.1868, 0.6707, 0.8559, -1.2712, -0.6001|380
2|1.4487, 0.0204, -1.0984, -1.1960, 0.6687, 0.8524, -1.2640, -0.6080|420
3|1.4354, 0.0190, -1.1053, -1.1939, 0.6741, 0.8289, -1.2565, -0.5959|40
4|1.4459, 0.0129, -1.1045, -1.2024, 0.6672, 0.8029, -1.2645, -0.5760|840
5|1.4572, -0.0019, -1.0999, -1.1967, 0.6286, 0.7923, -1.2726, -0.5773|160
6|1.4609, 0.0021, -1.0952, -1.2076, 0.6113, 0.7909, -1.2791, -0.5833|80
7|1.4719, -0.0049, -1.0875, -1.2267, 0.5959, 0.7733, -1.2781, -0.5830|720
8|1.4780, -0.0196, -1.0863, -1.2503, 0.5979, 0.7558, -1.2807, -0.5837|440
9|1.4718, -0.0280, -1.0692, -1.2522, 0.5886, 0.7360, -1.3084, -0.5745|500
10|1.4905, -0.0352, -1.0527, -1.2544, 0.5802, 0.7427, -1.2818, -0.5676|360
11|1.4977, -0.0572, -1.0472, -1.2576, 0.5649, 0.7363, -1.2770, -0.5777|40
12|1.5003, -0.0621, -1.0579, -1.2670, 0.5534, 0.7308, -1.2775, -0.5715|240
13|1.5178, -0.0780, -1.0662, -1.2697, 0.5530, 0.7276, -1.2766, -0.5684|320
14|1.5076, -0.0628, -1.0735, -1.2745, 0.5635, 0.7357, -1.2785, -0.5822|940
15|1.5050, -0.0764, -1.0569, -1.2881, 0.5653, 0.7251, -1.2908, -0.5910|0
16|1.4925, -0.0932, -1.0416, -1.2993, 0.5619, 0.7349, -1.2878, -0.5967|420
17|1.4873, -0.1043, -1.0327, -1.3007, 0.5510, 0.7304, -1.2987, -0.5843|300
18|1.4889, -0.0955, -1.0491, -1.3077, 0.5611, 0.7207, -1.2855, -0.5753|120
19|1.4941, -0.1100, -1.0372, -1.3235, 0.5539, 0.7116, -1.2755, -0.5670|220
20|1.4898, -0.1030, -1.0560, -1.3444, 0.5525, 0.7038, -1.2814, -0.5680|880
21|1.5128, -0.1205, -1.0463, -1.3236, 0.5461, 0.6953, -1.2672, -0.5546|220
22|1.5011, -0.1238, -1.0606, -1.3274, 0.5496, 0.7035, -1.2672, -0.5590|320
23|1.4981, -0.1351, -1.0440, -1.3229, 0.5392, 0.6955, -1.2683, -0.5570|300
24|1.4964, -0.1618, -1.0483, -1.3160, 0.5355, 0.6979, -1.2570, -0.5619|160
25|1.4952, -0.1768, -1.0724, -1.3197, 0.5282, 0.6894, -1.2489, -0.5424|180
26|1.5022, -0.1841, -1.0722, -1.3213, 0.5176, 0.6800, -1.2507, -0.5414|680
27|1.5159, -0.1828, -1.0778, -1.3215, 0.5063, 0.6635, -1.2342, -0.5380|360
28|1.5292, -0.1976, -1.0790, -1.3267, 0.4867, 0.6670, -1.2378, -0.5475|900
29|1.5512, -0.2049, -1.0672, -1.3434, 0.4740, 0.6565, -1.2344, -0.5579|680
30|1.5668, -0.1992, -1.0824, -1.3349, 0.4658, 0.6465, -1.2218, -0.5489|120
31|1.5764, -0.2242, -1.0841, -1.3328, 0.4649, 0.6187, -1.2104, -0.5330|80
