0|0.2672, 1.2212, -1.2686, -0.0351, -1.1273, 0.4734, 0.1420, -0.7180|300
1|0.2749, 1.2265, -1.2636, -0.0435, -1.1191, 0.4686, 0.1396, -0.7170|40
2|0.2815, 1.2342, -1.2611, -0.0500, -1.1203, 0.4626, 0.1470, -0.7196|80
3|0.2896, 1.2364, -1.2479, -0.0633, -1.1243, 0.4650, 0.1458, -0.7249|40
4|0.2908, 1.2316, -1.2444, -0.0658, -1.1237, 0.4592, 0.1439, -0.7255|40
5|0.2915, 1.2347, -1.2422, -0.0813, -1.1298, 0.4514, 0.1486, -0.7276|180
6|0.2826, 1.2431, -1.2454, -0.0950, -1.1454, 0.4428, 0.1510, -0.7254|0
7|0.2903, 1.2489, -1.2416, -0.0968, -1.1475, 0.4417, 0.1553, -0.7171|40
8|0.2858, 1.2447, -1.2469, -0.1088, -1.1473, 0.4353, 0.1571, -0.7084|40
9|0.2989, 1.2429, -1.2471, -0.1194, -1.1520, 0.4257, 0.1491, -0.7191|40
10|0.2928, 1.2413, -1.2442, -0.1324, -1.1581, 0.4104, 0.1528, -0.7107|0
11|0.2915, 1.2442, -1.2401, -0.1469, -1.1626, 0.3955, 0.1537, -0.7158|80
12|0.2933, 1.2379, -1.2328, -0.1585, -1.1691, 0.3991, 0.1547, -0.7163|0
13|0.2900, 1.2490, -1.2270, -0.1591, -1.1768, 0.3925, 0.1548, -0.7182|160
14|0.2817, 1.2534, -1.2150, -0.1562, -1.1786, 0.3863, 0.1576, -0.7272|80
15|0.2752, 1.2536, -1.2124, -0.1692, -1.1779, 0.3861, 0.1638, -0.7280|120
16|0.2822, 1.2459, -1.2138, -0.1830, -1.1777, 0.3883, 0.1637, -0.7259|200
17|0.2807, 1.2447, -1.2077, -0.1900, -1.1766, 0.3895, 0.1661, -0.7187|0
18|0.2849, 1.2470, -1.2097, -0.1997, -1.1906, 0.3984, 0.1632, -0.7117|120
19|0.2987, 1.2550, -1.2035, -0.2137, -1.2043, 0.3937, 0.1624, -0.7218|0
20|0.3047, 1.2524, -1.1955, -0.2265, -1.2073, 0.3900, 0.1636, -0.7309|120
21|0.3114, 1.2599, -1.1934, -0.2476, -1.2141, 0.3914, 0.1605, -0.7354|180
22|0.3103, 1.2642, -1.1891, -0.2604, -1.2109, 0.3839, 0.1666, -0.7343|160
23|0.3192, 1.2498, -1.1894, -0.2625, -1.2117, 0.3801, 0.1672, -0.7387|180
24|0.3177, 1.2497, -1.1921, -0.2766, -1.2108, 0.3743, 0.1624, -0.7387|440
25|0.3180, 1.2545, -1.1921, -0.2792, -1.2049, 0.3646, 0.1659, -0.7386|0
26|0.3084, 1.2573, -1.1868, -0.2841, -1.2041, 0.3557, 0.1622, -0.7381|700
27|0.3143, 1.2601, -1.1841, -0.2946, -1.2039, 0.3517, 0.1567, -0.7433|200
28|0.3184, 1.2596, -1.1847, -0.3037, -1.2069, 0.3513, 0.1565, -0.7507|240
29|0.3027, 1.2652, -1.1847, -0.3090, -1.2077, 0.3375, 0.1573, -0.7545|160
30|0.2957, 1.2660, -1.1849, -0.3129, -1.2071, 0.3412, 0.1511, -0.7545|0
31|0.3008, 1.2630, -1.1836, -0.3259, -1.2086, 0.3283, 0.1494, -0.7487|160
