0|-1.3466, -0.0755, -0.5558, 0.2542, -1.3393, 1.1690, -0.2596, -1.1604|0
1|-1.3424, -0.0907, -0.5664, 0.2497, -1.3239, 1.1743, -0.2586, -1.1491|0
2|-1.3348, -0.0742, -0.5738, 0.2478, -1.3169, 1.1521, -0.2503, -1.1622|0
3|-1.3260, -0.0904, -0.5719, 0.2257, -1.3135, 1.1549, -0.2690, -1.1646|0
4|-1.3154, -0.0869, -0.5737, 0.2293, -1.2934, 1.1346, -0.2709, -1.1657|0
5|-1.3128, -0.0786, -0.5873, 0.2322, -1.2972, 1.1444, -0.2843, -1.1705|0
6|-1.3190, -0.0768, -0.6056, 0.2329, -1.2960, 1.1328, -0.2724, -1.1691|0
7|-1.3282, -0.0771, -0.6079, 0.2263, -1.3137, 1.1405, -0.2750, -1.1685|0
8|-1.3263, -0.0905, -0.6143, 0.2164, -1.3014, 1.1407, -0.2806, -1.1716|40
9|-1.3327, -0.0751, -0.6102, 0.2092, -1.2917, 1.1352, -0.2592, -1.1622|0
10|-1.3251, -0.0785, -0.6171, 0.1854, -1.3053, 1.1264, -0.2636, -1.1440|0
11|-1.3219, -0.0641, -0.6338, 0.1837, -1.3046, 1.1243, -0.2642, -1.1543|0
12|-1.3330, -0.0518, -0.6491, 0.1752, -1.3124, 1.0970, -0.2732, -1.1683|0
13|-1.3456, -0.0339, -0.6670, 0.1640, -1.3116, 1.0990, -0.2701, -1.1740|0
14|-1.3575, -0.0358, -0.6619, 0.1450, -1.2973, 1.0940, -0.2789, -1.1858|0
15|-1.3562, -0.0452, -0.6626, 0.1224, -1.2897, 1.0879, -0.2952, -1.1865|0
16|-1.3497, -0.0354, -0.6757, 0.1076, -1.2624, 1.0957, -0.2868, -1.1687|40
17|-1.3430, -0.0328, -0.6623, 0.1018, -1.2558, 1.1115, -0.2959, -1.1777|40
18|-1.3498, -0.0185, -0.6814, 0.0785, -1.2430, 1.1090, -0.3101, -1.1931|0
19|-1.3516, -0.0219, -0.7003, 0.0747, -1.2438, 1.0984, -0.3081, -1.1702|0
20|-1.3703, -0.0278, -0.7073, 0.0621, -1.2596, 1.0963, -0.3201, -1.1561|0
21|-1.3600, -0.0257, -0.6895, 0.0525, -1.2706, 1.1139, -0.3191, -1.1646|0
22|-1.3585, -0.0280, -0.6882, 0.0577, -1.2700, 1.1114, -0.3094, -1.1545|0
23|-1.3638, -0.0414, -0.6849, 0.0506, -1.2693, 1.1133, -0.3108, -1.1584|0
24|-1.3714, -0.0589, -0.7002, 0.0451, -1.2733, 1.1094, -0.3010, -1.1550|0
25|-1.3589, -0.0640, -0.7136, 0.0406, -1.2740, 1.1149, -0.2977, -1.1496|0
26|-1.3595, -0.0739, -0.7265, 0.0373, -1.2713, 1.1157, -0.3011, -1.1477|0
27|-1.3684, -0.0759, -0.7286, 0.0082, -1.2723, 1.1135, -0.2963, -1.1466|40
28|-1.3633, -0.0687, -0.7371, 0.0007, -1.2888, 1.1238, -0.2941, -1.1477|0
29|-1.3473, -0.0675, -0.7530, -0.0050, -1.2900, 1.1364, -0.2984, -1.1497|140
30|-1.3354, -0.0819, -0.7662, -0.0190, -1.2779, 1.1162, -0.2898, -1.1655|0
31|-1.3313, -0.0927, -0.7688, -0.0152, -1.2707, 1.1136, -0.3126, -1.1567|40
