0|1.2876, -1.1100, -1.2941, -0.9210, -1.2645, 0.6525, -1.2738, 1.2631|320
1|1.2883, -1.1077, -1.2866, -0.9140, -1.2593, 0.6379, -1.2763, 1.2632|480
2|1.2884, -1.0955, -1.2689, -0.9337, -1.2766, 0.6313, -1.2907, 1.2498|1140
3|1.2549, -1.1099, -1.2596, -0.9340, -1.2708, 0.6401, -1.2945, 1.2458|280
4|1.2808, -1.1085, -1.2593, -0.9387, -1.2722, 0.6258, -1.2955, 1.2520|1340
5|1.2795, -1.1165, -1.2627, -0.9643, -1.2618, 0.6351, -1.2872, 1.2753|460
6|1.2782, -1.0972, -1.2557, -0.9874, -1.2615, 0.6322, -1.3107, 1.2811|780
7|1.3058, -1.1221, -1.2552, -0.9812, -1.2579, 0.6257, -1.2885, 1.2850|1260
8|1.3179, -1.1315, -1.2632, -0.9827, -1.2589, 0.6085, -1.2857, 1.2976|420
9|1.3364, -1.1434, -1.2692, -0.9840, -1.2562, 0.5941, -1.2625, 1.3060|1280
10|1.3568, -1.1554, -1.2591, -0.9833, -1.2619, 0.5566, -1.2436, 1.3301|2180
11|1.3765, -1.1646, -1.2637, -0.9811, -1.2276, 0.5531, -1.2475, 1.3171|1420
12|1.3618, -1.1613, -1.2978, -0.9920, -1.2319, 0.5446, -1.2598, 1.3203|40
13|1.3504, -1.1907, -1.3100, -1.0271, -1.2360, 0.5438, -1.2415, 1.3034|1140
14|1.3514, -1.1673, -1.3011, -1.0606, -1.2190, 0.5440, -1.2478, 1.3083|700
15|1.3583, -1.1771, -1.2801, -1.0817, -1.2130, 0.5155, -1.2537, 1.2846|220
16|1.3312, -1.1965, -1.2726, -1.1019, -1.2115, 0.5146, -1.2472, 1.2825|900
17|1.3503, -1.2064, -1.2858, -1.0815, -1.2141, 0.5139, -1.2238, 1.2617|2860
18|1.3688, -1.2368, -1.3057, -1.0942, -1.2260, 0.5147, -1.2407, 1.2655|2180
19|1.3975, -1.2458, -1.3234, -1.1066, -1.1963, 0.4797, -1.2212, 1.2543|120
20|1.4202, -1.2605, -1.3304, -1.1355, -1.1824, 0.4608, -1.1872, 1.2669|580
21|1.4227, -1.2742, -1.3211, -1.1394, -1.1684, 0.4386, -1.1756, 1.2709|280
22|1.4527, -1.3209, -1.3134, -1.1386, -1.1709, 0.4177, -1.1847, 1.2641|1020
23|1.4621, -1.3313, -1.3016, -1.1371, -1.1792, 0.4201, -1.1525, 1.2859|1780
24|1.4625, -1.3503, -1.3012, -1.1368, -1.1855, 0.4165, -1.1480, 1.3019|360
25|1.4784, -1.3651, -1.2979, -1.1451, -1.1660, 0.4239, -1.1183, 1.3131|240
26|1.4810, -1.3668, -1.2878, -1.1598, -1.1520, 0.3946, -1.0965, 1.2847|1580
27|1.5159, -1.4059, -1.2832, -1.1724, -1.1552, 0.4035, -1.0609, 1.2615|700
28|1.5285, -1.4167, -1.2946, -1.1873, -1.1504, 0.3510, -1.0663, 1.2675|920
29|1.5279, -1.4464, -1.3080, -1.1983, -1.1502, 0.3647, -1.0697, 1.2725|80
30|1.5230, -1.4618, -1.3131, -1.1857, -1.1280, 0.3621, -1.0458, 1.2556|1780
31|1.5403, -1.4926, -1.2954, -1.2148, -1.1199, 0.3382, -1.0246, 1.2722|340
