0|-0.7214, 0.9428, -1.4920, -0.4262, 0.0222, -0.6100, -0.6023, -0.5612|120
1|-0.6877, 0.9643, -1.4631, -0.4309, 0.0259, -0.6538, -0.5675, -0.5676|180
2|-0.6224, 0.9970, -1.4214, -0.6327, -0.0255, -0.6873, -0.5295, -0.5419|40
3|-0.6432, 0.8708, -1.4987, -0.7393, -0.0376, -0.7323, -0.4636, -0.4995|120
4|-0.6415, 0.8462, -1.4721, -0.7947, -0.0237, -0.7557, -0.4156, -0.4672|80
5|-0.6868, 0.8441, -1.4922, -0.6969, 0.0427, -0.7250, -0.4405, -0.4881|360
6|-0.6882, 0.8410, -1.5084, -0.7322, 0.0080, -0.7090, -0.3834, -0.4964|40
7|-0.6913, 0.8105, -1.5524, -0.7917, -0.0442, -0.7995, -0.3615, -0.5190|40
8|-0.7050, 0.7886, -1.5901, -0.8505, -0.0822, -0.8080, -0.3137, -0.4926|240
9|-0.6739, 0.7363, -1.5808, -0.8770, -0.0756, -0.8008, -0.2591, -0.4466|180
10|-0.7630, 0.7550, -1.6127, -0.9302, -0.1073, -0.8313, -0.1549, -0.3896|560
11|-0.7732, 0.7633, -1.5604, -0.8961, -0.1212, -0.7438, -0.0789, -0.3359|220
12|-0.7762, 0.7825, -1.5513, -0.8406, -0.1503, -0.7264, -0.1210, -0.3633|160
13|-0.8472, 0.7905, -1.5177, -0.8280, -0.0837, -0.7473, -0.1485, -0.3857|40
14|-0.7163, 0.7237, -1.4440, -0.8561, -0.1456, -0.6895, -0.1157, -0.3886|200
15|-0.6403, 0.7405, -1.3919, -0.8561, -0.2487, -0.7757, 0.0032, -0.3834|40
16|-0.5493, 0.6959, -1.2880, -0.9213, -0.2857, -0.8000, 0.0408, -0.3082|420
17|-0.5708, 0.7003, -1.3146, -0.9033, -0.3000, -0.8371, 0.0541, -0.3103|560
18|-0.5693, 0.5933, -1.3373, -0.9043, -0.2742, -0.8370, 0.0974, -0.2936|620
19|-0.5225, 0.5199, -1.3725, -0.9295, -0.2594, -0.8694, 0.1094, -0.3245|700
20|-0.4955, 0.5067, -1.4650, -0.9605, -0.2871, -0.8440, 0.1601, -0.3074|2520
21|-0.5253, 0.5078, -1.4773, -1.0461, -0.3182, -0.9047, 0.2336, -0.2756|400
22|-0.4940, 0.4400, -1.5062, -1.0741, -0.2829, -0.8775, 0.1760, -0.2335|420
23|-0.5436, 0.2892, -1.4991, -1.1481, -0.2950, -0.8795, 0.2132, -0.2736|340
24|-0.5384, 0.2849, -1.4566, -1.1357, -0.3440, -0.8137, 0.1849, -0.3038|380
25|-0.4604, 0.2333, -1.4089, -1.1517, -0.3750, -0.7940, 0.1798, -0.3070|940
26|-0.4482, 0.1710, -1.4252, -1.1300, -0.4087, -0.7460, 0.1752, -0.2634|400
27|-0.4251, 0.2185, -1.4875, -1.1892, -0.4163, -0.8002, 0.1730, -0.2450|700
28|-0.4113, 0.2584, -1.5952, -1.1352, -0.2419, -0.7683, 0.1992, -0.2346|280
29|-0.3834, 0.2035, -1.5475, -1.1426, -0.1951, -0.7770, 0.2095, -0.2134|380
30|-0.3013, 0.2761, -1.5356, -1.1901, -0.2500, -0.8139, 0.2168, -0.1730|380
31|-0.2618, 0.2570, -1.5026, -1.2459, -0.2444, -0.8768, 0.3068, -0.2252|620
32|-0.2870, 0.1899, -1.4792, -1.2297, -0.2398, -0.9345, 0.2585, -0.2038|1520
33|-0.2014, 0.1904, -1.5458, -1.2204, -0.3017, -0.9335, 0.1843, -0.1992|1280
34|-0.1291, 0.1326, -1.5911, -1.2224, -0.3226, -0.9134, 0.2746, -0.2005|700
35|-0.0593, 0.0509, -1.6356, -1.2391, -0.3781, -1.0236, 0.3333, -0.2038|280
36|-0.1121, 0.0755, -1.6717, -1.2468, -0.3076, -1.0889, 0.3346, -0.1536|1380
37|-0.0454, 0.1445, -1.7361, -1.2111, -0.2336, -1.1203, 0.3408, -0.1170|1360
38|-0.0738, 0.1192, -1.7826, -1.1600, -0.2664, -1.0635, 0.3605, -0.0579|1100
39|-0.0610, 0.0424, -1.7257, -1.2068, -0.2691, -1.0450, 0.3719, -0.0023|2580
40|-0.0225, -0.0190, -1.7634, -1.2366, -0.2061, -1.0085, 0.3734, -0.0339|1340
41|0.0128, -0.0522, -1.7786, -1.2873, -0.2441, -0.9254, 0.4375, -0.0833|1440
42|-0.0059, -0.0853, -1.8227, -1.3245, -0.2547, -0.9310, 0.4007, -0.1027|1180
43|0.0435, -0.0600, -1.7281, -1.2230, -0.1746, -0.8457, 0.4454, -0.1268|920
44|0.1376, -0.1257, -1.8060, -1.1844, -0.1469, -0.8151, 0.4218, -0.0394|640
45|0.1460, -0.1167, -1.8448, -1.2044, -0.1064, -0.8423, 0.4231, -0.0850|2640
46|0.1501, -0.1003, -1.7710, -1.2129, -0.0434, -0.8869, 0.4295, -0.1179|240
47|0.1696, -0.1031, -1.7787, -1.1654, -0.1099, -0.8808, 0.4802, -0.1574|1820
48|0.1655, -0.1292, -1.8530, -1.1663, -0.0895, -0.9349, 0.3291, -0.1347|640
49|0.1831, -0.1392, -1.8665, -1.2075, -0.0319, -0.9791, 0.4068, -0.1550|740
50|0.1985, -0.1893, -1.8906, -1.1405, -0.0325, -1.0048, 0.4203, -0.1723|440
51|0.2603, -0.2011, -1.9399, -1.0793, -0.0161, -0.9864, 0.4639, -0.1388|1060
52|0.2627, -0.1358, -1.9589, -1.0867, 0.0177, -1.0359, 0.5053, -0.1546|240
53|0.2170, -0.0807, -1.9946, -1.0696, 0.0554, -0.9757, 0.5050, -0.1341|740
54|0.2202, -0.0703, -1.9480, -0.9808, 0.0425, -0.9508, 0.5061, -0.1069|540
55|0.2964, -0.0968, -1.9432, -0.9367, 0.0229, -0.8913, 0.5362, -0.0470|160
56|0.3221, -0.1061, -1.9836, -0.9925, -0.0808, -0.9451, 0.4547, -0.0566|2240
57|0.3477, -0.0834, -1.9366, -0.9940, -0.1266, -0.8213, 0.5725, -0.1245|200
58|0.4047, -0.0668, -1.8347, -1.0525, -0.1697, -0.8637, 0.5594, -0.1719|160
59|0.4239, -0.0850, -1.7276, -1.0127, -0.1453, -0.9467, 0.5559, -0.1393|460
60|0.4842, -0.0531, -1.8099, -1.0293, -0.1936, -0.9066, 0.5372, -0.2342|680
61|0.5305, -0.1276, -1.7800, -0.9556, -0.1917, -0.8640, 0.5632, -0.2229|1140
62|0.4975, -0.1882, -1.7030, -0.9259, -0.2454, -0.7819, 0.5459, -0.2143|300
63|0.5839, -0.2075, -1.7082, -0.8693, -0.2298, -0.7968, 0.5957, -0.1627|380
64|0.6054, -0.1394, -1.6459, -0.8519, -0.2569, -0.8524, 0.5585, -0.1659|440
65|0.5965, -0.1299, -1.6267, -0.9324, -0.2584, -0.8481, 0.4517, -0.1547|580
66|0.5680, -0.1418, -1.6518, -0.9139, -0.2813, -0.8625, 0.4615, -0.1505|340
67|0.6252, -0.2102, -1.5847, -0.9179, -0.2924, -0.7721, 0.5306, -0.0814|760
68|0.6538, -0.1710, -1.6059, -0.9076, -0.2607, -0.7195, 0.5312, -0.0213|680
69|0.5880, -0.2576, -1.5370, -0.9838, -0.1954, -0.7355, 0.4872, -0.0395|320
70|0.6031, -0.3261, -1.4528, -0.9245, -0.0910, -0.8236, 0.4375, -0.1031|560
71|0.6388, -0.4569, -1.4752, -0.9666, -0.0241, -0.7870, 0.4152, -0.0924|860
72|0.6544, -0.5252, -1.4421, -0.9907, -0.1318, -0.8326, 0.4885, -0.1332|1180
73|0.6930, -0.5792, -1.4888, -1.0208, -0.1513, -0.8374, 0.3808, -0.0947|900
74|0.7550, -0.6419, -1.4105, -0.9877, -0.1702, -0.8815, 0.3632, -0.1989|1620
75|0.7212, -0.7139, -1.4336, -0.9234, -0.1143, -0.8941, 0.3847, -0.2266|1840
76|0.7554, -0.6698, -1.3520, -0.9554, -0.0900, -0.9172, 0.3679, -0.1137|740
77|0.7342, -0.7008, -1.3844, -0.9867, -0.1079, -0.8526, 0.4344, -0.0750|2000
78|0.6322, -0.7444, -1.4011, -1.0382, -0.1163, -0.8076, 0.4642, -0.0760|1900
79|0.6925, -0.8197, -1.4000, -1.1379, -0.1653, -0.8424, 0.5043, -0.0792|1680
80|0.6172, -0.8452, -1.4039, -1.0688, -0.0989, -0.7707, 0.4172, -0.0887|40
81|0.5547, -0.8885, -1.4816, -1.0866, -0.1172, -0.8162, 0.5136, -0.1285|440
82|0.5667, -0.8279, -1.4426, -1.0750, -0.0395, -0.8283, 0.5313, -0.1193|1120
83|0.5663, -0.7951, -1.3504, -1.0721, -0.0518, -0.8630, 0.4762, -0.0294|1680
84|0.7121, -0.7918, -1.4310, -1.0620, -0.0432, -0.8293, 0.4640, -0.1071|1220
85|0.7621, -0.7671, -1.4717, -1.0450, -0.0605, -0.7726, 0.5111, -0.1797|720
86|0.7923, -0.8108, -1.3270, -1.0374, -0.0093, -0.7951, 0.5601, -0.2110|300
87|0.8043, -0.8329, -1.4246, -1.0086, 0.0068, -0.7809, 0.5919, -0.0921|1440
88|0.8517, -0.8861, -1.3592, -0.9827, -0.0121, -0.7702, 0.5390, -0.1300|1180
89|0.8188, -0.9314, -1.4314, -0.9574, 0.0146, -0.7006, 0.4765, -0.0986|740
90|0.8188, -0.9134, -1.4608, -0.9834, -0.0370, -0.7214, 0.4204, -0.1361|160
91|0.9249, -0.9811, -1.4931, -1.0691, -0.1168, -0.6846, 0.4583, -0.0588|1940
92|0.9660, -1.0550, -1.4776, -1.1040, -0.1848, -0.7021, 0.5154, -0.0875|1060
93|0.9826, -1.1154, -1.5117, -1.1964, -0.2140, -0.6494, 0.4208, -0.0889|1000
94|1.0195, -1.1297, -1.5793, -1.1620, -0.2794, -0.6510, 0.4479, -0.1396|3180
95|0.9777, -1.1848, -1.6425, -1.1119, -0.2598, -0.7214, 0.4930, -0.0717|220
96|0.9287, -1.1690, -1.6358, -1.2024, -0.2975, -0.6678, 0.5411, -0.0472|3200
97|0.9141, -1.2533, -1.6536, -1.1345, -0.2728, -0.6135, 0.5244, -0.0310|820
98|0.9623, -1.2730, -1.6392, -1.1514, -0.2905, -0.5557, 0.5361, -0.0333|1440
99|0.8445, -1.2805, -1.6308, -1.2321, -0.3087, -0.5570, 0.5110, -0.0378|1780
