0|0.6520, -0.6346, -0.7946, -0.5581, 1.3245, -0.7675, 1.1722, 0.6947|0
1|0.6495, -0.6323, -0.7938, -0.5743, 1.3194, -0.7714, 1.1771, 0.6931|0
2|0.6437, -0.6326, -0.7991, -0.5862, 1.3023, -0.7775, 1.1717, 0.6937|40
3|0.6477, -0.6367, -0.7970, -0.6002, 1.2847, -0.7801, 1.1748, 0.6931|0
4|0.6508, -0.6399, -0.7948, -0.6074, 1.2665, -0.7854, 1.1751, 0.6854|40
5|0.6471, -0.6495, -0.7900, -0.6277, 1.2607, -0.7836, 1.1701, 0.6831|0
6|0.6431, -0.6468, -0.7910, -0.6512, 1.2461, -0.7916, 1.1680, 0.6920|0
7|0.6439, -0.6518, -0.7897, -0.6665, 1.2325, -0.7929, 1.1768, 0.6913|140
8|0.6497, -0.6461, -0.7909, -0.6866, 1.2188, -0.8040, 1.1777, 0.6878|0
9|0.6524, -0.6477, -0.7909, -0.7057, 1.2071, -0.8104, 1.1742, 0.6881|140
10|0.6451, -0.6411, -0.7933, -0.7196, 1.1937, -0.8127, 1.1801, 0.6863|100
11|0.6373, -0.6414, -0.7944, -0.7381, 1.1876, -0.8135, 1.1862, 0.6874|40
12|0.6317, -0.6372, -0.7918, -0.7505, 1.1763, -0.8043, 1.1865, 0.6780|180
13|0.6431, -0.6369, -0.7936, -0.7564, 1.1644, -0.8068, 1.1885, 0.6785|1540
14|0.6431, -0.6278, -0.7986, -0.7728, 1.1645, -0.8127, 1.1859, 0.6753|380
15|0.6435, -0.6336, -0.7982, -0.7969, 1.1601, -0.8234, 1.1850, 0.6727|120
16|0.6379, -0.6364, -0.7910, -0.8096, 1.1529, -0.8241, 1.1832, 0.6694|500
17|0.6409, -0.6448, -0.7913, -0.8243, 1.1462, -0.8234, 1.1808, 0.6654|260
18|0.6253, -0.6413, -0.7830, -0.8363, 1.1321, -0.8219, 1.1884, 0.6591|0
19|0.6262, -0.6551, -0.7912, -0.8456, 1.1344, -0.8210, 1.1845, 0.6559|40
20|0.6264, -0.6614, -0.7976, -0.8480, 1.1331, -0.8162, 1.1744, 0.6463|40
21|0.6240, -0.6692, -0.8024, -0.8565, 1.1238, -0.8189, 1.1747, 0.6346|220
22|0.6286, -0.6701, -0.7994, -0.8651, 1.1087, -0.8143, 1.1753, 0.6415|460
23|0.6268, -0.6723, -0.8084, -0.8793, 1.1077, -0.8104, 1.1741, 0.6402|80
24|0.6216, -0.6735, -0.8175, -0.8882, 1.1003, -0.8067, 1.1774, 0.6315|260
25|0.6298, -0.6737, -0.8151, -0.8951, 1.0912, -0.8078, 1.1787, 0.6357|720
26|0.6337, -0.6693, -0.8274, -0.9094, 1.0805, -0.8064, 1.1826, 0.6294|1460
27|0.6401, -0.6716, -0.8358, -0.9169, 1.0704, -0.8122, 1.1780, 0.6253|40
28|0.6488, -0.6763, -0.8387, -0.9328, 1.0690, -0.8142, 1.1783, 0.6338|600
29|0.6507, -0.6814, -0.8414, -0.9425, 1.0714, -0.8167, 1.1821, 0.6291|540
30|0.6454, -0.6722, -0.8449, -0.9523, 1.0686, -0.8166, 1.1778, 0.6158|860
31|0.6459, -0.6747, -0.8427, -0.9651, 1.0649, -0.8134, 1.1777, 0.6056|320
32|0.6495, -0.6758, -0.8444, -0.9707, 1.0543, -0.8167, 1.1697, 0.6027|300
33|0.6458, -0.6844, -0.8377, -0.9738, 1.0428, -0.8139, 1.1680, 0.6007|180
34|0.6389, -0.6746, -0.8320, -0.9814, 1.0327, -0.8095, 1.1674, 0.5973|500
35|0.6445, -0.6787, -0.8348, -0.9905, 1.0225, -0.8087, 1.1662, 0.5955|1100
36|0.6483, -0.6831, -0.8345, -1.0019, 1.0181, -0.8025, 1.1641, 0.5898|140
37|0.6531, -0.6806, -0.8281, -1.0010, 1.0185, -0.7996, 1.1572, 0.5847|120
38|0.6573, -0.6913, -0.8323, -1.0034, 1.0143, -0.7955, 1.1586, 0.5863|940
39|0.6574, -0.6992, -0.8362, -1.0245, 1.0082, -0.8024, 1.1507, 0.5778|640
40|0.6575, -0.7040, -0.8377, -1.0320, 1.0009, -0.7970, 1.1431, 0.5642|320
41|0.6540, -0.7116, -0.8430, -1.0385, 0.9961, -0.7953, 1.1409, 0.5674|200
42|0.6610, -0.7156, -0.8422, -1.0450, 0.9968, -0.7922, 1.1516, 0.5669|560
43|0.6559, -0.7224, -0.8417, -1.0461, 0.9958, -0.7867, 1.1621, 0.5623|480
44|0.6675, -0.7313, -0.8392, -1.0442, 0.9917, -0.7922, 1.1611, 0.5615|380
45|0.6678, -0.7362, -0.8383, -1.0458, 0.9879, -0.7925, 1.1622, 0.5621|240
46|0.6754, -0.7402, -0.8357, -1.0550, 0.9818, -0.7854, 1.1663, 0.5620|240
47|0.6768, -0.7416, -0.8378, -1.0623, 0.9825, -0.7865, 1.1668, 0.5662|520
48|0.6757, -0.7400, -0.8346, -1.0657, 0.9732, -0.7838, 1.1681, 0.5633|200
49|0.6674, -0.7335, -0.8346, -1.0724, 0.9688, -0.7877, 1.1655, 0.5655|260
50|0.6762, -0.7332, -0.8295, -1.0810, 0.9658, -0.7876, 1.1637, 0.5611|40
51|0.6705, -0.7280, -0.8224, -1.0908, 0.9597, -0.7956, 1.1662, 0.5620|660
52|0.6690, -0.7198, -0.8224, -1.0996, 0.9527, -0.7913, 1.1730, 0.5549|1280
53|0.6675, -0.7291, -0.8248, -1.1135, 0.9450, -0.7991, 1.1695, 0.5551|980
54|0.6747, -0.7410, -0.8239, -1.1242, 0.9401, -0.7917, 1.1728, 0.5574|80
55|0.6749, -0.7384, -0.8223, -1.1235, 0.9270, -0.7953, 1.1685, 0.5677|900
56|0.6639, -0.7347, -0.8272, -1.1288, 0.9201, -0.7954, 1.1652, 0.5680|2440
57|0.6663, -0.7362, -0.8408, -1.1375, 0.9044, -0.7922, 1.1639, 0.5581|300
58|0.6655, -0.7420, -0.8419, -1.1392, 0.8992, -0.7913, 1.1600, 0.5603|1200
59|0.6684, -0.7426, -0.8464, -1.1394, 0.8921, -0.7904, 1.1631, 0.5590|1600
60|0.6755, -0.7527, -0.8498, -1.1441, 0.8835, -0.7904, 1.1600, 0.5632|680
61|0.6733, -0.7568, -0.8486, -1.1447, 0.8747, -0.7885, 1.1583, 0.5532|760
62|0.6766, -0.7620, -0.8504, -1.1566, 0.8727, -0.7818, 1.1543, 0.5489|440
63|0.6763, -0.7640, -0.8514, -1.1639, 0.8767, -0.7834, 1.1478, 0.5534|380
64|0.6768, -0.7798, -0.8462, -1.1676, 0.8698, -0.7853, 1.1423, 0.5450|1060
65|0.6796, -0.7810, -0.8481, -1.1650, 0.8646, -0.7860, 1.1453, 0.5369|880
66|0.6856, -0.7732, -0.8508, -1.1630, 0.8577, -0.7944, 1.1413, 0.5373|1240
67|0.6960, -0.7679, -0.8468, -1.1600, 0.8640, -0.7755, 1.1497, 0.5354|580
68|0.6920, -0.7677, -0.8520, -1.1584, 0.8510, -0.7741, 1.1471, 0.5291|100
69|0.6961, -0.7750, -0.8470, -1.1641, 0.8535, -0.7710, 1.1469, 0.5309|220
70|0.6898, -0.7740, -0.8503, -1.1640, 0.8543, -0.7672, 1.1378, 0.5260|140
71|0.6941, -0.7807, -0.8533, -1.1682, 0.8489, -0.7690, 1.1356, 0.5270|1500
72|0.6975, -0.7927, -0.8520, -1.1727, 0.8461, -0.7720, 1.1426, 0.5205|280
73|0.7031, -0.8025, -0.8605, -1.1713, 0.8422, -0.7770, 1.1457, 0.5173|1560
74|0.7131, -0.8090, -0.8662, -1.1698, 0.8377, -0.7754, 1.1489, 0.5180|760
75|0.7136, -0.8107, -0.8661, -1.1629, 0.8190, -0.7719, 1.1548, 0.5194|460
76|0.7204, -0.8126, -0.8712, -1.1575, 0.8163, -0.7703, 1.1512, 0.5148|240
77|0.7183, -0.8181, -0.8717, -1.1671, 0.8109, -0.7670, 1.1450, 0.5075|500
78|0.7246, -0.8308, -0.8800, -1.1753, 0.8103, -0.7648, 1.1418, 0.5079|180
79|0.7220, -0.8295, -0.8825, -1.1726, 0.7994, -0.7630, 1.1372, 0.5076|400
80|0.7105, -0.8377, -0.8803, -1.1709, 0.7964, -0.7663, 1.1361, 0.5120|840
81|0.7066, -0.8507, -0.8746, -1.1649, 0.7980, -0.7575, 1.1329, 0.5092|1600
82|0.7085, -0.8446, -0.8747, -1.1618, 0.7895, -0.7608, 1.1307, 0.5114|1260
83|0.7109, -0.8536, -0.8716, -1.1679, 0.7851, -0.7586, 1.1235, 0.5059|660
84|0.7171, -0.8550, -0.8733, -1.1703, 0.7853, -0.7632, 1.1227, 0.5145|600
85|0.7222, -0.8499, -0.8786, -1.1739, 0.7842, -0.7622, 1.1158, 0.5152|1560
86|0.7207, -0.8591, -0.8847, -1.1654, 0.7895, -0.7570, 1.1087, 0.5070|900
87|0.7226, -0.8667, -0.8859, -1.1636, 0.7806, -0.7582, 1.1033, 0.5125|280
88|0.7284, -0.8721, -0.8860, -1.1627, 0.7793, -0.7594, 1.1072, 0.5130|1440
89|0.7245, -0.8755, -0.8903, -1.1671, 0.7833, -0.7532, 1.1052, 0.5090|700
90|0.7286, -0.8823, -0.8940, -1.1692, 0.7772, -0.7576, 1.1092, 0.5029|1380
91|0.7341, -0.8834, -0.8984, -1.1635, 0.7734, -0.7579, 1.1118, 0.5054|2860
92|0.7392, -0.8911, -0.9032, -1.1710, 0.7694, -0.7505, 1.1112, 0.5099|420
93|0.7462, -0.8843, -0.9066, -1.1658, 0.7679, -0.7407, 1.1053, 0.5091|840
94|0.7459, -0.8849, -0.9064, -1.1626, 0.7627, -0.7391, 1.1000, 0.5034|640
95|0.7458, -0.8844, -0.9041, -1.1645, 0.7546, -0.7373, 1.0904, 0.5100|640
96|0.7519, -0.8839, -0.9140, -1.1680, 0.7489, -0.7452, 1.0916, 0.5002|320
97|0.7515, -0.8873, -0.9202, -1.1674, 0.7451, -0.7410, 1.0824, 0.4946|40
98|0.7542, -0.8890, -0.9257, -1.1718, 0.7395, -0.7473, 1.0756, 0.4965|1000
99|0.7563, -0.8965, -0.9259, -1.1678, 0.7318, -0.7427, 1.0804, 0.4984|280
