0|-0.1863, 0.9945, -0.4715, 0.2154, -0.5639, -1.3424, 0.8637, -0.4719|140
1|-0.1803, 0.9904, -0.4869, 0.2098, -0.5636, -1.3325, 0.8687, -0.4791|120
2|-0.1873, 0.9931, -0.4825, 0.1925, -0.5739, -1.3382, 0.8676, -0.4786|120
3|-0.1813, 0.9954, -0.4831, 0.1923, -0.5757, -1.3304, 0.8685, -0.4853|160
4|-0.1791, 0.9977, -0.4807, 0.1843, -0.5830, -1.3434, 0.8614, -0.4909|240
5|-0.1870, 0.9950, -0.4842, 0.1697, -0.5844, -1.3506, 0.8588, -0.4837|160
6|-0.1796, 0.9841, -0.4962, 0.1655, -0.5782, -1.3372, 0.8627, -0.4826|120
7|-0.1766, 0.9691, -0.4989, 0.1451, -0.5742, -1.3520, 0.8587, -0.4894|0
8|-0.1709, 0.9808, -0.5079, 0.1433, -0.5653, -1.3572, 0.8517, -0.5106|220
9|-0.1752, 0.9886, -0.5109, 0.1339, -0.5812, -1.3569, 0.8573, -0.5107|400
10|-0.1597, 0.9664, -0.5119, 0.1171, -0.5896, -1.3654, 0.8486, -0.5210|80
11|-0.1471, 0.9653, -0.5109, 0.1082, -0.5825, -1.3691, 0.8397, -0.5236|160
12|-0.1453, 0.9522, -0.5155, 0.0999, -0.5830, -1.3730, 0.8334, -0.5153|120
13|-0.1523, 0.9495, -0.5278, 0.0866, -0.5888, -1.3770, 0.8258, -0.5236|80
14|-0.1525, 0.9453, -0.5344, 0.0778, -0.5984, -1.3771, 0.8334, -0.5216|0
15|-0.1526, 0.9323, -0.5407, 0.0732, -0.6125, -1.3765, 0.8295, -0.5167|80
16|-0.1496, 0.9436, -0.5507, 0.0598, -0.6088, -1.3841, 0.8422, -0.5236|120
17|-0.1488, 0.9314, -0.5567, 0.0643, -0.6137, -1.3897, 0.8431, -0.5317|40
18|-0.1298, 0.9344, -0.5614, 0.0440, -0.6064, -1.3919, 0.8420, -0.5329|160
19|-0.1319, 0.9312, -0.5703, 0.0375, -0.6123, -1.3861, 0.8264, -0.5250|140
20|-0.1360, 0.9283, -0.5745, 0.0224, -0.6089, -1.3998, 0.8204, -0.5288|160
21|-0.1252, 0.9160, -0.5796, 0.0112, -0.6107, -1.3935, 0.8188, -0.5248|120
22|-0.1288, 0.9111, -0.5801, -0.0106, -0.6081, -1.3882, 0.8151, -0.5197|400
23|-0.1147, 0.9129, -0.5783, -0.0105, -0.6192, -1.3969, 0.8177, -0.5343|200
24|-0.1120, 0.9038, -0.5893, -0.0211, -0.6172, -1.4012, 0.8188, -0.5392|280
25|-0.1148, 0.9050, -0.6035, -0.0396, -0.6232, -1.4126, 0.8258, -0.5499|120
26|-0.1097, 0.8907, -0.6012, -0.0403, -0.6225, -1.4095, 0.8338, -0.5441|220
27|-0.1108, 0.8804, -0.6121, -0.0619, -0.6197, -1.4000, 0.8326, -0.5375|160
28|-0.1149, 0.8849, -0.6115, -0.0820, -0.6245, -1.4079, 0.8329, -0.5378|120
29|-0.1207, 0.8824, -0.6308, -0.0891, -0.6282, -1.4146, 0.8297, -0.5365|40
30|-0.1034, 0.8896, -0.6319, -0.1046, -0.6246, -1.4187, 0.8353, -0.5436|120
31|-0.1002, 0.8787, -0.6202, -0.1071, -0.6137, -1.4289, 0.8278, -0.5507|160
32|-0.1048, 0.8685, -0.6241, -0.1032, -0.6103, -1.4344, 0.8220, -0.5517|160
33|-0.1119, 0.8605, -0.6335, -0.1218, -0.6049, -1.4250, 0.8099, -0.5548|280
34|-0.1131, 0.8612, -0.6465, -0.1106, -0.6053, -1.4378, 0.8177, -0.5514|120
35|-0.0924, 0.8589, -0.6657, -0.1182, -0.6117, -1.4433, 0.8161, -0.5503|280
36|-0.0821, 0.8641, -0.6813, -0.1352, -0.6114, -1.4447, 0.8192, -0.5509|460
37|-0.0792, 0.8628, -0.6810, -0.1427, -0.6209, -1.4529, 0.8188, -0.5478|80
38|-0.0668, 0.8442, -0.6800, -0.1579, -0.6172, -1.4573, 0.8093, -0.5539|400
39|-0.0774, 0.8388, -0.6953, -0.1726, -0.6150, -1.4558, 0.8033, -0.5543|200
40|-0.0796, 0.8234, -0.6942, -0.1745, -0.6222, -1.4682, 0.8086, -0.5465|400
41|-0.0848, 0.8207, -0.6984, -0.1848, -0.6307, -1.4587, 0.8043, -0.5404|420
42|-0.0688, 0.8158, -0.7065, -0.1835, -0.6351, -1.4563, 0.8142, -0.5530|40
43|-0.0553, 0.8228, -0.7030, -0.1940, -0.6428, -1.4463, 0.7979, -0.5347|160
44|-0.0423, 0.8161, -0.7100, -0.2017, -0.6566, -1.4484, 0.8028, -0.5449|440
45|-0.0360, 0.8161, -0.7164, -0.2127, -0.6432, -1.4415, 0.8058, -0.5451|520
46|-0.0260, 0.8133, -0.7327, -0.2308, -0.6437, -1.4403, 0.8118, -0.5485|280
47|-0.0301, 0.8148, -0.7454, -0.2364, -0.6401, -1.4462, 0.7989, -0.5435|160
48|-0.0297, 0.8066, -0.7375, -0.2447, -0.6494, -1.4535, 0.8072, -0.5474|200
49|-0.0346, 0.8081, -0.7537, -0.2574, -0.6358, -1.4520, 0.8013, -0.5669|400
50|-0.0331, 0.8114, -0.7594, -0.2524, -0.6406, -1.4563, 0.7907, -0.5668|140
51|-0.0246, 0.8065, -0.7611, -0.2503, -0.6506, -1.4543, 0.8046, -0.5766|120
52|-0.0297, 0.7965, -0.7633, -0.2554, -0.6406, -1.4523, 0.8149, -0.5695|120
53|-0.0152, 0.7855, -0.7803, -0.2622, -0.6423, -1.4470, 0.8107, -0.5608|200
54|-0.0150, 0.7847, -0.7789, -0.2671, -0.6346, -1.4439, 0.8257, -0.5542|480
55|-0.0160, 0.7860, -0.7812, -0.2709, -0.6396, -1.4440, 0.8227, -0.5514|440
56|-0.0197, 0.7934, -0.7821, -0.2796, -0.6415, -1.4453, 0.8188, -0.5444|160
57|-0.0175, 0.7869, -0.7903, -0.2931, -0.6517, -1.4369, 0.8082, -0.5423|240
58|-0.0089, 0.7746, -0.7973, -0.2992, -0.6546, -1.4400, 0.8182, -0.5320|120
59|-0.0029, 0.7687, -0.8091, -0.3068, -0.6432, -1.4401, 0.8261, -0.5188|540
60|0.0026, 0.7719, -0.8055, -0.3005, -0.6350, -1.4476, 0.8208, -0.5195|280
61|0.0068, 0.7566, -0.8244, -0.3093, -0.6420, -1.4587, 0.8195, -0.5079|600
62|0.0106, 0.7525, -0.8324, -0.3192, -0.6381, -1.4639, 0.8206, -0.5056|240
63|0.0076, 0.7442, -0.8173, -0.3235, -0.6315, -1.4623, 0.8154, -0.4922|120
64|0.0021, 0.7451, -0.8380, -0.3218, -0.6549, -1.4720, 0.8078, -0.4800|200
65|0.0065, 0.7503, -0.8415, -0.3148, -0.6635, -1.4717, 0.7933, -0.4797|160
66|0.0208, 0.7532, -0.8400, -0.3262, -0.6650, -1.4704, 0.7986, -0.4702|420
67|0.0224, 0.7567, -0.8495, -0.3283, -0.6647, -1.4750, 0.7856, -0.4729|160
68|0.0227, 0.7504, -0.8442, -0.3394, -0.6742, -1.4667, 0.7806, -0.4659|420
69|0.0338, 0.7320, -0.8537, -0.3411, -0.6730, -1.4655, 0.7879, -0.4782|460
70|0.0371, 0.7297, -0.8337, -0.3458, -0.6724, -1.4552, 0.7657, -0.4856|240
71|0.0403, 0.7129, -0.8382, -0.3488, -0.6557, -1.4714, 0.7673, -0.4807|40
72|0.0531, 0.7161, -0.8454, -0.3559, -0.6478, -1.4667, 0.7647, -0.4793|740
73|0.0690, 0.7128, -0.8520, -0.3538, -0.6349, -1.4667, 0.7710, -0.4706|360
74|0.0804, 0.7016, -0.8574, -0.3523, -0.6168, -1.4714, 0.7617, -0.4693|80
75|0.0844, 0.6920, -0.8481, -0.3514, -0.6217, -1.4624, 0.7754, -0.4689|160
76|0.0872, 0.6832, -0.8502, -0.3555, -0.6144, -1.4509, 0.7859, -0.4604|400
77|0.0752, 0.6760, -0.8539, -0.3495, -0.6084, -1.4531, 0.7847, -0.4587|380
78|0.0713, 0.6665, -0.8545, -0.3589, -0.6061, -1.4550, 0.7853, -0.4444|480
79|0.0793, 0.6611, -0.8539, -0.3697, -0.6148, -1.4510, 0.7813, -0.4456|320
80|0.0703, 0.6575, -0.8615, -0.3768, -0.6281, -1.4571, 0.7943, -0.4453|120
81|0.0792, 0.6505, -0.8627, -0.3850, -0.6314, -1.4561, 0.7977, -0.4469|240
82|0.0905, 0.6368, -0.8685, -0.3796, -0.6220, -1.4571, 0.8028, -0.4452|80
83|0.0916, 0.6262, -0.8793, -0.3799, -0.6215, -1.4521, 0.8052, -0.4386|380
84|0.0888, 0.6190, -0.8880, -0.3847, -0.6187, -1.4390, 0.7936, -0.4339|240
85|0.0887, 0.6144, -0.8796, -0.3832, -0.6249, -1.4404, 0.7884, -0.4271|120
86|0.0766, 0.6086, -0.8881, -0.3910, -0.6123, -1.4288, 0.7821, -0.4259|240
87|0.0782, 0.6123, -0.8914, -0.4045, -0.6135, -1.4254, 0.7775, -0.4281|700
88|0.0846, 0.6105, -0.8983, -0.4104, -0.6167, -1.4287, 0.7686, -0.4207|200
89|0.0899, 0.6107, -0.9009, -0.4117, -0.6149, -1.4314, 0.7753, -0.4166|40
90|0.1017, 0.6134, -0.8968, -0.4102, -0.6207, -1.4312, 0.7695, -0.4201|180
91|0.1236, 0.6158, -0.8979, -0.4128, -0.6235, -1.4298, 0.7636, -0.4160|240
92|0.1275, 0.6148, -0.8922, -0.4133, -0.6288, -1.4331, 0.7556, -0.4108|220
93|0.1418, 0.6131, -0.8958, -0.4222, -0.6167, -1.4342, 0.7589, -0.4085|200
94|0.1472, 0.6114, -0.8979, -0.4296, -0.6079, -1.4273, 0.7563, -0.3998|80
95|0.1358, 0.6073, -0.9059, -0.4325, -0.5959, -1.4139, 0.7447, -0.3944|320
96|0.1280, 0.5990, -0.9069, -0.4371, -0.5711, -1.4172, 0.7477, -0.3900|320
97|0.1269, 0.5885, -0.9019, -0.4304, -0.5706, -1.4060, 0.7509, -0.3903|320
98|0.1270, 0.5844, -0.9041, -0.4345, -0.5675, -1.4051, 0.7528, -0.3927|620
99|0.1344, 0.5743, -0.9014, -0.4308, -0.5850, -1.4101, 0.7547, -0.3985|820
