0|-0.2722, 1.4698, 0.9993, -0.7771, 0.1115, -0.4519, -1.4581, 0.5496|0
1|-0.2767, 1.4730, 0.9993, -0.8100, 0.1254, -0.4499, -1.4607, 0.5432|0
2|-0.2818, 1.4692, 0.9961, -0.8208, 0.1202, -0.4477, -1.4478, 0.5486|0
3|-0.2740, 1.4811, 0.9964, -0.8442, 0.1079, -0.4561, -1.4536, 0.5176|0
4|-0.2529, 1.4742, 1.0011, -0.8151, 0.1163, -0.4353, -1.4503, 0.5160|0
5|-0.2514, 1.4837, 0.9990, -0.8378, 0.1097, -0.4586, -1.4469, 0.4936|0
6|-0.2506, 1.4846, 0.9933, -0.8589, 0.1237, -0.4718, -1.4350, 0.4913|0
7|-0.2552, 1.4881, 0.9856, -0.8721, 0.1121, -0.4900, -1.4388, 0.4815|0
8|-0.2527, 1.4787, 0.9704, -0.8782, 0.1151, -0.5166, -1.4502, 0.4815|0
9|-0.2484, 1.4781, 0.9431, -0.9114, 0.1172, -0.5256, -1.4580, 0.4654|0
10|-0.2327, 1.4620, 0.9462, -0.9048, 0.1092, -0.5411, -1.4618, 0.4589|0
11|-0.2201, 1.4515, 0.9284, -0.9083, 0.1110, -0.5253, -1.4677, 0.4468|0
12|-0.2389, 1.4553, 0.9068, -0.9200, 0.1118, -0.5392, -1.4751, 0.4508|0
13|-0.2418, 1.4443, 0.9068, -0.9301, 0.0943, -0.5325, -1.4757, 0.4377|0
14|-0.2210, 1.4395, 0.9020, -0.9340, 0.0889, -0.5393, -1.4701, 0.4388|0
15|-0.2358, 1.4363, 0.8782, -0.9337, 0.0860, -0.5465, -1.4747, 0.4317|0
16|-0.2484, 1.4282, 0.8710, -0.9575, 0.0717, -0.5569, -1.4618, 0.4385|0
17|-0.2426, 1.4306, 0.8466, -0.9553, 0.0517, -0.5576, -1.4741, 0.4468|40
18|-0.2502, 1.4308, 0.8282, -0.9746, 0.0699, -0.5311, -1.4753, 0.4427|0
19|-0.2448, 1.4395, 0.8135, -0.9913, 0.0650, -0.5311, -1.4648, 0.4459|0
20|-0.2485, 1.4280, 0.8032, -1.0140, 0.0683, -0.5351, -1.4685, 0.4482|0
21|-0.2474, 1.4351, 0.7784, -1.0318, 0.0740, -0.5356, -1.4527, 0.4516|0
22|-0.2511, 1.4389, 0.7655, -1.0327, 0.0769, -0.5465, -1.4375, 0.4428|0
23|-0.2453, 1.4345, 0.7580, -1.0275, 0.0752, -0.5663, -1.4322, 0.4578|0
24|-0.2472, 1.4119, 0.7523, -1.0342, 0.0589, -0.5860, -1.4267, 0.4410|0
25|-0.2326, 1.4014, 0.7368, -1.0217, 0.0526, -0.6004, -1.4404, 0.4368|0
26|-0.2276, 1.4094, 0.7266, -1.0289, 0.0374, -0.6177, -1.4485, 0.4310|40
27|-0.2255, 1.4200, 0.7054, -1.0297, 0.0369, -0.6357, -1.4469, 0.4367|0
28|-0.2251, 1.4256, 0.7118, -1.0219, 0.0393, -0.6332, -1.4512, 0.4336|0
29|-0.2235, 1.3987, 0.6989, -1.0223, 0.0404, -0.6608, -1.4503, 0.4404|0
30|-0.1971, 1.4080, 0.6838, -1.0097, 0.0339, -0.6629, -1.4719, 0.4392|0
31|-0.1903, 1.3988, 0.6797, -1.0155, 0.0242, -0.6669, -1.4608, 0.4492|0
32|-0.1802, 1.3943, 0.6698, -1.0031, 0.0139, -0.6738, -1.4733, 0.4461|0
33|-0.1886, 1.3901, 0.6493, -1.0168, 0.0085, -0.6635, -1.4767, 0.4372|40
34|-0.1815, 1.3887, 0.6452, -1.0099, 0.0277, -0.6576, -1.4739, 0.4334|0
35|-0.1669, 1.3756, 0.6456, -1.0240, 0.0340, -0.6662, -1.4576, 0.4256|0
36|-0.1534, 1.3752, 0.6292, -1.0218, 0.0322, -0.6653, -1.4554, 0.4383|80
37|-0.1505, 1.3677, 0.6030, -1.0303, 0.0250, -0.6939, -1.4645, 0.4374|0
38|-0.1530, 1.3687, 0.5727, -1.0207, 0.0186, -0.6934, -1.4706, 0.4368|0
39|-0.1487, 1.3487, 0.5607, -1.0249, 0.0110, -0.7081, -1.4792, 0.4443|0
40|-0.1483, 1.3657, 0.5299, -1.0335, 0.0181, -0.7227, -1.4848, 0.4432|0
41|-0.1527, 1.3779, 0.5070, -1.0311, 0.0194, -0.7304, -1.4931, 0.4495|40
42|-0.1328, 1.3802, 0.5006, -1.0353, 0.0074, -0.7457, -1.4898, 0.4462|0
43|-0.1276, 1.3677, 0.5118, -1.0555, 0.0208, -0.7557, -1.4837, 0.4247|0
44|-0.1166, 1.3697, 0.4847, -1.0781, 0.0163, -0.7480, -1.4799, 0.4175|40
45|-0.1249, 1.3712, 0.4715, -1.1122, 0.0111, -0.7424, -1.4623, 0.4210|0
46|-0.1350, 1.3653, 0.4555, -1.1020, 0.0125, -0.7578, -1.4592, 0.4085|40
47|-0.1412, 1.3528, 0.4436, -1.1082, 0.0091, -0.7445, -1.4754, 0.4285|40
48|-0.1479, 1.3522, 0.4185, -1.1185, 0.0152, -0.7604, -1.4843, 0.4254|80
49|-0.1407, 1.3479, 0.3900, -1.1245, 0.0022, -0.7677, -1.4727, 0.4379|0
50|-0.1346, 1.3467, 0.3826, -1.1401, -0.0025, -0.7714, -1.4825, 0.4253|40
51|-0.1366, 1.3398, 0.3593, -1.1309, -0.0103, -0.7488, -1.4882, 0.4212|40
52|-0.1347, 1.3299, 0.3511, -1.1394, -0.0048, -0.7562, -1.4890, 0.4084|0
53|-0.1321, 1.3260, 0.3392, -1.1519, 0.0056, -0.7520, -1.5002, 0.3941|40
54|-0.1528, 1.3247, 0.3233, -1.1476, 0.0152, -0.7415, -1.5221, 0.3836|0
55|-0.1460, 1.3365, 0.3268, -1.1542, 0.0092, -0.7354, -1.5140, 0.3963|80
56|-0.1678, 1.3417, 0.3147, -1.1516, 0.0050, -0.7328, -1.5113, 0.3985|0
57|-0.1616, 1.3469, 0.3018, -1.1639, -0.0197, -0.7324, -1.5057, 0.3959|40
58|-0.1734, 1.3505, 0.2899, -1.1592, -0.0167, -0.7400, -1.5073, 0.3845|40
59|-0.1738, 1.3359, 0.2652, -1.1537, -0.0112, -0.7383, -1.5080, 0.3817|40
60|-0.1558, 1.3267, 0.2435, -1.1655, -0.0250, -0.7418, -1.5084, 0.3787|40
61|-0.1583, 1.3093, 0.2357, -1.1720, -0.0190, -0.7462, -1.5082, 0.3745|40
62|-0.1479, 1.3093, 0.2097, -1.1814, -0.0059, -0.7494, -1.5095, 0.3648|120
63|-0.1497, 1.3128, 0.1865, -1.1891, -0.0176, -0.7696, -1.5098, 0.3623|40
64|-0.1585, 1.3095, 0.1578, -1.1975, -0.0235, -0.7662, -1.5104, 0.3465|40
65|-0.1658, 1.2948, 0.1481, -1.2102, -0.0249, -0.7634, -1.5043, 0.3354|40
66|-0.1505, 1.2846, 0.1120, -1.2092, -0.0245, -0.7687, -1.4988, 0.3260|0
67|-0.1645, 1.2794, 0.0782, -1.2229, -0.0254, -0.7755, -1.4955, 0.3415|120
68|-0.1691, 1.2761, 0.0408, -1.1999, -0.0255, -0.7954, -1.4884, 0.3450|0
69|-0.1770, 1.2833, 0.0227, -1.2176, -0.0156, -0.8093, -1.4626, 0.3335|120
70|-0.1667, 1.2701, -0.0157, -1.2339, -0.0089, -0.8181, -1.4558, 0.3245|80
71|-0.1732, 1.2862, -0.0397, -1.2366, -0.0010, -0.8244, -1.4565, 0.3198|40
72|-0.1762, 1.2880, -0.0641, -1.2330, 0.0144, -0.8170, -1.4617, 0.3132|80
73|-0.1646, 1.2773, -0.0774, -1.2194, 0.0324, -0.8178, -1.4679, 0.3127|40
74|-0.1702, 1.2658, -0.1240, -1.2185, 0.0353, -0.8268, -1.4552, 0.3186|160
75|-0.1644, 1.2498, -0.1453, -1.2104, 0.0352, -0.8346, -1.4538, 0.3139|80
76|-0.1624, 1.2464, -0.1783, -1.2176, 0.0453, -0.8320, -1.4438, 0.3066|0
77|-0.1594, 1.2564, -0.2067, -1.2147, 0.0339, -0.8390, -1.4531, 0.3282|0
78|-0.1618, 1.2540, -0.2221, -1.1985, 0.0281, -0.8513, -1.4510, 0.3183|120
79|-0.1548, 1.2632, -0.2526, -1.1921, 0.0043, -0.8534, -1.4443, 0.3213|120
80|-0.1400, 1.2523, -0.2954, -1.1902, -0.0058, -0.8526, -1.4442, 0.3331|120
81|-0.1324, 1.2501, -0.3282, -1.1853, -0.0123, -0.8783, -1.4211, 0.3417|160
82|-0.1376, 1.2356, -0.3502, -1.1850, -0.0123, -0.8934, -1.4108, 0.3203|400
83|-0.1228, 1.2199, -0.3741, -1.1816, -0.0096, -0.8949, -1.3995, 0.3298|320
84|-0.1176, 1.2188, -0.3965, -1.1829, -0.0147, -0.8834, -1.4109, 0.3199|200
85|-0.1051, 1.2107, -0.4290, -1.1747, -0.0076, -0.8772, -1.4120, 0.3236|160
86|-0.0998, 1.1878, -0.4589, -1.1651, 0.0060, -0.8908, -1.4021, 0.3147|160
87|-0.0976, 1.1824, -0.4945, -1.1633, 0.0009, -0.8927, -1.3996, 0.3265|120
88|-0.0905, 1.1801, -0.5285, -1.1750, -0.0069, -0.8962, -1.4228, 0.3234|280
89|-0.0638, 1.1739, -0.5489, -1.1773, 0.0104, -0.8970, -1.4289, 0.3019|80
90|-0.0577, 1.1601, -0.5691, -1.1661, 0.0093, -0.8977, -1.4356, 0.2859|440
91|-0.0546, 1.1651, -0.5694, -1.1633, 0.0091, -0.8980, -1.4250, 0.2904|240
92|-0.0467, 1.1359, -0.5999, -1.1657, 0.0186, -0.8902, -1.4332, 0.2855|200
93|-0.0452, 1.1264, -0.6268, -1.1711, 0.0378, -0.8960, -1.4376, 0.3084|0
94|-0.0466, 1.1243, -0.6572, -1.1933, 0.0463, -0.9070, -1.4225, 0.3024|420
95|-0.0408, 1.1140, -0.6787, -1.2086, 0.0455, -0.8989, -1.4129, 0.3054|120
96|-0.0436, 1.1190, -0.6975, -1.2022, 0.0346, -0.8867, -1.3991, 0.3030|200
97|-0.0356, 1.1083, -0.7089, -1.1995, 0.0482, -0.8912, -1.3967, 0.3030|240
98|-0.0466, 1.0984, -0.7172, -1.2030, 0.0418, -0.8958, -1.3906, 0.3114|120
99|-0.0523, 1.0867, -0.7093, -1.1879, 0.0277, -0.8918, -1.3915, 0.3002|80
