0|-0.3758, -0.7385, 0.5006, -1.2259, -1.3123, -1.1655, 0.9315, -1.2726|80
1|-0.3710, -0.7706, 0.4748, -1.2010, -1.3253, -1.1535, 0.9047, -1.2481|0
2|-0.3639, -0.8133, 0.4237, -1.2178, -1.3305, -1.1629, 0.9176, -1.2528|80
3|-0.3426, -0.8423, 0.3717, -1.2063, -1.3136, -1.1877, 0.9229, -1.2426|80
4|-0.3470, -0.8727, 0.3067, -1.2134, -1.3246, -1.1762, 0.9254, -1.2567|200
5|-0.3584, -0.9247, 0.2646, -1.2032, -1.3288, -1.1652, 0.9142, -1.2417|80
6|-0.3558, -0.9333, 0.2109, -1.2208, -1.2982, -1.1724, 0.8957, -1.2468|280
7|-0.3699, -0.9591, 0.1502, -1.2138, -1.2807, -1.1630, 0.8790, -1.2259|40
8|-0.3669, -0.9696, 0.0790, -1.2072, -1.2791, -1.1756, 0.8876, -1.2383|160
9|-0.3630, -0.9894, 0.0319, -1.2242, -1.2697, -1.1719, 0.8787, -1.2359|40
10|-0.3541, -1.0024, -0.0122, -1.1925, -1.2586, -1.1733, 0.8481, -1.2405|360
11|-0.3879, -1.0127, -0.0587, -1.1817, -1.2871, -1.1849, 0.8449, -1.2326|420
12|-0.3694, -1.0372, -0.0918, -1.1595, -1.2933, -1.1949, 0.8452, -1.2256|240
13|-0.3628, -1.0424, -0.1353, -1.1580, -1.2800, -1.1950, 0.8404, -1.2468|520
14|-0.3604, -1.0479, -0.1610, -1.1490, -1.2760, -1.2059, 0.8514, -1.2510|120
15|-0.3564, -1.0561, -0.2061, -1.1568, -1.2599, -1.1933, 0.8608, -1.2524|580
16|-0.3473, -1.0633, -0.2580, -1.1387, -1.2712, -1.1863, 0.8296, -1.2720|280
17|-0.3370, -1.0650, -0.2942, -1.0989, -1.2535, -1.2100, 0.8375, -1.2719|320
18|-0.3118, -1.0958, -0.3037, -1.1029, -1.2322, -1.2091, 0.8413, -1.2787|440
19|-0.3154, -1.1289, -0.3222, -1.1099, -1.2238, -1.1769, 0.8240, -1.2882|380
20|-0.3079, -1.1296, -0.3701, -1.0840, -1.2176, -1.1719, 0.8170, -1.2993|760
21|-0.3042, -1.1472, -0.4106, -1.0697, -1.2148, -1.1608, 0.7992, -1.3343|580
22|-0.2774, -1.1589, -0.4326, -1.0719, -1.2055, -1.1645, 0.7947, -1.3297|320
23|-0.2634, -1.1855, -0.4709, -1.0654, -1.2025, -1.1598, 0.7971, -1.3190|240
24|-0.2473, -1.1859, -0.4828, -1.0558, -1.2138, -1.1427, 0.8056, -1.3404|520
25|-0.2453, -1.2056, -0.4815, -1.0713, -1.2314, -1.1568, 0.8118, -1.2995|460
26|-0.2382, -1.2276, -0.4988, -1.0692, -1.2141, -1.1636, 0.7984, -1.2760|240
27|-0.2278, -1.2515, -0.5390, -1.0511, -1.2087, -1.1670, 0.8091, -1.2702|1060
28|-0.2386, -1.2425, -0.5560, -1.0405, -1.2036, -1.1722, 0.8159, -1.2716|400
29|-0.2591, -1.2600, -0.5545, -1.0352, -1.1875, -1.1522, 0.7996, -1.2762|520
30|-0.2782, -1.2874, -0.5831, -0.9987, -1.1894, -1.1397, 0.7870, -1.2657|680
31|-0.2684, -1.3150, -0.6087, -0.9782, -1.2103, -1.1322, 0.7860, -1.2675|340
32|-0.2743, -1.3210, -0.6412, -0.9862, -1.2061, -1.1136, 0.7761, -1.2900|380
33|-0.2357, -1.3344, -0.6479, -0.9765, -1.1899, -1.0929, 0.8129, -1.2678|460
34|-0.2577, -1.3693, -0.6634, -0.9779, -1.1864, -1.0852, 0.8219, -1.2648|320
35|-0.2557, -1.3507, -0.6724, -0.9612, -1.1950, -1.0682, 0.8239, -1.2631|820
36|-0.2794, -1.3797, -0.6882, -0.9526, -1.1910, -1.0714, 0.8210, -1.2750|780
37|-0.2550, -1.3825, -0.6777, -0.9380, -1.1844, -1.0726, 0.8163, -1.2797|500
38|-0.2623, -1.3940, -0.7126, -0.9122, -1.1761, -1.0862, 0.8366, -1.2777|1140
39|-0.2602, -1.4187, -0.7253, -0.8911, -1.1568, -1.0775, 0.8486, -1.2816|480
40|-0.2451, -1.4613, -0.7224, -0.8919, -1.1654, -1.0831, 0.8602, -1.2463|1020
41|-0.2323, -1.4736, -0.7305, -0.8978, -1.1477, -1.0702, 0.8488, -1.2485|1500
42|-0.2358, -1.4699, -0.7410, -0.8674, -1.1552, -1.0768, 0.8498, -1.2422|580
43|-0.2366, -1.4900, -0.7576, -0.8770, -1.1671, -1.0937, 0.8493, -1.2471|780
44|-0.2323, -1.5069, -0.7789, -0.8638, -1.1759, -1.0704, 0.8209, -1.2098|760
45|-0.2253, -1.5169, -0.8106, -0.8543, -1.1980, -1.0797, 0.8365, -1.1899|680
46|-0.1942, -1.5267, -0.8249, -0.8515, -1.2018, -1.1011, 0.8437, -1.1668|720
47|-0.1690, -1.5304, -0.8187, -0.8391, -1.1980, -1.1075, 0.8442, -1.1522|980
48|-0.1626, -1.5322, -0.8401, -0.8298, -1.2106, -1.0881, 0.7971, -1.1465|520
49|-0.1564, -1.5601, -0.8523, -0.8283, -1.2088, -1.0684, 0.7983, -1.1197|620
50|-0.1562, -1.5735, -0.8293, -0.8157, -1.1876, -1.0344, 0.7878, -1.0757|780
51|-0.1579, -1.5619, -0.8589, -0.8147, -1.1865, -1.0183, 0.7588, -1.0391|660
52|-0.1558, -1.5446, -0.8764, -0.8305, -1.1754, -1.0165, 0.7712, -1.0421|500
53|-0.1648, -1.5730, -0.8651, -0.8176, -1.1433, -0.9970, 0.7364, -1.0356|1520
54|-0.1828, -1.5899, -0.8752, -0.8164, -1.1323, -1.0228, 0.7447, -1.0577|300
55|-0.1828, -1.6031, -0.8670, -0.8046, -1.1448, -1.0173, 0.7253, -1.0608|720
56|-0.1832, -1.6286, -0.9072, -0.7938, -1.1345, -0.9953, 0.7239, -1.0485|160
57|-0.1458, -1.6499, -0.8832, -0.8061, -1.1477, -0.9835, 0.7171, -1.0573|720
58|-0.1503, -1.6445, -0.8632, -0.7882, -1.1490, -1.0151, 0.7175, -1.0560|1160
59|-0.1312, -1.6821, -0.8566, -0.7861, -1.1595, -1.0466, 0.7292, -1.0369|240
60|-0.1336, -1.7112, -0.8654, -0.7719, -1.1669, -1.0615, 0.6965, -1.0260|660
61|-0.0975, -1.7388, -0.8595, -0.7642, -1.1510, -1.0482, 0.6787, -1.0152|500
62|-0.0883, -1.7516, -0.8669, -0.7712, -1.1365, -1.0168, 0.6910, -0.9824|640
63|-0.0937, -1.7676, -0.8581, -0.7478, -1.1435, -1.0171, 0.7172, -0.9819|1280
64|-0.0895, -1.7789, -0.8747, -0.7318, -1.1389, -1.0182, 0.7260, -0.9943|1380
65|-0.0771, -1.7888, -0.8591, -0.7206, -1.1122, -1.0163, 0.7441, -0.9850|960
66|-0.0720, -1.7813, -0.8471, -0.6988, -1.1025, -0.9907, 0.7318, -0.9569|3260
67|-0.0728, -1.7842, -0.8347, -0.6974, -1.1035, -1.0039, 0.7203, -0.9502|980
68|-0.0665, -1.7914, -0.8442, -0.7214, -1.0970, -1.0033, 0.7198, -0.9303|340
69|-0.0478, -1.8272, -0.8665, -0.7002, -1.0990, -1.0110, 0.7026, -0.9291|2240
70|-0.0334, -1.8441, -0.8545, -0.6857, -1.1125, -1.0157, 0.6877, -0.9337|240
71|-0.0226, -1.8515, -0.8895, -0.6979, -1.1342, -1.0224, 0.6851, -0.9378|780
72|-0.0255, -1.8718, -0.9070, -0.6720, -1.1113, -1.0306, 0.6614, -0.9363|500
73|-0.0463, -1.8697, -0.9312, -0.6740, -1.1186, -1.0245, 0.6464, -0.9363|680
74|-0.0491, -1.8574, -0.9172, -0.6865, -1.0853, -1.0327, 0.6287, -0.9173|1520
75|-0.0508, -1.8576, -0.9373, -0.6905, -1.0894, -1.0357, 0.6397, -0.9525|520
76|-0.0464, -1.8478, -0.9568, -0.6838, -1.0826, -1.0187, 0.6439, -0.9458|940
77|-0.0489, -1.8587, -0.9909, -0.6897, -1.0971, -1.0225, 0.6402, -0.9512|3100
78|-0.0529, -1.8661, -0.9887, -0.6821, -1.1094, -1.0238, 0.6393, -0.9479|460
79|-0.0348, -1.8958, -0.9886, -0.7000, -1.0955, -1.0286, 0.6338, -0.9204|1080
80|-0.0229, -1.8997, -0.9650, -0.6765, -1.1043, -1.0428, 0.6286, -0.9085|2900
81|-0.0265, -1.9217, -0.9627, -0.6682, -1.1203, -1.0402, 0.6287, -0.9035|1280
82|-0.0018, -1.9284, -0.9721, -0.6817, -1.1221, -1.0500, 0.6004, -0.9208|680
83|-0.0246, -1.9616, -0.9698, -0.6822, -1.1257, -1.0317, 0.6073, -0.9036|1140
84|-0.0238, -1.9585, -0.9878, -0.6735, -1.0936, -1.0413, 0.5871, -0.8881|860
85|-0.0307, -1.9590, -1.0069, -0.6814, -1.1162, -1.0445, 0.5725, -0.8912|1520
86|-0.0550, -1.9791, -1.0252, -0.6937, -1.1083, -1.0361, 0.5960, -0.8838|300
87|-0.0512, -1.9912, -1.0411, -0.6994, -1.1188, -1.0136, 0.5847, -0.8849|720
88|-0.0679, -1.9948, -1.0647, -0.7047, -1.1178, -1.0492, 0.5950, -0.8731|2160
89|-0.0503, -1.9879, -1.0710, -0.6972, -1.1262, -1.0543, 0.5981, -0.8634|680
90|-0.0487, -2.0013, -1.0455, -0.7048, -1.1598, -1.0321, 0.5858, -0.8713|2380
91|-0.0484, -1.9916, -1.0593, -0.6819, -1.1695, -1.0341, 0.5891, -0.8728|1360
92|-0.0370, -1.9788, -1.0591, -0.6606, -1.1826, -1.0607, 0.5714, -0.8729|720
93|-0.0541, -2.0037, -1.0662, -0.6539, -1.1768, -1.0506, 0.5549, -0.8612|520
94|-0.0523, -2.0103, -1.0587, -0.6771, -1.1824, -1.0420, 0.5591, -0.8704|480
95|-0.0349, -2.0115, -1.0514, -0.7061, -1.1866, -1.0349, 0.5468, -0.8614|200
96|-0.0167, -2.0235, -1.0450, -0.6750, -1.1946, -1.0159, 0.5292, -0.8685|1080
97|-0.0146, -2.0024, -1.0282, -0.7009, -1.2077, -1.0064, 0.5436, -0.8564|1540
98|-0.0239, -2.0007, -0.9956, -0.6871, -1.2023, -1.0122, 0.5463, -0.8608|1980
99|0.0114, -1.9948, -0.9978, -0.6832, -1.1744, -1.0186, 0.5233, -0.8772|1160
