0|-0.5337, 1.0820, 0.0177, -0.6053, 0.3874, -0.4188, 0.5697, 0.6650|0
1|-0.5335, 1.0743, 0.0070, -0.6072, 0.3786, -0.4246, 0.5712, 0.6701|40
2|-0.5300, 1.0731, 0.0037, -0.6097, 0.3752, -0.4298, 0.5711, 0.6605|40
3|-0.5283, 1.0802, 0.0067, -0.6084, 0.3709, -0.4341, 0.5721, 0.6559|0
4|-0.5268, 1.0869, 0.0000, -0.6140, 0.3720, -0.4376, 0.5656, 0.6547|0
5|-0.5271, 1.0821, -0.0129, -0.6184, 0.3654, -0.4359, 0.5604, 0.6604|0
6|-0.5299, 1.0764, -0.0196, -0.6197, 0.3647, -0.4379, 0.5704, 0.6549|0
7|-0.5278, 1.0792, -0.0272, -0.6205, 0.3665, -0.4435, 0.5774, 0.6618|40
8|-0.5253, 1.0756, -0.0349, -0.6301, 0.3535, -0.4488, 0.5785, 0.6608|0
9|-0.5215, 1.0583, -0.0500, -0.6396, 0.3532, -0.4485, 0.5853, 0.6519|40
10|-0.5208, 1.0538, -0.0579, -0.6494, 0.3528, -0.4461, 0.6009, 0.6526|40
11|-0.5234, 1.0558, -0.0673, -0.6513, 0.3416, -0.4473, 0.6076, 0.6526|0
12|-0.5305, 1.0607, -0.0774, -0.6512, 0.3378, -0.4520, 0.6112, 0.6447|0
13|-0.5181, 1.0536, -0.0773, -0.6618, 0.3441, -0.4596, 0.6015, 0.6381|0
14|-0.5156, 1.0474, -0.0752, -0.6743, 0.3422, -0.4526, 0.6047, 0.6385|0
15|-0.5203, 1.0433, -0.0823, -0.6697, 0.3521, -0.4514, 0.6059, 0.6376|40
16|-0.5135, 1.0425, -0.0889, -0.6792, 0.3496, -0.4434, 0.6100, 0.6344|80
17|-0.5171, 1.0348, -0.0926, -0.6857, 0.3405, -0.4419, 0.6037, 0.6336|0
18|-0.5134, 1.0288, -0.0974, -0.6801, 0.3269, -0.4392, 0.6029, 0.6347|0
19|-0.5133, 1.0307, -0.1108, -0.6768, 0.3176, -0.4444, 0.5971, 0.6267|40
20|-0.5140, 1.0324, -0.1153, -0.6782, 0.3153, -0.4382, 0.5935, 0.6262|0
21|-0.5201, 1.0360, -0.1209, -0.6907, 0.3248, -0.4447, 0.5853, 0.6282|40
22|-0.5137, 1.0308, -0.1266, -0.6863, 0.3164, -0.4527, 0.5906, 0.6190|0
23|-0.5089, 1.0237, -0.1360, -0.6898, 0.3144, -0.4524, 0.5987, 0.6172|0
24|-0.5236, 1.0183, -0.1408, -0.6879, 0.3122, -0.4559, 0.5979, 0.6191|40
25|-0.5352, 1.0179, -0.1569, -0.6806, 0.3003, -0.4647, 0.5888, 0.6211|40
26|-0.5385, 1.0161, -0.1668, -0.6844, 0.2967, -0.4623, 0.5810, 0.6257|0
27|-0.5362, 1.0144, -0.1639, -0.6838, 0.2891, -0.4743, 0.5845, 0.6298|0
28|-0.5317, 1.0172, -0.1698, -0.6921, 0.2923, -0.4756, 0.5902, 0.6263|0
29|-0.5348, 1.0146, -0.1861, -0.6993, 0.2859, -0.4853, 0.5909, 0.6221|160
30|-0.5315, 1.0151, -0.1955, -0.7058, 0.2781, -0.4777, 0.5927, 0.6217|40
31|-0.5295, 1.0106, -0.2067, -0.7170, 0.2794, -0.4768, 0.5940, 0.6218|80
32|-0.5185, 1.0130, -0.2195, -0.7225, 0.2781, -0.4826, 0.5889, 0.6187|40
33|-0.5122, 1.0075, -0.2297, -0.7305, 0.2772, -0.4941, 0.5850, 0.6163|160
34|-0.5223, 1.0019, -0.2325, -0.7340, 0.2779, -0.4921, 0.5853, 0.6261|80
35|-0.5231, 0.9918, -0.2567, -0.7333, 0.2733, -0.4908, 0.5910, 0.6294|40
36|-0.5182, 0.9888, -0.2723, -0.7365, 0.2705, -0.4871, 0.5980, 0.6308|0
37|-0.5149, 0.9790, -0.2877, -0.7487, 0.2773, -0.4944, 0.5937, 0.6294|120
38|-0.5097, 0.9780, -0.3006, -0.7508, 0.2724, -0.4861, 0.5957, 0.6305|0
39|-0.5025, 0.9768, -0.3148, -0.7541, 0.2652, -0.4894, 0.6018, 0.6356|80
40|-0.5039, 0.9700, -0.3205, -0.7552, 0.2574, -0.4910, 0.6018, 0.6354|120
41|-0.5018, 0.9688, -0.3370, -0.7617, 0.2539, -0.4868, 0.6069, 0.6312|200
42|-0.4986, 0.9624, -0.3415, -0.7499, 0.2588, -0.4793, 0.6091, 0.6262|40
43|-0.4999, 0.9610, -0.3533, -0.7555, 0.2578, -0.4768, 0.6084, 0.6253|120
44|-0.4930, 0.9662, -0.3517, -0.7549, 0.2612, -0.4785, 0.6033, 0.6244|40
45|-0.4940, 0.9697, -0.3600, -0.7548, 0.2546, -0.4798, 0.6008, 0.6237|80
46|-0.4911, 0.9719, -0.3690, -0.7591, 0.2566, -0.4756, 0.6101, 0.6189|120
47|-0.4913, 0.9709, -0.3729, -0.7603, 0.2575, -0.4638, 0.6097, 0.6188|200
48|-0.4893, 0.9745, -0.3750, -0.7620, 0.2561, -0.4782, 0.6043, 0.6134|100
49|-0.4907, 0.9751, -0.3806, -0.7674, 0.2640, -0.4882, 0.6073, 0.6125|120
50|-0.4908, 0.9760, -0.3891, -0.7703, 0.2594, -0.4890, 0.6012, 0.6139|40
51|-0.4892, 0.9733, -0.3983, -0.7569, 0.2588, -0.4920, 0.5991, 0.6116|80
52|-0.4942, 0.9654, -0.4007, -0.7610, 0.2446, -0.4847, 0.5984, 0.6108|160
53|-0.4878, 0.9658, -0.4057, -0.7724, 0.2457, -0.4872, 0.5957, 0.6103|80
54|-0.4841, 0.9606, -0.4098, -0.7719, 0.2598, -0.4881, 0.5955, 0.6145|40
55|-0.4768, 0.9616, -0.4162, -0.7691, 0.2613, -0.4913, 0.5967, 0.6097|200
56|-0.4763, 0.9575, -0.4181, -0.7797, 0.2643, -0.4994, 0.5959, 0.5988|120
57|-0.4712, 0.9505, -0.4286, -0.7768, 0.2572, -0.4958, 0.5887, 0.5910|40
58|-0.4653, 0.9443, -0.4325, -0.7834, 0.2602, -0.5016, 0.5872, 0.5959|300
59|-0.4623, 0.9447, -0.4428, -0.7831, 0.2595, -0.5065, 0.5816, 0.5972|120
60|-0.4610, 0.9545, -0.4542, -0.7860, 0.2573, -0.5062, 0.5829, 0.5957|40
61|-0.4599, 0.9521, -0.4587, -0.7846, 0.2501, -0.5007, 0.5835, 0.5962|120
62|-0.4668, 0.9484, -0.4661, -0.7980, 0.2516, -0.5045, 0.5860, 0.5995|160
63|-0.4683, 0.9487, -0.4802, -0.7979, 0.2633, -0.5057, 0.5855, 0.6009|80
64|-0.4658, 0.9413, -0.4888, -0.8034, 0.2663, -0.5048, 0.5894, 0.5975|120
65|-0.4602, 0.9441, -0.4905, -0.8059, 0.2714, -0.5005, 0.5906, 0.5967|220
66|-0.4643, 0.9447, -0.4936, -0.8032, 0.2634, -0.4965, 0.5991, 0.6050|160
67|-0.4598, 0.9468, -0.4999, -0.8053, 0.2674, -0.5006, 0.5985, 0.5935|520
68|-0.4587, 0.9421, -0.5073, -0.8034, 0.2588, -0.5001, 0.6022, 0.6036|360
69|-0.4598, 0.9372, -0.5155, -0.8065, 0.2489, -0.5040, 0.6031, 0.6115|120
70|-0.4634, 0.9321, -0.5220, -0.8064, 0.2512, -0.5077, 0.6022, 0.6057|120
71|-0.4626, 0.9331, -0.5302, -0.8008, 0.2500, -0.5040, 0.5993, 0.6015|80
72|-0.4724, 0.9279, -0.5346, -0.8046, 0.2411, -0.5038, 0.5975, 0.6034|40
73|-0.4684, 0.9264, -0.5347, -0.8113, 0.2460, -0.5003, 0.5924, 0.6010|0
74|-0.4694, 0.9319, -0.5469, -0.8169, 0.2376, -0.4972, 0.5912, 0.5994|0
75|-0.4679, 0.9291, -0.5505, -0.8209, 0.2388, -0.4854, 0.5909, 0.6047|620
76|-0.4722, 0.9202, -0.5645, -0.8253, 0.2343, -0.4788, 0.5856, 0.6055|140
77|-0.4747, 0.9182, -0.5695, -0.8256, 0.2345, -0.4792, 0.5795, 0.5959|200
78|-0.4676, 0.9155, -0.5675, -0.8227, 0.2279, -0.4787, 0.5802, 0.5990|180
79|-0.4695, 0.9086, -0.5690, -0.8294, 0.2268, -0.4805, 0.5827, 0.5977|140
80|-0.4739, 0.9095, -0.5790, -0.8327, 0.2261, -0.4816, 0.5807, 0.6040|380
81|-0.4780, 0.9029, -0.5817, -0.8383, 0.2358, -0.4715, 0.5770, 0.5982|220
82|-0.4700, 0.9102, -0.5812, -0.8473, 0.2292, -0.4729, 0.5789, 0.5886|0
83|-0.4653, 0.9100, -0.5938, -0.8477, 0.2317, -0.4890, 0.5831, 0.5886|180
84|-0.4656, 0.9072, -0.5955, -0.8542, 0.2311, -0.4837, 0.5871, 0.5833|420
85|-0.4606, 0.9044, -0.6010, -0.8511, 0.2251, -0.4863, 0.5786, 0.5853|280
86|-0.4631, 0.8925, -0.6062, -0.8538, 0.2261, -0.4932, 0.5902, 0.5849|280
87|-0.4645, 0.8931, -0.6033, -0.8603, 0.2274, -0.4993, 0.5923, 0.5894|40
88|-0.4600, 0.8882, -0.6125, -0.8723, 0.2321, -0.4907, 0.5948, 0.5821|120
89|-0.4650, 0.8964, -0.6192, -0.8691, 0.2368, -0.4943, 0.5937, 0.5844|40
90|-0.4653, 0.8992, -0.6246, -0.8706, 0.2355, -0.4927, 0.5941, 0.5922|460
91|-0.4595, 0.9025, -0.6302, -0.8737, 0.2302, -0.4932, 0.5899, 0.5903|180
92|-0.4616, 0.9068, -0.6321, -0.8636, 0.2285, -0.4924, 0.5882, 0.5936|40
93|-0.4685, 0.9114, -0.6402, -0.8819, 0.2282, -0.4886, 0.5928, 0.5863|160
94|-0.4688, 0.9134, -0.6429, -0.8838, 0.2220, -0.4962, 0.5888, 0.5863|320
95|-0.4603, 0.9097, -0.6445, -0.8869, 0.2179, -0.5001, 0.5851, 0.5891|160
96|-0.4584, 0.9057, -0.6455, -0.8929, 0.2124, -0.4983, 0.5793, 0.5947|40
97|-0.4584, 0.9019, -0.6573, -0.8932, 0.2023, -0.4987, 0.5809, 0.5960|220
98|-0.4576, 0.8992, -0.6675, -0.8867, 0.1997, -0.4985, 0.5862, 0.6004|0
99|-0.4552, 0.8945, -0.6724, -0.8866, 0.2039, -0.5071, 0.5838, 0.6059|880
