0|0.1511, -0.5556, 0.0646, -0.3219, 0.0637, -1.0826, -0.7567, -0.6232|240
1|0.1657, -0.5808, 0.0027, -0.2991, 0.0725, -1.0753, -0.7194, -0.6102|480
2|0.1998, -0.6835, -0.0791, -0.3109, 0.0913, -1.0950, -0.7032, -0.6244|360
3|0.2056, -0.6794, -0.1623, -0.2597, 0.1009, -1.0682, -0.6679, -0.6451|360
4|0.1919, -0.7010, -0.2374, -0.2502, 0.0895, -1.0089, -0.6773, -0.6441|620
5|0.2099, -0.7234, -0.2825, -0.2381, 0.0657, -0.9896, -0.6840, -0.6376|1040
6|0.2158, -0.7330, -0.3566, -0.2446, 0.0365, -0.9644, -0.6813, -0.6364|120
7|0.2372, -0.7691, -0.3591, -0.2400, 0.0133, -0.9521, -0.6766, -0.6311|120
8|0.2418, -0.7738, -0.4067, -0.2145, -0.0280, -0.9198, -0.6464, -0.5990|2240
9|0.2345, -0.7451, -0.4246, -0.2235, -0.0240, -0.9238, -0.6551, -0.5926|780
10|0.2253, -0.8008, -0.4002, -0.2055, -0.0672, -0.9473, -0.6749, -0.5575|500
11|0.2300, -0.8339, -0.4084, -0.1996, -0.0757, -0.9647, -0.6533, -0.5419|700
12|0.2134, -0.8719, -0.4156, -0.2030, -0.1214, -0.9814, -0.6309, -0.5082|220
13|0.2119, -0.9053, -0.4130, -0.2125, -0.1736, -0.9982, -0.6358, -0.5251|480
14|0.2209, -0.9295, -0.4154, -0.1987, -0.2041, -0.9783, -0.6096, -0.5130|1240
15|0.2201, -0.9257, -0.4309, -0.1830, -0.1846, -0.9663, -0.6036, -0.4842|2380
16|0.2068, -0.9514, -0.4256, -0.1727, -0.1906, -0.9424, -0.6051, -0.4487|820
17|0.2199, -0.9803, -0.4425, -0.1592, -0.1980, -0.9458, -0.6098, -0.4555|300
18|0.2399, -0.9974, -0.4258, -0.1608, -0.2581, -0.9445, -0.6041, -0.4314|360
19|0.2428, -1.0217, -0.4378, -0.1663, -0.2787, -0.9564, -0.6009, -0.4132|720
20|0.2465, -1.0886, -0.4548, -0.1480, -0.2752, -0.9375, -0.6155, -0.4153|780
21|0.2593, -1.0949, -0.4463, -0.1411, -0.2542, -0.9595, -0.5982, -0.3854|660
22|0.2937, -1.1515, -0.4262, -0.1487, -0.2412, -0.9281, -0.6032, -0.3374|540
23|0.2675, -1.1467, -0.4262, -0.1497, -0.2710, -0.8999, -0.5782, -0.3253|1580
24|0.2867, -1.1715, -0.4438, -0.1710, -0.2570, -0.9004, -0.5852, -0.2765|680
25|0.3136, -1.1855, -0.4492, -0.1739, -0.2571, -0.8937, -0.5712, -0.2676|640
26|0.3104, -1.1633, -0.4597, -0.1892, -0.2374, -0.8854, -0.5386, -0.2238|1260
27|0.3220, -1.1746, -0.4597, -0.1962, -0.2608, -0.8955, -0.5203, -0.2023|3800
28|0.3518, -1.2085, -0.4605, -0.1994, -0.2631, -0.8903, -0.5345, -0.1548|1660
29|0.3621, -1.2512, -0.4424, -0.2479, -0.2685, -0.8772, -0.5257, -0.1172|840
30|0.3550, -1.2761, -0.4451, -0.1887, -0.2756, -0.8660, -0.5569, -0.1112|6780
31|0.3561, -1.3258, -0.4129, -0.1623, -0.2801, -0.8626, -0.5496, -0.0735|5020
32|0.3691, -1.3535, -0.3887, -0.1640, -0.2888, -0.8821, -0.5572, -0.0456|4200
33|0.3947, -1.3839, -0.3975, -0.1544, -0.3181, -0.8651, -0.5325, -0.0622|4100
34|0.4222, -1.3675, -0.4117, -0.1678, -0.3562, -0.8584, -0.5194, -0.0426|3860
35|0.4172, -1.3947, -0.4001, -0.1626, -0.3832, -0.8209, -0.5240, -0.0622|1280
36|0.4584, -1.4411, -0.4155, -0.1663, -0.3834, -0.8357, -0.5003, -0.0552|2460
37|0.4713, -1.4552, -0.4178, -0.1403, -0.3896, -0.8123, -0.4928, -0.0487|1080
38|0.5171, -1.5158, -0.3937, -0.1207, -0.3951, -0.8091, -0.4573, -0.0733|4200
39|0.5318, -1.5212, -0.3725, -0.1338, -0.3956, -0.8072, -0.4509, -0.0753|2500
40|0.5457, -1.5098, -0.3252, -0.1491, -0.4130, -0.7889, -0.4840, -0.0876|3120
41|0.5397, -1.5397, -0.3126, -0.1334, -0.3895, -0.7947, -0.4725, -0.0735|2940
42|0.5279, -1.5530, -0.3126, -0.1300, -0.3787, -0.7686, -0.4507, -0.0972|1220
43|0.5153, -1.5792, -0.3185, -0.1210, -0.3802, -0.7145, -0.4518, -0.0901|1980
44|0.5193, -1.5807, -0.2974, -0.1090, -0.3903, -0.6834, -0.4638, -0.0773|1840
45|0.5126, -1.6049, -0.2935, -0.1220, -0.3608, -0.6539, -0.4637, -0.0767|3460
46|0.5267, -1.6267, -0.2724, -0.1358, -0.3425, -0.6082, -0.4380, -0.0880|1960
47|0.5507, -1.6788, -0.2420, -0.1439, -0.3658, -0.5548, -0.4172, -0.0814|4120
48|0.5716, -1.6925, -0.2164, -0.1281, -0.3523, -0.5332, -0.4018, -0.0469|7860
49|0.5863, -1.6691, -0.2033, -0.1378, -0.3455, -0.5024, -0.3810, -0.0185|6180
50|0.6087, -1.6859, -0.1718, -0.1351, -0.3062, -0.4560, -0.3622, 0.0262|15360
51|0.6102, -1.7157, -0.2038, -0.1167, -0.2697, -0.3619, -0.3588, 0.0217|28120
52|0.6297, -1.7555, -0.1949, -0.1338, -0.2137, -0.3359, -0.3387, 0.0064|30520
53|0.6134, -1.7802, -0.1899, -0.1031, -0.2092, -0.2871, -0.3006, 0.0252|82040
54|0.6211, -1.7873, -0.1415, -0.1345, -0.1922, -0.2910, -0.2629, 0.0013|5520
55|0.6152, -1.8199, -0.1450, -0.1598, -0.1822, -0.2132, -0.2278, 0.0406|52500
56|0.6530, -1.8373, -0.1051, -0.1445, -0.1562, -0.1704, -0.1922, 0.0724|80080
57|0.6500, -1.8406, -0.0853, -0.1386, -0.1496, -0.1144, -0.1570, 0.0721|116680
58|0.6621, -1.8546, -0.0637, -0.1904, -0.1535, -0.0859, -0.1466, 0.0742|94700
59|0.6587, -1.8925, -0.0638, -0.2085, -0.1440, -0.0753, -0.1392, 0.0991|63780
60|0.6738, -1.9312, -0.0569, -0.1918, -0.1171, -0.0484, -0.1334, 0.0852|400580
61|0.7151, -1.9695, -0.0627, -0.1919, -0.1213, -0.0375, -0.1119, 0.0948|15000
62|0.7181, -1.9910, -0.0685, -0.2112, -0.0934, -0.0387, -0.0949, 0.0734|16340
63|0.7298, -1.9753, -0.0910, -0.2104, -0.0838, -0.0619, -0.0808, 0.0675|168000
64|0.7449, -1.9936, -0.0943, -0.2085, -0.0780, -0.0418, -0.0197, 0.0751|249000
65|0.7177, -2.0161, -0.0759, -0.1993, -0.0823, -0.0426, -0.0091, 0.1010|163100
66|0.7415, -2.0593, -0.0972, -0.2196, -0.0665, -0.0219, -0.0258, 0.1075|35760
67|0.7281, -2.0407, -0.0767, -0.2393, -0.0861, -0.0015, -0.0055, 0.1178|282420
68|0.7306, -2.0726, -0.0831, -0.2527, -0.0909, 0.0393, -0.0154, 0.1320|164340
69|0.7307, -2.0741, -0.0678, -0.2413, -0.0726, 0.0538, -0.0209, 0.1069|57360
70|0.7475, -2.0997, -0.0588, -0.2405, -0.0830, 0.0431, -0.0391, 0.1047|7580
71|0.7526, -2.1376, -0.0563, -0.2422, -0.0913, 0.0090, -0.0220, 0.1145|306960
72|0.7860, -2.1360, -0.0871, -0.2477, -0.1023, 0.0036, -0.0334, 0.1605|12000
73|0.7710, -2.1154, -0.0851, -0.2501, -0.0895, 0.0020, -0.0373, 0.1610|59120
74|0.7708, -2.1435, -0.0869, -0.2601, -0.0813, 0.0199, -0.0663, 0.1472|76660
75|0.7569, -2.1395, -0.0688, -0.2394, -0.0669, 0.0133, -0.0476, 0.1328|253300
76|0.7565, -2.1427, -0.0695, -0.2289, -0.0932, 0.0064, -0.0484, 0.1296|153440
77|0.7673, -2.1705, -0.0769, -0.2218, -0.0854, 0.0227, -0.0099, 0.1153|47240
78|0.7627, -2.1801, -0.0628, -0.2326, -0.0721, -0.0167, -0.0163, 0.0901|76000
79|0.7605, -2.1643, -0.0813, -0.2629, -0.0576, -0.0062, -0.0087, 0.1064|75020
80|0.7541, -2.1235, -0.0912, -0.2713, -0.0545, 0.0046, -0.0139, 0.1184|85840
81|0.7654, -2.1216, -0.0741, -0.2576, -0.0779, -0.0140, -0.0223, 0.1273|103940
82|0.7751, -2.1133, -0.0391, -0.2494, -0.0873, -0.0369, -0.0018, 0.1211|99640
83|0.7666, -2.1406, -0.0597, -0.2674, -0.0660, 0.0046, 0.0121, 0.0971|42760
84|0.7593, -2.1869, -0.0516, -0.2690, -0.0404, 0.0206, 0.0327, 0.0893|264900
85|0.7552, -2.1917, -0.0525, -0.2565, -0.0500, 0.0117, 0.0242, 0.1324|149900
86|0.7420, -2.2113, -0.0859, -0.2950, -0.0850, 0.0119, -0.0079, 0.1463|173660
87|0.7555, -2.2211, -0.0803, -0.2710, -0.0670, 0.0361, 0.0013, 0.1716|91800
88|0.7845, -2.2213, -0.0578, -0.2556, -0.0756, 0.0350, -0.0142, 0.1539|58200
89|0.7619, -2.2447, -0.0733, -0.2715, -0.0685, 0.0176, -0.0010, 0.1560|7560
90|0.7734, -2.2307, -0.0941, -0.2593, -0.0797, 0.0394, -0.0072, 0.1622|601100
91|0.7758, -2.2487, -0.0822, -0.2446, -0.0741, 0.0407, -0.0189, 0.1332|83560
92|0.7580, -2.2132, -0.0911, -0.2758, -0.0526, 0.0626, -0.0099, 0.1133|107720
93|0.7310, -2.2539, -0.0964, -0.2929, -0.0608, 0.0466, -0.0130, 0.1137|323380
94|0.7403, -2.2621, -0.0897, -0.2745, -0.0542, 0.0366, 0.0080, 0.1242|593000
95|0.7841, -2.2984, -0.0793, -0.3044, -0.0763, 0.0240, -0.0167, 0.1630|53880
96|0.7691, -2.3246, -0.0692, -0.2821, -0.0781, 0.0283, -0.0154, 0.1506|6340
97|0.7928, -2.3456, -0.0663, -0.2867, -0.0752, 0.0057, -0.0371, 0.1465|57700
98|0.8135, -2.3779, -0.0594, -0.2632, -0.0818, 0.0090, -0.0533, 0.1028|15100
99|0.8224, -2.3872, -0.0808, -0.2677, -0.0788, 0.0083, -0.0513, 0.1057|308620
