0|-1.0728, -1.4478, 0.1109, -0.2892, -0.9620, 0.9374, -0.0862, -1.4174|40
1|-1.0861, -1.4322, 0.0615, -0.3136, -0.9722, 0.9351, -0.0774, -1.4034|0
2|-1.0941, -1.4083, 0.0397, -0.3191, -0.9883, 0.9428, -0.1195, -1.4111|0
3|-1.0894, -1.4189, 0.0065, -0.3031, -0.9945, 0.9296, -0.1136, -1.4141|0
4|-1.0796, -1.4057, -0.0043, -0.3164, -0.9798, 0.9243, -0.1088, -1.4105|0
5|-1.0822, -1.4058, -0.0482, -0.3331, -0.9896, 0.9272, -0.0997, -1.4120|0
6|-1.0984, -1.4089, -0.0769, -0.3480, -0.9710, 0.9382, -0.1121, -1.4335|0
7|-1.0810, -1.4001, -0.1106, -0.3623, -0.9999, 0.9102, -0.1078, -1.4491|0
8|-1.0915, -1.3863, -0.1168, -0.3622, -0.9989, 0.8996, -0.0894, -1.4394|0
9|-1.0500, -1.4205, -0.1351, -0.3832, -1.0021, 0.8814, -0.0955, -1.4433|0
10|-1.0665, -1.4039, -0.1623, -0.3803, -0.9933, 0.8727, -0.0935, -1.4263|0
11|-1.0841, -1.4420, -0.2164, -0.4071, -0.9927, 0.8879, -0.0773, -1.3903|40
12|-1.0742, -1.4366, -0.2460, -0.4238, -0.9934, 0.8591, -0.0741, -1.3863|0
13|-1.0799, -1.4486, -0.2749, -0.4396, -1.0202, 0.8587, -0.0773, -1.3723|0
14|-1.0495, -1.4418, -0.2840, -0.4566, -1.0039, 0.8445, -0.0720, -1.3827|0
15|-1.0657, -1.4587, -0.3035, -0.5036, -1.0092, 0.8328, -0.0687, -1.3656|80
16|-1.0896, -1.4557, -0.3258, -0.5382, -0.9956, 0.8224, -0.0714, -1.3730|340
17|-1.0831, -1.4696, -0.3129, -0.5409, -1.0032, 0.8140, -0.0523, -1.3921|0
18|-1.0527, -1.4722, -0.3284, -0.5658, -0.9924, 0.7910, -0.0566, -1.3886|160
19|-1.0748, -1.4747, -0.3314, -0.5599, -1.0050, 0.7718, -0.0438, -1.3900|40
20|-1.0698, -1.4851, -0.3593, -0.5916, -1.0192, 0.7440, -0.0471, -1.4165|660
21|-1.0360, -1.4662, -0.3720, -0.5976, -1.0106, 0.7198, -0.0393, -1.4105|220
22|-1.0214, -1.4763, -0.3802, -0.6120, -1.0130, 0.7096, -0.0297, -1.4296|300
23|-1.0317, -1.5006, -0.4107, -0.6172, -1.0132, 0.6876, -0.0382, -1.4214|40
24|-0.9952, -1.5011, -0.4181, -0.6521, -1.0061, 0.6449, -0.0665, -1.4335|80
25|-0.9804, -1.4946, -0.4421, -0.6651, -1.0043, 0.6235, -0.0776, -1.4564|200
26|-0.9738, -1.4928, -0.4587, -0.6836, -0.9845, 0.6236, -0.0769, -1.4376|560
27|-0.9607, -1.5053, -0.4492, -0.6870, -0.9700, 0.5967, -0.0672, -1.4209|140
28|-0.9522, -1.5156, -0.4507, -0.6909, -0.9641, 0.5857, -0.0664, -1.4109|280
29|-0.9504, -1.5280, -0.4403, -0.7239, -0.9724, 0.5689, -0.0657, -1.4248|80
30|-0.9131, -1.5098, -0.4343, -0.7520, -0.9577, 0.5596, -0.0627, -1.4401|400
31|-0.9180, -1.5027, -0.4492, -0.7638, -0.9707, 0.5850, -0.0915, -1.4348|280
32|-0.9113, -1.4748, -0.4570, -0.7751, -0.9717, 0.5729, -0.1079, -1.4018|80
33|-0.8845, -1.4868, -0.4755, -0.7748, -0.9452, 0.5635, -0.1207, -1.3768|220
34|-0.8963, -1.5228, -0.4674, -0.7951, -0.9504, 0.5540, -0.1163, -1.3730|0
35|-0.8958, -1.5174, -0.4850, -0.7988, -0.9530, 0.5430, -0.1262, -1.3880|380
36|-0.8838, -1.5243, -0.4857, -0.8257, -0.9495, 0.5268, -0.0955, -1.3705|460
37|-0.8746, -1.5320, -0.4894, -0.8344, -0.9496, 0.5250, -0.0802, -1.3919|420
38|-0.8540, -1.5511, -0.4735, -0.8238, -0.9690, 0.5153, -0.0560, -1.3697|580
39|-0.8529, -1.5684, -0.4638, -0.8379, -0.9375, 0.5241, -0.0494, -1.3332|520
40|-0.8347, -1.5786, -0.4731, -0.8380, -0.9371, 0.5046, -0.0737, -1.3155|220
41|-0.8079, -1.5930, -0.4705, -0.8509, -0.9246, 0.5130, -0.0818, -1.3087|420
42|-0.8065, -1.5893, -0.4576, -0.8698, -0.9317, 0.4950, -0.0808, -1.3275|340
43|-0.7931, -1.5649, -0.4918, -0.8644, -0.9499, 0.4812, -0.0768, -1.3410|520
44|-0.7895, -1.5507, -0.5051, -0.8641, -0.9516, 0.4819, -0.0752, -1.3545|540
45|-0.7704, -1.5716, -0.5214, -0.8827, -0.9423, 0.4602, -0.0735, -1.3529|660
46|-0.7441, -1.5758, -0.5347, -0.8889, -0.9667, 0.4468, -0.0545, -1.3340|520
47|-0.7490, -1.5826, -0.5483, -0.8797, -0.9557, 0.4506, -0.0617, -1.3237|540
48|-0.7452, -1.5926, -0.5467, -0.8662, -0.9514, 0.4346, -0.0768, -1.3165|380
49|-0.7540, -1.6068, -0.5639, -0.8849, -0.9597, 0.4199, -0.0694, -1.2924|540
50|-0.7318, -1.6231, -0.5677, -0.8847, -0.9558, 0.4049, -0.0711, -1.3064|760
51|-0.7176, -1.6413, -0.5930, -0.9028, -0.9483, 0.3783, -0.0644, -1.2840|1120
52|-0.6817, -1.6527, -0.5820, -0.9102, -0.9571, 0.3648, -0.0734, -1.2772|460
53|-0.6536, -1.6418, -0.6265, -0.8908, -0.9537, 0.3584, -0.0939, -1.2766|880
54|-0.6582, -1.6701, -0.6595, -0.9029, -0.9393, 0.3633, -0.0955, -1.2632|480
55|-0.6645, -1.6603, -0.6893, -0.9254, -0.9243, 0.3662, -0.0991, -1.2678|260
56|-0.6413, -1.6648, -0.6606, -0.9095, -0.9242, 0.3410, -0.0697, -1.2544|560
57|-0.6524, -1.6664, -0.6864, -0.9198, -0.9423, 0.3317, -0.0736, -1.2588|540
58|-0.6727, -1.6497, -0.6776, -0.9238, -0.9393, 0.3247, -0.0757, -1.2498|160
59|-0.6706, -1.6447, -0.6781, -0.9249, -0.9391, 0.3206, -0.0727, -1.2485|220
60|-0.6654, -1.6486, -0.6884, -0.9625, -0.9384, 0.3029, -0.1041, -1.2636|360
61|-0.6900, -1.6449, -0.6977, -0.9641, -0.9374, 0.2967, -0.1060, -1.2589|180
62|-0.6995, -1.6225, -0.6919, -0.9986, -0.9339, 0.3023, -0.1104, -1.2706|300
63|-0.6747, -1.6425, -0.6966, -0.9888, -0.9336, 0.2973, -0.1145, -1.2300|200
64|-0.6645, -1.6400, -0.7075, -0.9918, -0.9368, 0.2930, -0.1542, -1.1933|520
65|-0.6567, -1.6496, -0.7023, -0.9785, -0.9431, 0.2889, -0.1467, -1.2029|400
66|-0.6389, -1.6540, -0.6879, -0.9824, -0.9534, 0.2960, -0.1602, -1.2102|680
67|-0.6403, -1.6663, -0.6755, -0.9934, -0.9673, 0.3054, -0.1668, -1.2154|680
68|-0.6279, -1.6779, -0.6632, -0.9882, -0.9763, 0.2925, -0.1710, -1.2037|520
69|-0.6246, -1.7005, -0.7007, -0.9952, -0.9716, 0.3012, -0.1477, -1.1825|1420
70|-0.6358, -1.7185, -0.7110, -1.0218, -0.9693, 0.2885, -0.1436, -1.1712|280
71|-0.6519, -1.7243, -0.7194, -1.0265, -0.9743, 0.2816, -0.1603, -1.1742|1180
72|-0.6477, -1.7267, -0.7292, -1.0362, -0.9780, 0.2857, -0.1554, -1.1880|280
73|-0.6166, -1.7394, -0.7230, -1.0115, -1.0079, 0.2538, -0.1480, -1.1856|2680
74|-0.6241, -1.7595, -0.7391, -1.0291, -1.0365, 0.2543, -0.1433, -1.1951|500
75|-0.6003, -1.7550, -0.7334, -1.0239, -1.0356, 0.2616, -0.1229, -1.1737|400
76|-0.6093, -1.7533, -0.7405, -0.9907, -1.0348, 0.2687, -0.1120, -1.1727|160
77|-0.5782, -1.7568, -0.7354, -1.0100, -1.0266, 0.2562, -0.1375, -1.1896|1220
78|-0.5877, -1.7553, -0.7279, -0.9874, -1.0583, 0.2295, -0.1570, -1.1722|320
79|-0.5833, -1.7654, -0.7181, -0.9814, -1.0366, 0.2191, -0.1636, -1.1770|160
80|-0.5943, -1.7428, -0.7314, -0.9816, -1.0225, 0.1910, -0.1439, -1.1888|440
81|-0.5824, -1.7521, -0.7322, -1.0067, -1.0089, 0.2041, -0.1419, -1.1900|260
82|-0.5585, -1.7502, -0.7090, -1.0240, -1.0096, 0.1993, -0.1662, -1.1818|840
83|-0.5445, -1.7602, -0.6942, -1.0123, -1.0167, 0.1946, -0.1486, -1.1984|760
84|-0.5358, -1.7660, -0.7005, -1.0096, -1.0106, 0.1861, -0.1322, -1.1982|460
85|-0.5319, -1.7519, -0.7174, -1.0031, -1.0185, 0.1771, -0.1342, -1.1897|380
86|-0.5316, -1.7534, -0.7031, -0.9782, -1.0376, 0.1428, -0.1230, -1.1934|440
87|-0.5320, -1.7617, -0.7152, -0.9493, -1.0094, 0.1230, -0.1308, -1.1814|620
88|-0.5246, -1.7460, -0.7078, -0.9255, -1.0317, 0.1172, -0.1169, -1.1725|280
89|-0.5131, -1.7311, -0.7127, -0.9226, -1.0352, 0.0968, -0.1294, -1.1942|380
90|-0.5224, -1.7034, -0.7274, -0.9359, -1.0611, 0.0740, -0.1247, -1.2196|700
91|-0.5088, -1.6966, -0.7198, -0.9371, -1.0535, 0.0810, -0.1414, -1.2093|660
92|-0.4910, -1.7110, -0.7453, -0.9321, -1.0489, 0.0687, -0.1658, -1.1963|960
93|-0.4785, -1.7207, -0.7473, -0.9269, -1.0341, 0.0689, -0.2089, -1.2058|820
94|-0.4755, -1.7345, -0.7377, -0.9101, -1.0015, 0.0790, -0.1993, -1.2191|860
95|-0.4625, -1.7224, -0.7390, -0.9023, -0.9966, 0.0826, -0.2090, -1.2194|980
96|-0.4635, -1.7273, -0.7337, -0.9191, -1.0049, 0.0883, -0.2062, -1.2134|980
97|-0.4575, -1.7282, -0.7358, -0.9019, -1.0006, 0.0686, -0.1705, -1.2129|1260
98|-0.4381, -1.7411, -0.7473, -0.9047, -1.0027, 0.0768, -0.1821, -1.1895|200
99|-0.4302, -1.7190, -0.7359, -0.9149, -0.9940, 0.0665, -0.1579, -1.1782|420
