0|1.4743, -0.6721, -0.7241, -1.3447, 0.5697, -0.2203, 1.1205, -1.1544|1320
1|1.4683, -0.6839, -0.7301, -1.3301, 0.5478, -0.2075, 1.1181, -1.1528|560
2|1.4621, -0.6993, -0.7536, -1.3324, 0.5505, -0.2058, 1.1186, -1.1496|240
3|1.4535, -0.7065, -0.7668, -1.3133, 0.5544, -0.2090, 1.1059, -1.1317|1540
4|1.4530, -0.7336, -0.7762, -1.2928, 0.5499, -0.2178, 1.0931, -1.1279|820
5|1.4556, -0.7488, -0.8013, -1.2705, 0.5442, -0.2249, 1.0821, -1.1180|340
6|1.4687, -0.7495, -0.8158, -1.2659, 0.5543, -0.2189, 1.0788, -1.1415|480
7|1.4606, -0.7481, -0.8175, -1.2556, 0.5698, -0.2248, 1.0656, -1.1419|900
8|1.4675, -0.7634, -0.8284, -1.2679, 0.5827, -0.2278, 1.0578, -1.1273|540
9|1.4799, -0.7649, -0.8489, -1.2600, 0.5753, -0.2384, 1.0499, -1.1189|420
10|1.5025, -0.7926, -0.8531, -1.2568, 0.5772, -0.2246, 1.0553, -1.1276|780
11|1.5214, -0.8081, -0.8647, -1.2539, 0.5982, -0.2226, 1.0442, -1.1061|780
12|1.5392, -0.8178, -0.8780, -1.2504, 0.6122, -0.2149, 1.0592, -1.0945|920
13|1.5572, -0.8087, -0.8903, -1.2311, 0.6138, -0.2252, 1.0550, -1.0968|880
14|1.5594, -0.8119, -0.9196, -1.2234, 0.6230, -0.2035, 1.0575, -1.1113|1680
15|1.5465, -0.7951, -0.9200, -1.2055, 0.6067, -0.2095, 1.0612, -1.1132|1200
16|1.5345, -0.7980, -0.9246, -1.2002, 0.5929, -0.2040, 1.0698, -1.0993|1340
17|1.5457, -0.8205, -0.9337, -1.1939, 0.5743, -0.1863, 1.0404, -1.0943|660
18|1.5449, -0.8282, -0.9396, -1.1674, 0.5799, -0.1987, 1.0373, -1.0935|1140
19|1.5455, -0.8396, -0.9395, -1.1684, 0.5711, -0.2033, 1.0388, -1.0931|260
20|1.5490, -0.8687, -0.9523, -1.1603, 0.5704, -0.2164, 1.0285, -1.0864|820
21|1.5539, -0.8769, -0.9533, -1.1423, 0.5795, -0.2360, 1.0304, -1.0877|460
22|1.5420, -0.8879, -0.9531, -1.1518, 0.5850, -0.2417, 1.0278, -1.0877|1920
23|1.5345, -0.8829, -0.9572, -1.1550, 0.5758, -0.2565, 1.0228, -1.0760|1400
24|1.5449, -0.8909, -0.9597, -1.1441, 0.5665, -0.2532, 1.0205, -1.0762|2820
25|1.5626, -0.9059, -0.9309, -1.1429, 0.5500, -0.2656, 1.0343, -1.0710|1080
26|1.5609, -0.9008, -0.9224, -1.1355, 0.5299, -0.2599, 1.0224, -1.0566|2140
27|1.5696, -0.9235, -0.9523, -1.1416, 0.5386, -0.2442, 1.0268, -1.0453|740
28|1.5564, -0.9239, -0.9422, -1.1302, 0.5442, -0.2472, 1.0388, -1.0369|1620
29|1.5726, -0.9397, -0.9523, -1.1230, 0.5492, -0.2615, 1.0363, -1.0246|360
30|1.5627, -0.9477, -0.9502, -1.1178, 0.5299, -0.2631, 1.0303, -1.0420|1760
31|1.5726, -0.9480, -0.9498, -1.1177, 0.5418, -0.2517, 1.0441, -1.0433|600
