0|0.0760, 1.3270, -1.4865, 1.4936, -1.1972, 1.0285, 0.8651, -0.5362|0
1|0.0730, 1.3250, -1.4861, 1.4909, -1.2074, 1.0300, 0.8691, -0.5336|40
2|0.0822, 1.3102, -1.4862, 1.4849, -1.2022, 1.0407, 0.8650, -0.5337|0
3|0.0690, 1.3030, -1.4814, 1.4755, -1.2024, 1.0454, 0.8626, -0.5377|0
4|0.0631, 1.2960, -1.4847, 1.4657, -1.2045, 1.0407, 0.8578, -0.5386|0
5|0.0690, 1.2966, -1.4776, 1.4698, -1.2155, 1.0451, 0.8604, -0.5405|0
6|0.0610, 1.2982, -1.4914, 1.4763, -1.2167, 1.0452, 0.8504, -0.5309|0
7|0.0520, 1.3017, -1.4868, 1.4709, -1.2282, 1.0488, 0.8640, -0.5185|0
8|0.0519, 1.3071, -1.4927, 1.4797, -1.2286, 1.0388, 0.8580, -0.5172|0
9|0.0541, 1.3063, -1.4864, 1.4742, -1.2309, 1.0324, 0.8600, -0.5277|0
10|0.0528, 1.3113, -1.4901, 1.4746, -1.2416, 1.0367, 0.8548, -0.5327|0
11|0.0571, 1.3233, -1.4954, 1.4796, -1.2429, 1.0345, 0.8455, -0.5291|0
12|0.0566, 1.3227, -1.4922, 1.4697, -1.2518, 1.0294, 0.8430, -0.5405|0
13|0.0503, 1.3111, -1.4869, 1.4674, -1.2596, 1.0254, 0.8510, -0.5338|40
14|0.0425, 1.3142, -1.5001, 1.4735, -1.2647, 1.0312, 0.8525, -0.5324|0
15|0.0364, 1.3126, -1.5079, 1.4720, -1.2711, 1.0300, 0.8583, -0.5380|0
16|0.0523, 1.3071, -1.5036, 1.4765, -1.2776, 1.0221, 0.8609, -0.5381|0
17|0.0463, 1.3144, -1.4904, 1.4683, -1.2898, 1.0222, 0.8640, -0.5316|40
18|0.0394, 1.3143, -1.4915, 1.4719, -1.2971, 1.0193, 0.8513, -0.5264|0
19|0.0376, 1.3120, -1.5039, 1.4678, -1.2933, 1.0225, 0.8477, -0.5205|0
20|0.0400, 1.3032, -1.5182, 1.4661, -1.3019, 1.0178, 0.8491, -0.5183|0
21|0.0429, 1.2973, -1.5242, 1.4580, -1.3106, 1.0151, 0.8508, -0.5153|0
22|0.0410, 1.2805, -1.5244, 1.4555, -1.3066, 1.0049, 0.8523, -0.5077|0
23|0.0429, 1.2721, -1.5249, 1.4532, -1.3043, 1.0049, 0.8425, -0.5052|0
24|0.0578, 1.2734, -1.5215, 1.4387, -1.3131, 1.0036, 0.8370, -0.4983|0
25|0.0648, 1.2758, -1.5219, 1.4385, -1.3110, 1.0035, 0.8310, -0.4896|0
26|0.0483, 1.2845, -1.5267, 1.4387, -1.3119, 1.0041, 0.8284, -0.4854|40
27|0.0450, 1.2747, -1.5122, 1.4390, -1.3172, 1.0025, 0.8225, -0.4775|0
28|0.0567, 1.2723, -1.5181, 1.4463, -1.3237, 0.9994, 0.8371, -0.4723|0
29|0.0628, 1.2677, -1.5232, 1.4364, -1.3173, 1.0019, 0.8380, -0.4721|0
30|0.0464, 1.2668, -1.5249, 1.4427, -1.3268, 0.9947, 0.8462, -0.4775|0
31|0.0485, 1.2664, -1.5246, 1.4481, -1.3282, 0.9996, 0.8481, -0.4827|0
