0|0.2511, -0.2930, 0.4586, 0.1939, -1.1785, -1.4918, 0.3668, 0.5422|0
1|0.2604, -0.2849, 0.4320, 0.1964, -1.1917, -1.4825, 0.3713, 0.5272|0
2|0.2577, -0.3004, 0.3903, 0.1776, -1.2022, -1.4785, 0.3561, 0.5253|0
3|0.2400, -0.2905, 0.3471, 0.1545, -1.2010, -1.5068, 0.3516, 0.4939|0
4|0.2406, -0.3017, 0.3200, 0.1295, -1.1892, -1.5152, 0.3515, 0.4768|40
5|0.2353, -0.3042, 0.2746, 0.1077, -1.1593, -1.5085, 0.3521, 0.4584|0
6|0.2527, -0.3403, 0.2105, 0.1014, -1.1492, -1.4908, 0.3582, 0.4540|0
7|0.2450, -0.3657, 0.1083, 0.0650, -1.1559, -1.4690, 0.3311, 0.4811|80
8|0.2210, -0.3744, 0.0148, 0.0271, -1.1883, -1.4827, 0.3076, 0.4708|160
9|0.2236, -0.4082, -0.0524, -0.0023, -1.1978, -1.4986, 0.3275, 0.4232|560
10|0.2480, -0.4172, -0.1096, -0.0478, -1.2197, -1.4831, 0.3180, 0.4365|640
11|0.2527, -0.4263, -0.1780, -0.0458, -1.2203, -1.4303, 0.3005, 0.4303|40
12|0.2611, -0.4473, -0.2171, -0.0893, -1.2076, -1.4268, 0.3223, 0.4236|280
13|0.2838, -0.4527, -0.2612, -0.0891, -1.2107, -1.4205, 0.2877, 0.4288|640
14|0.2753, -0.4842, -0.2956, -0.1131, -1.2077, -1.3828, 0.2750, 0.4209|740
15|0.2810, -0.4831, -0.3192, -0.1266, -1.2130, -1.3657, 0.2639, 0.4101|1540
16|0.3013, -0.4895, -0.3522, -0.1432, -1.2106, -1.3750, 0.2725, 0.3978|720
17|0.3115, -0.5132, -0.3711, -0.1536, -1.2110, -1.3504, 0.2743, 0.3776|420
18|0.3267, -0.5388, -0.4043, -0.1731, -1.2207, -1.3450, 0.2923, 0.3799|600
19|0.3277, -0.5616, -0.4182, -0.1695, -1.2299, -1.3550, 0.2763, 0.3913|680
20|0.3160, -0.5907, -0.4303, -0.1995, -1.2278, -1.3613, 0.2607, 0.3626|300
21|0.3559, -0.5812, -0.4810, -0.1818, -1.2485, -1.3591, 0.2512, 0.3482|480
22|0.3467, -0.5812, -0.4953, -0.2107, -1.2443, -1.3506, 0.2304, 0.3180|460
23|0.3592, -0.5849, -0.5025, -0.1994, -1.2342, -1.3426, 0.2113, 0.2912|500
24|0.3834, -0.6182, -0.5073, -0.2323, -1.2205, -1.3523, 0.2339, 0.3025|380
25|0.3916, -0.6188, -0.5153, -0.2541, -1.2153, -1.3513, 0.2205, 0.3122|1420
26|0.3985, -0.6329, -0.5007, -0.2517, -1.2325, -1.3555, 0.1788, 0.3290|1260
27|0.4131, -0.6315, -0.5381, -0.2680, -1.2302, -1.3674, 0.1806, 0.3312|580
28|0.4200, -0.6519, -0.5248, -0.2555, -1.2246, -1.3506, 0.1618, 0.3228|620
29|0.3978, -0.6406, -0.5288, -0.2535, -1.2289, -1.3710, 0.1373, 0.3128|280
30|0.3809, -0.6539, -0.5532, -0.2523, -1.2356, -1.3822, 0.1323, 0.2807|680
31|0.3809, -0.6499, -0.5708, -0.2661, -1.2393, -1.3614, 0.1162, 0.2867|960
