0|-1.2886, 0.9623, -0.9284, 0.2312, -1.2059, -0.0545, -0.7879, 0.9956|0
1|-1.2889, 0.9513, -0.9551, 0.1967, -1.2150, -0.0719, -0.7729, 1.0018|280
2|-1.2836, 0.9435, -0.9705, 0.1852, -1.2415, -0.0702, -0.7522, 0.9839|100
3|-1.2735, 0.9701, -0.9659, 0.1463, -1.2618, -0.0609, -0.7635, 0.9795|0
4|-1.2648, 0.9636, -0.9660, 0.1432, -1.2576, -0.0620, -0.7556, 0.9707|0
5|-1.2677, 0.9563, -0.9708, 0.1234, -1.2575, -0.0704, -0.7507, 0.9493|120
6|-1.2574, 0.9536, -0.9909, 0.1015, -1.2462, -0.0766, -0.7273, 0.9422|40
7|-1.2530, 0.9560, -0.9959, 0.0882, -1.2406, -0.0923, -0.7095, 0.9625|40
8|-1.2625, 0.9451, -0.9868, 0.0559, -1.2573, -0.1055, -0.7127, 0.9601|0
9|-1.2768, 0.9427, -1.0112, 0.0439, -1.2774, -0.1084, -0.7057, 0.9566|0
10|-1.2688, 0.9391, -1.0047, 0.0205, -1.2875, -0.1220, -0.6934, 0.9662|0
11|-1.2445, 0.9183, -1.0053, 0.0194, -1.2947, -0.1322, -0.6955, 0.9652|100
12|-1.2390, 0.9181, -1.0136, -0.0032, -1.3029, -0.1524, -0.6909, 0.9503|40
13|-1.2156, 0.9090, -1.0190, -0.0229, -1.3029, -0.1671, -0.7006, 0.9602|40
14|-1.1993, 0.9271, -1.0245, -0.0519, -1.3327, -0.1890, -0.6961, 0.9637|0
15|-1.1962, 0.9388, -1.0168, -0.0736, -1.3415, -0.2218, -0.6944, 0.9548|100
16|-1.1674, 0.9351, -1.0145, -0.0844, -1.3401, -0.2477, -0.6789, 0.9349|80
17|-1.1573, 0.9187, -1.0204, -0.1173, -1.3484, -0.2552, -0.6969, 0.9337|0
18|-1.1678, 0.9147, -1.0063, -0.1387, -1.3442, -0.2669, -0.6850, 0.9387|80
19|-1.1479, 0.9039, -1.0048, -0.1582, -1.3365, -0.2910, -0.6855, 0.9444|0
20|-1.1298, 0.8898, -1.0130, -0.1779, -1.3427, -0.3045, -0.6840, 0.9563|0
21|-1.1245, 0.8918, -1.0324, -0.2027, -1.3490, -0.3115, -0.6785, 0.9817|160
22|-1.0931, 0.8825, -1.0227, -0.2345, -1.3597, -0.3079, -0.6738, 0.9777|120
23|-1.0821, 0.8902, -1.0270, -0.2393, -1.3757, -0.3022, -0.6653, 0.9755|40
24|-1.0798, 0.8763, -1.0384, -0.2562, -1.3795, -0.3126, -0.6789, 0.9850|40
25|-1.0765, 0.8651, -1.0458, -0.2806, -1.3887, -0.3117, -0.6744, 0.9667|40
26|-1.0717, 0.8598, -1.0611, -0.3337, -1.3694, -0.3143, -0.6623, 0.9506|0
27|-1.0756, 0.8689, -1.0657, -0.3627, -1.3776, -0.3182, -0.6583, 0.9450|120
28|-1.0643, 0.8748, -1.0679, -0.3875, -1.3774, -0.3417, -0.6520, 0.9441|80
29|-1.0488, 0.8887, -1.0664, -0.4134, -1.3919, -0.3565, -0.6593, 0.9390|80
30|-1.0302, 0.8671, -1.0741, -0.4245, -1.3813, -0.3616, -0.6648, 0.9399|120
31|-1.0268, 0.8554, -1.0709, -0.4560, -1.4048, -0.3593, -0.6623, 0.9466|40
