0|-1.1872, -0.9753, 0.5794, -1.2308, 1.2747, -0.3731, -1.1844, 0.6545|0
1|-1.1859, -0.9850, 0.5628, -1.2489, 1.2830, -0.3751, -1.1781, 0.6485|0
2|-1.1828, -0.9840, 0.5472, -1.2683, 1.2625, -0.3917, -1.1566, 0.6485|0
3|-1.1976, -0.9812, 0.5475, -1.2851, 1.2514, -0.4020, -1.1646, 0.6393|0
4|-1.2072, -0.9990, 0.5323, -1.3164, 1.2245, -0.4060, -1.1642, 0.6171|0
5|-1.2130, -1.0128, 0.5237, -1.3351, 1.1992, -0.4163, -1.1656, 0.5952|0
6|-1.2149, -1.0001, 0.5087, -1.3503, 1.1754, -0.4266, -1.1730, 0.5947|40
7|-1.2110, -1.0025, 0.4861, -1.3736, 1.1815, -0.4318, -1.1653, 0.5935|0
8|-1.2032, -1.0087, 0.4498, -1.3924, 1.1765, -0.4468, -1.1721, 0.5723|40
9|-1.1986, -1.0257, 0.4237, -1.3981, 1.1555, -0.4493, -1.1750, 0.5703|40
10|-1.2016, -1.0545, 0.3852, -1.4204, 1.1438, -0.4655, -1.1795, 0.5801|0
11|-1.2138, -1.0600, 0.3456, -1.4326, 1.1309, -0.4804, -1.1751, 0.5823|120
12|-1.2322, -1.0625, 0.3148, -1.4549, 1.1208, -0.4804, -1.1718, 0.5811|120
13|-1.2330, -1.0667, 0.2907, -1.4637, 1.1377, -0.4930, -1.1494, 0.5770|40
14|-1.2321, -1.0874, 0.2644, -1.4564, 1.1358, -0.5103, -1.1477, 0.5662|120
15|-1.2152, -1.0957, 0.2376, -1.4775, 1.1351, -0.5221, -1.1686, 0.5675|40
16|-1.2085, -1.1121, 0.1900, -1.4687, 1.1229, -0.5300, -1.1854, 0.5603|40
17|-1.2093, -1.1217, 0.1736, -1.4855, 1.1139, -0.5345, -1.1762, 0.5707|220
18|-1.2012, -1.1287, 0.1261, -1.5080, 1.0865, -0.5351, -1.1791, 0.5598|120
19|-1.1954, -1.1452, 0.1007, -1.5176, 1.0749, -0.5474, -1.1768, 0.5691|80
20|-1.1812, -1.1549, 0.0805, -1.5346, 1.0775, -0.5532, -1.1673, 0.5621|160
21|-1.1752, -1.1645, 0.0613, -1.5471, 1.0818, -0.5549, -1.1572, 0.5644|160
22|-1.1845, -1.1930, 0.0467, -1.5496, 1.0724, -0.5600, -1.1786, 0.5445|200
23|-1.1661, -1.1949, 0.0063, -1.5656, 1.0658, -0.5588, -1.1830, 0.5304|80
24|-1.1530, -1.1934, -0.0032, -1.5793, 1.0522, -0.5684, -1.1809, 0.5249|280
25|-1.1532, -1.2080, -0.0144, -1.5823, 1.0550, -0.5758, -1.2006, 0.5078|160
26|-1.1354, -1.2130, -0.0473, -1.6081, 1.0430, -0.5855, -1.2004, 0.5160|280
27|-1.1421, -1.2415, -0.0857, -1.6033, 1.0308, -0.5845, -1.2075, 0.5111|320
28|-1.1381, -1.2584, -0.0986, -1.6083, 1.0424, -0.6100, -1.2179, 0.5012|400
29|-1.1517, -1.2740, -0.1063, -1.5991, 1.0387, -0.6154, -1.2180, 0.4960|200
30|-1.1628, -1.2844, -0.1243, -1.6059, 1.0222, -0.6203, -1.2094, 0.4783|260
31|-1.1575, -1.3009, -0.1301, -1.6322, 1.0064, -0.6073, -1.2013, 0.4696|80
32|-1.1466, -1.2789, -0.1393, -1.6314, 0.9833, -0.6164, -1.1956, 0.4682|120
33|-1.1430, -1.2813, -0.1574, -1.6203, 0.9783, -0.6078, -1.1820, 0.4650|240
34|-1.1527, -1.2879, -0.2049, -1.5982, 0.9738, -0.6057, -1.1800, 0.4778|80
35|-1.1442, -1.2910, -0.2231, -1.6121, 0.9739, -0.6033, -1.1817, 0.4692|380
36|-1.1354, -1.2819, -0.2396, -1.6123, 0.9693, -0.6094, -1.1807, 0.4784|320
37|-1.1084, -1.2962, -0.2501, -1.6138, 0.9726, -0.6069, -1.1812, 0.4634|160
38|-1.1075, -1.2952, -0.2592, -1.6033, 0.9629, -0.6102, -1.1649, 0.4491|240
39|-1.1068, -1.2922, -0.2671, -1.6016, 0.9547, -0.6084, -1.1690, 0.4424|280
40|-1.1108, -1.3070, -0.2971, -1.6200, 0.9584, -0.6154, -1.1723, 0.4454|120
41|-1.1127, -1.3075, -0.3015, -1.5884, 0.9483, -0.6134, -1.1692, 0.4599|700
42|-1.1006, -1.3003, -0.3119, -1.5934, 0.9317, -0.6338, -1.1605, 0.4468|600
43|-1.0778, -1.3110, -0.3425, -1.5811, 0.9346, -0.6327, -1.1476, 0.4460|600
44|-1.0559, -1.3215, -0.3450, -1.5743, 0.9335, -0.6382, -1.1491, 0.4423|280
45|-1.0700, -1.3300, -0.3589, -1.5669, 0.9254, -0.6433, -1.1446, 0.4362|40
46|-1.0521, -1.3506, -0.3607, -1.5821, 0.9220, -0.6279, -1.1396, 0.4448|920
47|-1.0464, -1.3501, -0.3683, -1.5802, 0.9208, -0.6347, -1.1498, 0.4583|300
48|-1.0595, -1.3463, -0.3753, -1.5698, 0.9084, -0.6356, -1.1468, 0.4390|40
49|-1.0392, -1.3505, -0.3817, -1.5707, 0.8870, -0.6294, -1.1387, 0.4458|240
50|-1.0224, -1.3455, -0.3804, -1.5780, 0.8823, -0.6212, -1.1340, 0.4572|240
51|-1.0261, -1.3575, -0.4026, -1.5801, 0.8871, -0.6342, -1.1335, 0.4699|280
52|-1.0038, -1.3735, -0.4265, -1.5806, 0.8765, -0.6419, -1.1201, 0.4730|360
53|-0.9897, -1.3893, -0.4445, -1.5918, 0.8733, -0.6579, -1.1097, 0.4724|40
54|-0.9889, -1.3884, -0.4506, -1.5978, 0.8834, -0.6523, -1.1116, 0.4668|80
55|-0.9865, -1.3966, -0.4618, -1.5976, 0.8849, -0.6626, -1.1065, 0.4744|40
56|-0.9928, -1.3900, -0.4848, -1.5744, 0.8748, -0.6724, -1.0914, 0.4663|320
57|-0.9906, -1.4046, -0.4955, -1.5759, 0.8649, -0.6663, -1.0895, 0.4599|340
58|-0.9820, -1.4069, -0.4979, -1.5847, 0.8481, -0.6807, -1.0835, 0.4630|240
59|-0.9716, -1.4221, -0.4982, -1.5873, 0.8488, -0.6661, -1.0931, 0.4696|360
60|-0.9737, -1.4199, -0.5248, -1.6143, 0.8467, -0.6716, -1.0791, 0.4604|280
61|-0.9803, -1.4294, -0.5335, -1.6312, 0.8300, -0.6699, -1.0793, 0.4269|40
62|-0.9771, -1.4346, -0.5499, -1.6253, 0.8130, -0.6683, -1.0675, 0.4398|700
63|-0.9722, -1.4223, -0.5673, -1.6276, 0.8133, -0.6832, -1.0642, 0.4417|240
