0|0.5386, 1.1691, 0.1922, -0.1357, -0.9901, -0.2565, 0.7178, -1.3366|0
1|0.5428, 1.1670, 0.1721, -0.1308, -0.9937, -0.2613, 0.7190, -1.3354|0
2|0.5416, 1.1621, 0.1574, -0.1345, -0.9954, -0.2659, 0.7159, -1.3366|80
3|0.5346, 1.1681, 0.1406, -0.1450, -0.9967, -0.2729, 0.7170, -1.3450|0
4|0.5317, 1.1651, 0.1263, -0.1529, -0.9916, -0.2760, 0.7182, -1.3458|0
5|0.5410, 1.1590, 0.1164, -0.1533, -0.9877, -0.2833, 0.7204, -1.3543|0
6|0.5382, 1.1660, 0.1011, -0.1485, -0.9858, -0.2957, 0.7239, -1.3486|0
7|0.5415, 1.1725, 0.0888, -0.1514, -0.9797, -0.2992, 0.7288, -1.3446|0
8|0.5417, 1.1659, 0.0706, -0.1552, -0.9698, -0.3086, 0.7301, -1.3475|40
9|0.5380, 1.1675, 0.0552, -0.1701, -0.9695, -0.3109, 0.7307, -1.3548|40
10|0.5369, 1.1582, 0.0439, -0.1684, -0.9628, -0.3177, 0.7326, -1.3617|0
11|0.5395, 1.1576, 0.0294, -0.1755, -0.9611, -0.3261, 0.7304, -1.3619|40
12|0.5435, 1.1574, 0.0134, -0.1908, -0.9660, -0.3347, 0.7275, -1.3640|40
13|0.5481, 1.1524, -0.0044, -0.1896, -0.9624, -0.3341, 0.7156, -1.3573|0
14|0.5552, 1.1490, -0.0309, -0.1937, -0.9591, -0.3390, 0.7176, -1.3523|0
15|0.5473, 1.1372, -0.0581, -0.2006, -0.9625, -0.3356, 0.7155, -1.3622|40
16|0.5498, 1.1368, -0.0828, -0.2141, -0.9606, -0.3288, 0.7141, -1.3702|40
17|0.5529, 1.1336, -0.1043, -0.2146, -0.9555, -0.3278, 0.7176, -1.3754|40
18|0.5543, 1.1298, -0.1263, -0.2158, -0.9549, -0.3264, 0.7125, -1.3793|120
19|0.5523, 1.1228, -0.1538, -0.2258, -0.9636, -0.3303, 0.7140, -1.3832|200
20|0.5512, 1.1176, -0.1769, -0.2270, -0.9582, -0.3258, 0.7120, -1.3830|40
21|0.5580, 1.1238, -0.1998, -0.2382, -0.9560, -0.3265, 0.7065, -1.3889|120
22|0.5606, 1.1224, -0.2208, -0.2373, -0.9556, -0.3315, 0.7126, -1.3952|40
23|0.5660, 1.1142, -0.2424, -0.2330, -0.9672, -0.3397, 0.7040, -1.3962|120
24|0.5761, 1.1126, -0.2614, -0.2349, -0.9689, -0.3363, 0.7024, -1.4015|80
25|0.5729, 1.1034, -0.2781, -0.2504, -0.9613, -0.3385, 0.7022, -1.4015|280
26|0.5717, 1.0985, -0.2984, -0.2473, -0.9635, -0.3422, 0.7016, -1.4070|120
27|0.5743, 1.0986, -0.3246, -0.2529, -0.9671, -0.3414, 0.6950, -1.4091|240
28|0.5774, 1.0922, -0.3387, -0.2677, -0.9678, -0.3445, 0.6870, -1.4014|160
29|0.5778, 1.0907, -0.3487, -0.2739, -0.9710, -0.3436, 0.6836, -1.4048|240
30|0.5721, 1.0822, -0.3666, -0.2791, -0.9693, -0.3532, 0.6789, -1.4098|120
31|0.5821, 1.0701, -0.3771, -0.2789, -0.9689, -0.3513, 0.6772, -1.4098|160
