0|-0.5200, -1.2913, 0.3169, 1.3236, -0.5429, -1.3757, 0.4300, -1.0868|0
1|-0.5064, -1.2465, 0.3735, 1.3258, -0.5513, -1.3563, 0.4244, -1.1614|0
2|-0.5372, -1.2377, 0.2906, 1.3302, -0.5928, -1.2813, 0.4493, -1.1507|0
3|-0.5456, -1.2657, 0.2739, 1.4577, -0.5846, -1.2662, 0.4160, -1.1737|0
4|-0.6606, -1.2045, 0.2170, 1.5032, -0.6360, -1.3211, 0.4458, -1.1314|0
5|-0.6437, -1.0855, 0.3059, 1.5173, -0.7300, -1.3857, 0.5048, -1.0828|0
6|-0.5832, -1.0013, 0.3179, 1.5422, -0.7507, -1.3922, 0.5696, -1.0702|0
7|-0.6065, -1.0112, 0.3148, 1.4852, -0.8057, -1.4155, 0.5332, -1.0633|0
8|-0.6822, -0.9909, 0.2816, 1.5418, -0.7748, -1.4379, 0.5717, -1.0680|0
9|-0.7214, -0.9323, 0.2381, 1.5088, -0.7456, -1.4207, 0.5959, -0.9450|0
10|-0.7177, -0.8934, 0.2490, 1.4873, -0.7517, -1.3644, 0.5732, -0.9581|0
11|-0.7184, -0.8711, 0.2408, 1.5730, -0.7039, -1.2991, 0.5982, -0.9568|0
12|-0.6968, -0.8582, 0.2473, 1.5019, -0.6166, -1.4002, 0.6993, -0.9092|0
13|-0.6978, -0.9217, 0.2918, 1.4566, -0.6446, -1.4273, 0.6077, -0.9758|0
14|-0.6741, -0.9945, 0.3056, 1.5054, -0.7132, -1.4206, 0.5637, -1.0573|0
15|-0.6161, -0.9043, 0.2917, 1.4636, -0.7655, -1.3456, 0.6290, -1.0388|0
16|-0.5939, -0.8743, 0.2174, 1.4729, -0.7721, -1.3538, 0.5420, -1.1760|0
17|-0.6210, -0.8603, 0.2104, 1.4972, -0.8607, -1.3171, 0.5146, -1.1347|0
18|-0.6330, -0.8727, 0.1678, 1.4643, -0.8499, -1.3950, 0.5693, -1.0557|0
19|-0.6308, -0.7826, 0.1524, 1.3992, -0.8157, -1.3417, 0.5790, -1.0240|0
20|-0.6888, -0.9553, 0.0885, 1.4138, -0.7896, -1.3221, 0.6243, -1.1190|0
21|-0.7561, -1.0652, 0.1777, 1.4929, -0.8539, -1.3331, 0.6034, -1.0750|0
22|-0.7167, -1.0262, 0.1285, 1.5237, -0.8652, -1.3698, 0.6632, -1.0082|0
23|-0.7186, -0.9613, 0.1952, 1.5191, -0.9394, -1.3445, 0.7196, -0.9791|0
24|-0.7051, -0.9486, 0.1047, 1.5280, -0.9544, -1.4300, 0.6803, -0.9980|0
25|-0.7808, -0.9353, 0.1209, 1.5405, -1.0422, -1.4110, 0.6665, -0.9759|0
26|-0.7654, -0.8578, 0.1222, 1.5815, -1.0672, -1.3961, 0.7101, -1.0266|0
27|-0.8266, -0.8832, 0.1377, 1.5927, -1.0939, -1.4224, 0.7504, -1.0124|0
28|-0.8675, -0.8550, 0.1842, 1.6070, -1.1402, -1.4331, 0.8484, -0.9286|40
29|-0.8351, -0.8617, 0.1782, 1.5251, -1.1820, -1.4267, 0.9061, -0.9568|0
30|-0.7530, -0.8783, 0.1795, 1.4699, -1.1982, -1.4094, 0.9193, -0.9848|0
31|-0.8058, -1.0055, 0.0222, 1.4623, -1.1332, -1.3944, 0.9157, -0.9367|0
