0|-0.0983, -1.3648, -0.1975, -1.1821, 1.3778, -0.5340, 1.3082, 1.1694|100
1|-0.0954, -1.3699, -0.2002, -1.1863, 1.3738, -0.5294, 1.3032, 1.1711|140
2|-0.0944, -1.3701, -0.2009, -1.1975, 1.3715, -0.5311, 1.3040, 1.1660|140
3|-0.0866, -1.3798, -0.2052, -1.2012, 1.3679, -0.5300, 1.3115, 1.1670|100
4|-0.0892, -1.3803, -0.2107, -1.2021, 1.3763, -0.5361, 1.3207, 1.1647|1240
5|-0.0972, -1.3834, -0.2082, -1.2067, 1.3762, -0.5368, 1.3205, 1.1712|240
6|-0.0845, -1.3837, -0.2156, -1.2100, 1.3677, -0.5343, 1.3164, 1.1657|400
7|-0.0860, -1.3866, -0.2254, -1.2186, 1.3588, -0.5363, 1.3157, 1.1619|180
8|-0.0865, -1.3825, -0.2401, -1.2184, 1.3489, -0.5317, 1.3137, 1.1555|0
9|-0.0817, -1.3769, -0.2444, -1.2152, 1.3387, -0.5402, 1.3150, 1.1638|380
10|-0.0820, -1.3777, -0.2508, -1.2229, 1.3320, -0.5305, 1.3074, 1.1667|220
11|-0.0807, -1.3721, -0.2570, -1.2234, 1.3299, -0.5332, 1.3171, 1.1648|1860
12|-0.0779, -1.3742, -0.2592, -1.2268, 1.3235, -0.5411, 1.3247, 1.1683|220
13|-0.0656, -1.3775, -0.2627, -1.2312, 1.3227, -0.5467, 1.3227, 1.1758|180
14|-0.0652, -1.3768, -0.2749, -1.2355, 1.3180, -0.5430, 1.3265, 1.1676|100
15|-0.0642, -1.3791, -0.2773, -1.2360, 1.3149, -0.5504, 1.3290, 1.1647|80
16|-0.0684, -1.3776, -0.2751, -1.2346, 1.3145, -0.5536, 1.3297, 1.1584|240
17|-0.0668, -1.3866, -0.2764, -1.2294, 1.3064, -0.5474, 1.3349, 1.1565|300
18|-0.0684, -1.3914, -0.2771, -1.2338, 1.2995, -0.5488, 1.3331, 1.1625|1240
19|-0.0578, -1.3897, -0.2809, -1.2382, 1.2973, -0.5473, 1.3272, 1.1618|180
20|-0.0488, -1.3959, -0.2869, -1.2380, 1.2964, -0.5477, 1.3287, 1.1618|140
21|-0.0489, -1.3847, -0.2815, -1.2370, 1.2907, -0.5490, 1.3311, 1.1617|180
22|-0.0450, -1.3937, -0.2803, -1.2407, 1.2856, -0.5470, 1.3264, 1.1615|40
23|-0.0482, -1.3898, -0.2802, -1.2493, 1.2787, -0.5465, 1.3216, 1.1577|0
24|-0.0478, -1.3887, -0.2809, -1.2449, 1.2726, -0.5455, 1.3298, 1.1560|500
25|-0.0440, -1.3843, -0.2807, -1.2364, 1.2676, -0.5399, 1.3330, 1.1547|260
26|-0.0419, -1.3939, -0.2847, -1.2257, 1.2562, -0.5364, 1.3370, 1.1494|1900
27|-0.0448, -1.4021, -0.2896, -1.2370, 1.2566, -0.5291, 1.3414, 1.1355|340
28|-0.0419, -1.4006, -0.2917, -1.2446, 1.2403, -0.5332, 1.3446, 1.1371|380
29|-0.0431, -1.4016, -0.2838, -1.2546, 1.2339, -0.5381, 1.3464, 1.1368|1700
30|-0.0462, -1.4063, -0.2764, -1.2544, 1.2350, -0.5392, 1.3511, 1.1362|560
31|-0.0403, -1.4123, -0.2778, -1.2583, 1.2233, -0.5432, 1.3423, 1.1393|720
