0|-0.8754, 1.1761, -1.1010, -0.1587, -1.4701, -1.2933, 0.2130, -1.3122|160
1|-0.8626, 1.1699, -1.0925, -0.1735, -1.4778, -1.3135, 0.2125, -1.2872|240
2|-0.8816, 1.1714, -1.1065, -0.1830, -1.4744, -1.3130, 0.2122, -1.2921|80
3|-0.8906, 1.1779, -1.1002, -0.2017, -1.4739, -1.3017, 0.1965, -1.2885|0
4|-0.8840, 1.1586, -1.1034, -0.2027, -1.4690, -1.3044, 0.2066, -1.2978|260
5|-0.8846, 1.1523, -1.0866, -0.2191, -1.4660, -1.3104, 0.2223, -1.2962|80
6|-0.8805, 1.1443, -1.0814, -0.2281, -1.4463, -1.3116, 0.2091, -1.3089|120
7|-0.8755, 1.1434, -1.0855, -0.2321, -1.4411, -1.3188, 0.2236, -1.2978|80
8|-0.8625, 1.1356, -1.0925, -0.2237, -1.4268, -1.3256, 0.2117, -1.3005|40
9|-0.8514, 1.1432, -1.0896, -0.2306, -1.4264, -1.3521, 0.2102, -1.2950|120
10|-0.8547, 1.1392, -1.0994, -0.2524, -1.4299, -1.3520, 0.2059, -1.2985|260
11|-0.8498, 1.1381, -1.0953, -0.2791, -1.4433, -1.3628, 0.2025, -1.3000|200
12|-0.8527, 1.1322, -1.0930, -0.2827, -1.4524, -1.3651, 0.1931, -1.2962|80
13|-0.8190, 1.1307, -1.0906, -0.2841, -1.4584, -1.3699, 0.1648, -1.2953|240
14|-0.8011, 1.1172, -1.0675, -0.2843, -1.4595, -1.3709, 0.1696, -1.3058|40
15|-0.7981, 1.1111, -1.0616, -0.2905, -1.4640, -1.3613, 0.1610, -1.3278|40
16|-0.7929, 1.1025, -1.0769, -0.2947, -1.4741, -1.3757, 0.1781, -1.3265|200
17|-0.7903, 1.1094, -1.0875, -0.2924, -1.4805, -1.3824, 0.1783, -1.3354|240
18|-0.7949, 1.1077, -1.0810, -0.2854, -1.4884, -1.4087, 0.1745, -1.3253|120
19|-0.7745, 1.0712, -1.0830, -0.3013, -1.4824, -1.4098, 0.1675, -1.3307|200
20|-0.7795, 1.0723, -1.0917, -0.3199, -1.4778, -1.4083, 0.1732, -1.3100|40
21|-0.7764, 1.0576, -1.0917, -0.3358, -1.4885, -1.4108, 0.1882, -1.3113|120
22|-0.7790, 1.0457, -1.0926, -0.3338, -1.4939, -1.4073, 0.1855, -1.3081|120
23|-0.7786, 1.0495, -1.0838, -0.3459, -1.5125, -1.4182, 0.1790, -1.3099|720
24|-0.7717, 1.0369, -1.0739, -0.3531, -1.5269, -1.4096, 0.1878, -1.3119|160
25|-0.7569, 1.0269, -1.0733, -0.3700, -1.5386, -1.4102, 0.1845, -1.3106|80
26|-0.7399, 1.0144, -1.0881, -0.3822, -1.5306, -1.4025, 0.1988, -1.2930|420
27|-0.7254, 1.0118, -1.0800, -0.3692, -1.5256, -1.3928, 0.2107, -1.2796|80
28|-0.7289, 1.0209, -1.0705, -0.3770, -1.5149, -1.4034, 0.2234, -1.2765|340
29|-0.7252, 1.0172, -1.0912, -0.4000, -1.5035, -1.4089, 0.2163, -1.2760|120
30|-0.7112, 1.0136, -1.1051, -0.4120, -1.4939, -1.4042, 0.2050, -1.2715|120
31|-0.7139, 1.0156, -1.1023, -0.4130, -1.4848, -1.4112, 0.2026, -1.2769|660
