0|0.0052, -1.1025, 0.5160, -0.2688, -1.2894, 0.1719, -0.6501, -0.7902|0
1|-0.0050, -1.1039, 0.4885, -0.3098, -1.3021, 0.1525, -0.6389, -0.7969|0
2|-0.0032, -1.1312, 0.4531, -0.3419, -1.3387, 0.1242, -0.6378, -0.8151|0
3|0.0024, -1.1168, 0.3916, -0.3523, -1.3386, 0.0848, -0.6444, -0.8220|0
4|-0.0110, -1.1269, 0.3381, -0.3769, -1.3042, 0.0798, -0.6580, -0.8231|40
5|-0.0027, -1.1248, 0.2791, -0.3888, -1.3009, 0.0473, -0.6348, -0.8119|80
6|0.0016, -1.1337, 0.2008, -0.4216, -1.3007, 0.0157, -0.6446, -0.8042|200
7|0.0088, -1.1576, 0.1149, -0.4378, -1.3098, -0.0093, -0.6370, -0.8306|320
8|0.0093, -1.1836, 0.0222, -0.4338, -1.3242, -0.0118, -0.6171, -0.8030|520
9|0.0023, -1.1987, -0.0491, -0.4159, -1.3503, 0.0027, -0.6204, -0.7749|400
10|-0.0176, -1.1906, -0.1080, -0.4155, -1.3348, 0.0082, -0.6286, -0.7573|2060
11|-0.0074, -1.2079, -0.1389, -0.4042, -1.3076, 0.0060, -0.6112, -0.7501|980
12|-0.0027, -1.2149, -0.1613, -0.3884, -1.2774, 0.0049, -0.5890, -0.7233|800
13|0.0169, -1.2475, -0.1895, -0.3285, -1.3041, -0.0237, -0.5809, -0.7122|1120
14|0.0213, -1.2686, -0.2172, -0.3238, -1.2917, -0.0445, -0.5334, -0.6934|1320
15|0.0513, -1.2715, -0.2228, -0.3095, -1.2922, -0.0607, -0.5114, -0.6809|1620
16|0.0641, -1.2919, -0.2264, -0.3024, -1.2869, -0.0604, -0.4831, -0.6748|940
17|0.0711, -1.3117, -0.2574, -0.2952, -1.3049, -0.0851, -0.4630, -0.6841|1380
18|0.0718, -1.3501, -0.2407, -0.2826, -1.2914, -0.0974, -0.4561, -0.6590|840
19|0.0707, -1.3770, -0.2493, -0.2812, -1.2902, -0.0948, -0.4193, -0.6622|1500
20|0.0977, -1.3835, -0.2343, -0.2753, -1.3148, -0.1293, -0.4048, -0.6555|2200
21|0.1224, -1.3974, -0.2497, -0.2805, -1.3173, -0.1691, -0.3975, -0.6326|3240
22|0.1452, -1.4325, -0.2721, -0.2675, -1.3489, -0.1808, -0.3788, -0.6339|2560
23|0.1778, -1.4709, -0.2440, -0.2385, -1.3469, -0.2070, -0.3408, -0.6114|4020
24|0.1702, -1.4852, -0.2249, -0.1979, -1.3577, -0.2020, -0.3366, -0.6100|2280
25|0.1935, -1.5107, -0.2128, -0.1830, -1.3446, -0.2374, -0.3312, -0.5707|4740
26|0.1990, -1.5257, -0.2074, -0.1924, -1.3379, -0.2157, -0.3131, -0.5478|3380
27|0.2334, -1.5409, -0.1998, -0.1778, -1.3431, -0.2446, -0.2953, -0.5184|1340
28|0.2641, -1.5734, -0.2080, -0.1668, -1.3295, -0.2317, -0.2832, -0.5130|4800
29|0.2730, -1.5677, -0.2361, -0.1774, -1.3253, -0.2127, -0.2556, -0.5034|2240
30|0.3118, -1.5842, -0.2271, -0.1896, -1.3366, -0.2241, -0.2374, -0.4841|2940
31|0.3095, -1.5917, -0.2089, -0.1788, -1.3197, -0.2304, -0.2626, -0.4573|3840
32|0.3354, -1.5938, -0.1919, -0.1580, -1.3313, -0.2377, -0.2597, -0.4027|2740
33|0.3178, -1.6352, -0.1750, -0.1492, -1.3400, -0.2368, -0.2550, -0.3654|1100
34|0.3138, -1.6628, -0.1478, -0.1643, -1.3518, -0.2307, -0.2200, -0.3486|1140
35|0.3091, -1.6717, -0.1210, -0.1861, -1.3567, -0.2162, -0.2049, -0.3156|8900
36|0.2994, -1.6937, -0.1135, -0.1738, -1.3710, -0.2279, -0.1892, -0.2975|8780
37|0.3191, -1.7170, -0.1365, -0.1725, -1.3774, -0.2312, -0.1796, -0.2536|4240
38|0.3237, -1.7277, -0.1646, -0.1855, -1.3838, -0.2270, -0.1533, -0.2559|1920
39|0.3251, -1.7326, -0.1460, -0.1894, -1.3583, -0.2460, -0.1609, -0.2325|5040
40|0.3347, -1.7410, -0.1210, -0.1595, -1.3333, -0.2229, -0.1513, -0.2431|2420
41|0.3328, -1.7253, -0.0808, -0.1678, -1.3191, -0.2055, -0.1433, -0.2156|8900
42|0.3303, -1.7235, -0.0483, -0.1747, -1.3344, -0.2120, -0.1348, -0.1902|5520
43|0.3506, -1.7324, -0.0543, -0.1646, -1.3389, -0.2070, -0.1475, -0.1859|5100
44|0.3799, -1.7502, -0.0561, -0.1645, -1.3182, -0.2340, -0.1326, -0.1715|8400
45|0.3661, -1.7451, -0.0446, -0.1541, -1.3290, -0.2233, -0.1217, -0.1605|10920
46|0.3947, -1.7582, -0.0569, -0.1626, -1.3159, -0.2074, -0.1491, -0.1379|5320
47|0.4199, -1.7683, -0.0808, -0.2046, -1.3098, -0.1955, -0.1662, -0.0964|5840
48|0.4260, -1.7788, -0.1019, -0.1975, -1.2985, -0.2097, -0.1665, -0.0901|5120
49|0.4157, -1.7886, -0.1112, -0.2158, -1.3208, -0.1826, -0.1549, -0.0751|7320
50|0.4499, -1.7964, -0.0983, -0.2166, -1.3321, -0.1711, -0.1608, -0.0765|7040
51|0.4560, -1.8120, -0.0888, -0.2079, -1.3216, -0.1541, -0.1409, -0.0560|11460
52|0.4650, -1.8325, -0.0886, -0.2327, -1.3370, -0.1621, -0.1571, -0.0567|2300
53|0.4829, -1.8296, -0.0830, -0.2357, -1.3553, -0.1495, -0.1557, -0.0440|11240
54|0.4811, -1.8389, -0.0896, -0.2187, -1.3458, -0.1085, -0.1641, -0.0535|3420
55|0.4760, -1.8305, -0.1154, -0.2269, -1.3543, -0.0991, -0.1688, -0.0594|12440
56|0.4931, -1.8148, -0.1175, -0.2120, -1.3429, -0.1117, -0.1470, -0.0694|7960
57|0.5323, -1.8290, -0.1026, -0.2014, -1.3502, -0.1440, -0.1699, -0.0747|4640
58|0.5518, -1.8493, -0.1176, -0.2183, -1.3285, -0.1685, -0.1744, -0.0430|4600
59|0.5487, -1.8521, -0.1100, -0.2186, -1.3457, -0.1889, -0.1769, -0.0518|14960
60|0.5574, -1.8781, -0.1048, -0.2260, -1.3258, -0.1557, -0.1852, -0.0096|6300
61|0.5762, -1.9016, -0.1028, -0.2279, -1.3086, -0.1569, -0.1796, -0.0001|6940
62|0.5769, -1.8853, -0.1175, -0.2755, -1.3263, -0.1291, -0.1717, 0.0185|1060
63|0.5912, -1.8871, -0.1023, -0.2559, -1.3212, -0.1399, -0.1987, 0.0130|1500
64|0.5952, -1.8952, -0.1012, -0.2505, -1.3222, -0.1285, -0.1747, 0.0198|4980
65|0.6112, -1.8873, -0.1052, -0.2647, -1.3195, -0.1149, -0.1617, 0.0230|7460
66|0.6290, -1.8785, -0.0991, -0.2670, -1.3102, -0.1174, -0.1471, 0.0241|8320
67|0.6227, -1.8392, -0.1187, -0.2577, -1.3043, -0.1077, -0.1230, 0.0376|11560
68|0.6111, -1.8443, -0.0961, -0.2532, -1.2952, -0.0905, -0.1252, 0.0529|7360
69|0.6202, -1.8453, -0.0946, -0.2628, -1.2868, -0.0747, -0.1112, 0.0302|3560
70|0.6354, -1.8845, -0.1111, -0.2863, -1.2793, -0.0707, -0.1316, 0.0396|9680
71|0.6307, -1.8744, -0.0943, -0.2907, -1.2691, -0.0650, -0.1419, 0.0327|5360
72|0.6295, -1.9003, -0.1073, -0.2720, -1.2243, -0.0737, -0.1154, 0.0511|25860
73|0.6325, -1.9160, -0.1036, -0.2720, -1.2058, -0.0737, -0.0989, 0.0543|4320
74|0.6261, -1.9041, -0.1004, -0.2720, -1.2071, -0.0644, -0.0929, 0.0431|3820
75|0.6425, -1.9294, -0.1198, -0.2712, -1.1934, -0.0710, -0.0952, 0.0555|26980
76|0.6558, -1.9448, -0.1117, -0.2902, -1.1883, -0.0538, -0.0824, 0.0510|3320
77|0.6747, -1.9617, -0.1243, -0.3119, -1.1701, -0.0487, -0.1141, 0.0742|7300
78|0.6690, -1.9533, -0.1114, -0.3450, -1.1566, -0.0604, -0.1241, 0.0674|3020
79|0.6613, -1.9603, -0.1293, -0.3317, -1.1474, -0.0902, -0.1415, 0.0896|21900
80|0.6738, -1.9598, -0.1339, -0.3172, -1.1656, -0.0779, -0.1578, 0.1056|7260
81|0.6750, -1.9585, -0.1267, -0.3099, -1.1549, -0.0670, -0.1179, 0.1103|1340
82|0.6722, -1.9442, -0.1158, -0.2979, -1.1654, -0.0956, -0.1090, 0.1283|8080
83|0.6556, -1.9401, -0.1089, -0.2972, -1.1466, -0.1109, -0.1150, 0.1110|7820
84|0.6512, -1.9639, -0.1276, -0.2944, -1.1594, -0.1058, -0.0879, 0.1133|4640
85|0.6532, -1.9632, -0.1048, -0.3087, -1.1652, -0.1234, -0.1058, 0.1109|3660
86|0.6621, -1.9724, -0.1146, -0.3099, -1.1327, -0.1062, -0.0763, 0.0968|16960
87|0.6461, -1.9888, -0.1173, -0.3332, -1.1344, -0.1046, -0.0951, 0.0885|520
88|0.6266, -1.9937, -0.1383, -0.3285, -1.1162, -0.0737, -0.0809, 0.0798|11060
89|0.6454, -2.0090, -0.1624, -0.3054, -1.1150, -0.0607, -0.0883, 0.0882|17320
90|0.6717, -2.0223, -0.1476, -0.3037, -1.0897, -0.0760, -0.0588, 0.1009|13780
91|0.6924, -2.0493, -0.1155, -0.3330, -1.0642, -0.0798, -0.0576, 0.1073|8720
92|0.6921, -2.0607, -0.1095, -0.3421, -1.0383, -0.0813, -0.0675, 0.1099|26840
93|0.6640, -2.0541, -0.0998, -0.3438, -1.0311, -0.0804, -0.0645, 0.1257|6220
94|0.6782, -2.0666, -0.1237, -0.3341, -1.0085, -0.0892, -0.0534, 0.1074|3120
95|0.6893, -2.0697, -0.1313, -0.3325, -0.9829, -0.0924, -0.0594, 0.1253|24060
96|0.7080, -2.0818, -0.1356, -0.3410, -0.9645, -0.0984, -0.0745, 0.1313|9980
97|0.7291, -2.0953, -0.1418, -0.3363, -0.9380, -0.0850, -0.0742, 0.1161|2240
98|0.7283, -2.1179, -0.1493, -0.3178, -0.9377, -0.0830, -0.0912, 0.1248|10880
99|0.7143, -2.1353, -0.1142, -0.3250, -0.9174, -0.0920, -0.0913, 0.1257|3280
