0|0.9656, 0.5700, -0.9718, -0.9806, -0.3096, -0.0955, -0.5319, 0.8462|280
1|0.9745, 0.5734, -0.9814, -0.9699, -0.3230, -0.1060, -0.5353, 0.8356|340
2|0.9716, 0.5548, -0.9868, -0.9762, -0.3108, -0.1093, -0.5264, 0.8528|820
3|0.9825, 0.5642, -0.9882, -0.9754, -0.2982, -0.1134, -0.5114, 0.8643|680
4|0.9838, 0.5610, -0.9820, -0.9786, -0.2965, -0.1239, -0.5115, 0.8707|2700
5|0.9776, 0.5648, -0.9969, -0.9723, -0.3050, -0.1362, -0.5090, 0.8754|120
6|0.9835, 0.5520, -0.9850, -0.9761, -0.3098, -0.1529, -0.5215, 0.8791|2100
7|0.9852, 0.5399, -0.9975, -0.9803, -0.3132, -0.1666, -0.5127, 0.8760|300
8|0.9970, 0.5220, -0.9999, -0.9846, -0.3238, -0.1766, -0.5285, 0.8899|640
9|1.0099, 0.5052, -1.0073, -0.9893, -0.3303, -0.1970, -0.5391, 0.9137|200
10|1.0208, 0.5035, -1.0168, -0.9851, -0.3367, -0.1903, -0.5240, 0.9223|480
11|1.0216, 0.5046, -1.0119, -0.9949, -0.3389, -0.1941, -0.5242, 0.9130|1180
12|1.0351, 0.4970, -1.0122, -1.0067, -0.3348, -0.2147, -0.5246, 0.9163|360
13|1.0416, 0.4969, -1.0350, -1.0030, -0.3238, -0.2192, -0.5085, 0.9188|680
14|1.0405, 0.4713, -1.0534, -1.0166, -0.3250, -0.2170, -0.4955, 0.9199|300
15|1.0380, 0.4900, -1.0683, -1.0287, -0.3330, -0.2168, -0.4836, 0.9301|1200
16|1.0280, 0.4873, -1.0595, -1.0259, -0.3281, -0.2312, -0.4756, 0.9043|560
17|1.0189, 0.4761, -1.0761, -1.0243, -0.3315, -0.2306, -0.4706, 0.9093|460
18|1.0315, 0.4752, -1.0898, -1.0331, -0.3253, -0.2343, -0.4645, 0.9198|320
19|1.0333, 0.4743, -1.0771, -1.0242, -0.3224, -0.2475, -0.4692, 0.9270|860
20|1.0219, 0.4666, -1.0773, -1.0344, -0.3321, -0.2454, -0.4710, 0.9128|540
21|1.0376, 0.4414, -1.0749, -1.0384, -0.3470, -0.2636, -0.4717, 0.9068|940
22|1.0442, 0.4404, -1.0686, -1.0519, -0.3594, -0.2773, -0.4661, 0.9056|1020
23|1.0456, 0.4307, -1.0632, -1.0569, -0.3643, -0.2649, -0.4759, 0.9130|40
24|1.0549, 0.4056, -1.0805, -1.0632, -0.3663, -0.2683, -0.4731, 0.9230|120
25|1.0537, 0.4206, -1.0773, -1.0606, -0.3464, -0.2814, -0.4910, 0.9143|1100
26|1.0663, 0.4260, -1.0762, -1.0545, -0.3137, -0.2905, -0.5047, 0.9142|660
27|1.0643, 0.4056, -1.0787, -1.0500, -0.3139, -0.2791, -0.4972, 0.8911|820
28|1.0766, 0.4054, -1.0693, -1.0556, -0.3081, -0.2723, -0.4898, 0.8661|1320
29|1.0828, 0.4221, -1.0635, -1.0572, -0.3152, -0.2612, -0.4821, 0.8708|1060
30|1.0794, 0.4134, -1.0652, -1.0560, -0.3033, -0.2475, -0.4728, 0.8825|560
31|1.0824, 0.4067, -1.0620, -1.0429, -0.3016, -0.2326, -0.4745, 0.8665|240
32|1.0935, 0.3834, -1.0788, -1.0654, -0.2895, -0.2428, -0.4700, 0.8706|360
33|1.0939, 0.3837, -1.0664, -1.0604, -0.2843, -0.2412, -0.4642, 0.8793|700
34|1.1081, 0.3731, -1.0802, -1.0652, -0.2909, -0.2410, -0.4655, 0.8707|720
35|1.1176, 0.3595, -1.1040, -1.0710, -0.2880, -0.2553, -0.4603, 0.8674|1260
36|1.1240, 0.3617, -1.1106, -1.0698, -0.2841, -0.2594, -0.4488, 0.8689|560
37|1.1216, 0.3494, -1.1323, -1.0636, -0.2903, -0.2641, -0.4355, 0.8720|1460
38|1.1232, 0.3491, -1.1332, -1.0611, -0.2900, -0.2582, -0.4458, 0.8693|120
39|1.1320, 0.3366, -1.1444, -1.0633, -0.2917, -0.2651, -0.4478, 0.8845|480
40|1.1148, 0.3168, -1.1285, -1.0586, -0.2975, -0.2702, -0.4453, 0.8863|1060
41|1.1133, 0.3132, -1.1454, -1.0660, -0.2918, -0.2691, -0.4594, 0.8996|440
42|1.1246, 0.3042, -1.1506, -1.0698, -0.2896, -0.2891, -0.4517, 0.8844|160
43|1.1197, 0.2846, -1.1457, -1.0725, -0.2672, -0.2943, -0.4639, 0.8816|320
44|1.1220, 0.2511, -1.1433, -1.0614, -0.2590, -0.2929, -0.4652, 0.8841|1240
45|1.1203, 0.2491, -1.1504, -1.0835, -0.2587, -0.2859, -0.4627, 0.8771|400
46|1.1262, 0.2493, -1.1539, -1.0915, -0.2631, -0.2846, -0.4446, 0.8758|360
47|1.1229, 0.2502, -1.1328, -1.0972, -0.2599, -0.2798, -0.4344, 0.8624|300
48|1.1268, 0.2334, -1.1399, -1.0904, -0.2544, -0.2868, -0.4413, 0.8475|520
49|1.1372, 0.2280, -1.1336, -1.0932, -0.2614, -0.2810, -0.4467, 0.8428|180
50|1.1362, 0.2058, -1.1416, -1.1051, -0.2736, -0.2818, -0.4498, 0.8552|300
51|1.1369, 0.2058, -1.1406, -1.1187, -0.2781, -0.2910, -0.4492, 0.8548|1640
52|1.1229, 0.1927, -1.1410, -1.1229, -0.2777, -0.2713, -0.4461, 0.8455|2080
53|1.1262, 0.1893, -1.1358, -1.1186, -0.2905, -0.2742, -0.4387, 0.8529|800
54|1.1026, 0.1859, -1.1548, -1.1054, -0.2694, -0.2667, -0.4176, 0.8797|980
55|1.1140, 0.1806, -1.1514, -1.1008, -0.2699, -0.2776, -0.4116, 0.8637|520
56|1.1129, 0.1672, -1.1509, -1.1102, -0.2688, -0.2826, -0.4023, 0.8640|720
57|1.1207, 0.1474, -1.1539, -1.1074, -0.2729, -0.2940, -0.3818, 0.8833|1820
58|1.1235, 0.1333, -1.1568, -1.1300, -0.2920, -0.3154, -0.3767, 0.8959|540
59|1.1421, 0.1370, -1.1465, -1.1194, -0.2874, -0.3148, -0.3909, 0.8786|880
60|1.1374, 0.1300, -1.1321, -1.1276, -0.3032, -0.3173, -0.3926, 0.8718|640
61|1.1422, 0.1285, -1.1143, -1.1225, -0.2887, -0.3111, -0.3852, 0.8729|1680
62|1.1395, 0.1264, -1.1240, -1.1276, -0.2969, -0.3075, -0.3879, 0.8752|540
63|1.1206, 0.1349, -1.1179, -1.1122, -0.3109, -0.2996, -0.3953, 0.8920|640
64|1.1260, 0.1108, -1.1127, -1.0981, -0.3094, -0.2877, -0.3803, 0.8770|400
65|1.1362, 0.1152, -1.1153, -1.1123, -0.3150, -0.2905, -0.3910, 0.8710|520
66|1.1525, 0.1014, -1.1207, -1.1113, -0.3119, -0.2864, -0.3812, 0.8529|320
67|1.1568, 0.0998, -1.0957, -1.1122, -0.3110, -0.2754, -0.3824, 0.8667|1080
68|1.1610, 0.0804, -1.0786, -1.1310, -0.3018, -0.2849, -0.3868, 0.8603|960
69|1.1745, 0.0719, -1.0843, -1.1297, -0.3142, -0.2917, -0.3821, 0.8475|200
70|1.1677, 0.0617, -1.0852, -1.1202, -0.3200, -0.2836, -0.3698, 0.8466|740
71|1.1631, 0.0561, -1.0968, -1.1197, -0.3308, -0.2666, -0.3419, 0.8424|920
72|1.1715, 0.0406, -1.0998, -1.1147, -0.3286, -0.2803, -0.3266, 0.8256|760
73|1.1653, 0.0513, -1.1023, -1.1076, -0.3176, -0.2790, -0.3119, 0.8218|1200
74|1.1783, 0.0286, -1.0974, -1.0910, -0.3249, -0.2833, -0.3147, 0.8154|960
75|1.1671, 0.0293, -1.0890, -1.0888, -0.3325, -0.2762, -0.3275, 0.8242|1220
76|1.1647, 0.0049, -1.0897, -1.0958, -0.3436, -0.2806, -0.3277, 0.8274|1080
77|1.1830, 0.0042, -1.0752, -1.0887, -0.3422, -0.2901, -0.3393, 0.8139|240
78|1.1880, 0.0047, -1.0819, -1.0806, -0.3422, -0.2912, -0.3421, 0.7982|480
79|1.1836, -0.0069, -1.0885, -1.0937, -0.3253, -0.2880, -0.3304, 0.7864|400
80|1.1886, -0.0194, -1.0799, -1.0888, -0.3563, -0.2760, -0.3234, 0.7774|300
81|1.1914, -0.0206, -1.0831, -1.0792, -0.3628, -0.2786, -0.3190, 0.7800|1040
82|1.1900, -0.0278, -1.0842, -1.0495, -0.3811, -0.2711, -0.3241, 0.7681|1780
83|1.1820, -0.0423, -1.0929, -1.0558, -0.3622, -0.2696, -0.3250, 0.7809|1040
84|1.1916, -0.0391, -1.0986, -1.0459, -0.3632, -0.2483, -0.3290, 0.7767|2800
85|1.1999, -0.0436, -1.1065, -1.0505, -0.3700, -0.2422, -0.3160, 0.7764|640
86|1.2192, -0.0474, -1.0892, -1.0511, -0.3828, -0.2479, -0.3000, 0.7913|920
87|1.2175, -0.0579, -1.0711, -1.0304, -0.3756, -0.2461, -0.2918, 0.7927|1160
88|1.2325, -0.0591, -1.0932, -1.0335, -0.3821, -0.2412, -0.3002, 0.7905|1240
89|1.2409, -0.0616, -1.0898, -1.0212, -0.3817, -0.2443, -0.2861, 0.7905|800
90|1.2419, -0.0660, -1.0924, -1.0265, -0.3884, -0.2412, -0.2847, 0.7699|500
91|1.2564, -0.0777, -1.0990, -1.0387, -0.3861, -0.2500, -0.2948, 0.7622|160
92|1.2563, -0.0984, -1.1011, -1.0320, -0.3857, -0.2424, -0.2857, 0.7527|2220
93|1.2442, -0.1165, -1.0964, -1.0333, -0.3849, -0.2505, -0.2881, 0.7361|1840
94|1.2503, -0.1302, -1.0892, -1.0336, -0.3939, -0.2587, -0.2838, 0.7299|280
95|1.2559, -0.1384, -1.0919, -1.0359, -0.3912, -0.2496, -0.2919, 0.7507|580
96|1.2616, -0.1403, -1.0932, -1.0264, -0.3795, -0.2468, -0.2843, 0.7625|560
97|1.2706, -0.1528, -1.0966, -1.0321, -0.3878, -0.2463, -0.2767, 0.7584|380
98|1.2794, -0.1429, -1.0960, -1.0251, -0.3763, -0.2568, -0.2812, 0.7590|780
99|1.2712, -0.1484, -1.0930, -1.0346, -0.3813, -0.2648, -0.2771, 0.7573|3000
