0|-1.1569, 0.2630, 0.0659, -0.8776, -1.3107, -0.2945, -0.5342, -1.3206|80
1|-1.1603, 0.2599, 0.0527, -0.8776, -1.3174, -0.2833, -0.5246, -1.3201|120
2|-1.1605, 0.2491, 0.0472, -0.8775, -1.3140, -0.2891, -0.5304, -1.3149|40
3|-1.1608, 0.2478, 0.0356, -0.8747, -1.3113, -0.2781, -0.5208, -1.3168|80
4|-1.1593, 0.2416, 0.0355, -0.8760, -1.3065, -0.2741, -0.5239, -1.3182|120
5|-1.1537, 0.2472, 0.0306, -0.8770, -1.3118, -0.2768, -0.5231, -1.3164|160
6|-1.1469, 0.2439, 0.0289, -0.8860, -1.3010, -0.2800, -0.5090, -1.3197|80
7|-1.1399, 0.2394, 0.0163, -0.8827, -1.2994, -0.2814, -0.4989, -1.3149|0
8|-1.1362, 0.2476, 0.0074, -0.8784, -1.2998, -0.2747, -0.4998, -1.3182|120
9|-1.1416, 0.2384, -0.0044, -0.8851, -1.2986, -0.2713, -0.5054, -1.3210|0
10|-1.1392, 0.2395, -0.0224, -0.8830, -1.3001, -0.2758, -0.5101, -1.3278|0
11|-1.1431, 0.2361, -0.0299, -0.8827, -1.3091, -0.2815, -0.5134, -1.3241|200
12|-1.1468, 0.2382, -0.0437, -0.8926, -1.3057, -0.2815, -0.5188, -1.3209|120
13|-1.1466, 0.2300, -0.0538, -0.8865, -1.3029, -0.2842, -0.5274, -1.3183|120
14|-1.1504, 0.2316, -0.0580, -0.8921, -1.3075, -0.2843, -0.5374, -1.3099|0
15|-1.1522, 0.2283, -0.0697, -0.8853, -1.3082, -0.2894, -0.5440, -1.3165|200
16|-1.1524, 0.2329, -0.0756, -0.8927, -1.3147, -0.2874, -0.5408, -1.3061|80
17|-1.1545, 0.2331, -0.0814, -0.8820, -1.3181, -0.2876, -0.5353, -1.3093|80
18|-1.1506, 0.2297, -0.0842, -0.8785, -1.3193, -0.2833, -0.5363, -1.3072|120
19|-1.1446, 0.2357, -0.1021, -0.8824, -1.3202, -0.2834, -0.5393, -1.3091|40
20|-1.1348, 0.2254, -0.1072, -0.8802, -1.3176, -0.2818, -0.5414, -1.3132|120
21|-1.1314, 0.2241, -0.1248, -0.8808, -1.3112, -0.2831, -0.5497, -1.3109|80
22|-1.1242, 0.2284, -0.1397, -0.8809, -1.3250, -0.2914, -0.5593, -1.3142|40
23|-1.1172, 0.2309, -0.1520, -0.8811, -1.3206, -0.2903, -0.5664, -1.3182|120
24|-1.1073, 0.2250, -0.1589, -0.8805, -1.3244, -0.2813, -0.5663, -1.3145|80
25|-1.1058, 0.2142, -0.1658, -0.8847, -1.3247, -0.2841, -0.5756, -1.3232|160
26|-1.1031, 0.2178, -0.1749, -0.8919, -1.3219, -0.2844, -0.5702, -1.3245|120
27|-1.0981, 0.2123, -0.1742, -0.8951, -1.3240, -0.2883, -0.5755, -1.3229|80
28|-1.0948, 0.2138, -0.1887, -0.8957, -1.3160, -0.2910, -0.5734, -1.3184|80
29|-1.0898, 0.2131, -0.2001, -0.8898, -1.3242, -0.2891, -0.5785, -1.3153|0
30|-1.0966, 0.2176, -0.2068, -0.8951, -1.3188, -0.2853, -0.5811, -1.3094|120
31|-1.0932, 0.2248, -0.2096, -0.8866, -1.3265, -0.2911, -0.5774, -1.3080|40
32|-1.0989, 0.2276, -0.2159, -0.8972, -1.3286, -0.2882, -0.5782, -1.3116|200
33|-1.1034, 0.2277, -0.2251, -0.9060, -1.3260, -0.2889, -0.5695, -1.3145|120
34|-1.1009, 0.2133, -0.2297, -0.9019, -1.3199, -0.2848, -0.5677, -1.3182|80
35|-1.1036, 0.2141, -0.2418, -0.9051, -1.3193, -0.2821, -0.5663, -1.3195|120
36|-1.1043, 0.2133, -0.2497, -0.8990, -1.3259, -0.2755, -0.5656, -1.3362|40
37|-1.1044, 0.2046, -0.2606, -0.9010, -1.3264, -0.2766, -0.5624, -1.3332|0
38|-1.1050, 0.1983, -0.2697, -0.9011, -1.3334, -0.2789, -0.5605, -1.3375|380
39|-1.0955, 0.1989, -0.2762, -0.9015, -1.3319, -0.2874, -0.5527, -1.3372|240
40|-1.0947, 0.1987, -0.2804, -0.9025, -1.3309, -0.2854, -0.5507, -1.3412|120
41|-1.0907, 0.2104, -0.2963, -0.9045, -1.3341, -0.2916, -0.5552, -1.3374|40
42|-1.0814, 0.2082, -0.3048, -0.9085, -1.3309, -0.2940, -0.5624, -1.3407|40
43|-1.0825, 0.2100, -0.3064, -0.9060, -1.3308, -0.2908, -0.5701, -1.3326|320
44|-1.0787, 0.2097, -0.3067, -0.8994, -1.3261, -0.3004, -0.5751, -1.3374|160
45|-1.0783, 0.2064, -0.3210, -0.8965, -1.3231, -0.3022, -0.5847, -1.3318|120
46|-1.0750, 0.2031, -0.3246, -0.8979, -1.3192, -0.2931, -0.5801, -1.3333|280
47|-1.0689, 0.2049, -0.3212, -0.8948, -1.3151, -0.2959, -0.5835, -1.3331|0
48|-1.0706, 0.2042, -0.3226, -0.8977, -1.3115, -0.3000, -0.5854, -1.3246|160
49|-1.0759, 0.2040, -0.3348, -0.9015, -1.3044, -0.3015, -0.5879, -1.3200|200
50|-1.0766, 0.2060, -0.3285, -0.8983, -1.3052, -0.2999, -0.5894, -1.3142|240
51|-1.0773, 0.2041, -0.3377, -0.9034, -1.3039, -0.3058, -0.5906, -1.3101|80
52|-1.0774, 0.2042, -0.3392, -0.9022, -1.3087, -0.3056, -0.5896, -1.3089|120
53|-1.0738, 0.2029, -0.3439, -0.9064, -1.3118, -0.3011, -0.5864, -1.3073|80
54|-1.0690, 0.1981, -0.3516, -0.9100, -1.3155, -0.2978, -0.5806, -1.3007|240
55|-1.0617, 0.1907, -0.3629, -0.8994, -1.3158, -0.2954, -0.5835, -1.2971|120
56|-1.0582, 0.1896, -0.3598, -0.8994, -1.3133, -0.3000, -0.5815, -1.2904|80
57|-1.0572, 0.1877, -0.3637, -0.9039, -1.3151, -0.2929, -0.5823, -1.2852|120
58|-1.0522, 0.1951, -0.3803, -0.9035, -1.3163, -0.2893, -0.5848, -1.2793|120
59|-1.0511, 0.1928, -0.3881, -0.9019, -1.3105, -0.2968, -0.5800, -1.2738|120
60|-1.0604, 0.1933, -0.3894, -0.9096, -1.3147, -0.3065, -0.5819, -1.2697|120
61|-1.0557, 0.1896, -0.3970, -0.9066, -1.3048, -0.3042, -0.5753, -1.2770|40
62|-1.0567, 0.1859, -0.4033, -0.9029, -1.3041, -0.2999, -0.5705, -1.2651|160
63|-1.0557, 0.1843, -0.4072, -0.8981, -1.3037, -0.2982, -0.5677, -1.2628|300
64|-1.0487, 0.1806, -0.4191, -0.8961, -1.2936, -0.2944, -0.5656, -1.2565|160
65|-1.0383, 0.1695, -0.4169, -0.8936, -1.3024, -0.2925, -0.5647, -1.2580|80
66|-1.0341, 0.1613, -0.4222, -0.8873, -1.3031, -0.3011, -0.5602, -1.2685|240
67|-1.0320, 0.1584, -0.4338, -0.8805, -1.2995, -0.3083, -0.5558, -1.2648|200
68|-1.0285, 0.1542, -0.4331, -0.8850, -1.2891, -0.3118, -0.5561, -1.2544|80
69|-1.0320, 0.1472, -0.4448, -0.8807, -1.2808, -0.3106, -0.5686, -1.2570|120
70|-1.0269, 0.1465, -0.4457, -0.8834, -1.2793, -0.3082, -0.5670, -1.2592|200
71|-1.0130, 0.1483, -0.4442, -0.8805, -1.2831, -0.3069, -0.5680, -1.2516|80
72|-1.0142, 0.1442, -0.4468, -0.8839, -1.2675, -0.3013, -0.5669, -1.2516|240
73|-1.0069, 0.1375, -0.4582, -0.8835, -1.2738, -0.2961, -0.5759, -1.2550|160
74|-1.0026, 0.1338, -0.4646, -0.8752, -1.2736, -0.3008, -0.5702, -1.2556|240
75|-0.9979, 0.1387, -0.4661, -0.8790, -1.2768, -0.2919, -0.5685, -1.2500|320
76|-0.9938, 0.1257, -0.4701, -0.8899, -1.2753, -0.2884, -0.5671, -1.2561|280
77|-0.9900, 0.1227, -0.4737, -0.8982, -1.2750, -0.2890, -0.5723, -1.2513|80
78|-0.9867, 0.1167, -0.4755, -0.8944, -1.2713, -0.2968, -0.5675, -1.2555|120
79|-0.9831, 0.1112, -0.4711, -0.8890, -1.2680, -0.2979, -0.5648, -1.2507|160
80|-0.9852, 0.1130, -0.4787, -0.8863, -1.2625, -0.3060, -0.5652, -1.2437|200
81|-0.9823, 0.1175, -0.4913, -0.8778, -1.2604, -0.3097, -0.5707, -1.2470|120
82|-0.9856, 0.1131, -0.5061, -0.8768, -1.2535, -0.3134, -0.5742, -1.2536|200
83|-0.9830, 0.1140, -0.5069, -0.8773, -1.2497, -0.3084, -0.5735, -1.2523|240
84|-0.9734, 0.1097, -0.5070, -0.8634, -1.2603, -0.3066, -0.5813, -1.2555|80
85|-0.9622, 0.1047, -0.5156, -0.8683, -1.2674, -0.3042, -0.5812, -1.2554|160
86|-0.9567, 0.0997, -0.5249, -0.8691, -1.2575, -0.3075, -0.5787, -1.2486|400
87|-0.9478, 0.0994, -0.5389, -0.8660, -1.2576, -0.3062, -0.5742, -1.2491|320
88|-0.9437, 0.1053, -0.5420, -0.8575, -1.2570, -0.3031, -0.5754, -1.2435|200
89|-0.9511, 0.0962, -0.5480, -0.8599, -1.2545, -0.3101, -0.5741, -1.2414|280
90|-0.9532, 0.0957, -0.5516, -0.8588, -1.2583, -0.3209, -0.5827, -1.2387|620
91|-0.9501, 0.0969, -0.5575, -0.8625, -1.2526, -0.3253, -0.5797, -1.2401|160
92|-0.9433, 0.0900, -0.5573, -0.8719, -1.2562, -0.3313, -0.5811, -1.2384|40
93|-0.9418, 0.0840, -0.5594, -0.8779, -1.2577, -0.3387, -0.5785, -1.2361|240
94|-0.9412, 0.0790, -0.5610, -0.8746, -1.2520, -0.3473, -0.5828, -1.2330|340
95|-0.9405, 0.0770, -0.5718, -0.8696, -1.2493, -0.3465, -0.5827, -1.2212|160
96|-0.9422, 0.0706, -0.5783, -0.8621, -1.2471, -0.3389, -0.5892, -1.2177|840
97|-0.9428, 0.0715, -0.5743, -0.8593, -1.2486, -0.3343, -0.5938, -1.2104|120
98|-0.9380, 0.0681, -0.5846, -0.8655, -1.2473, -0.3299, -0.5938, -1.2192|240
99|-0.9342, 0.0698, -0.5972, -0.8591, -1.2426, -0.3291, -0.5958, -1.2214|540
