0|1.2123, 0.9275, 0.2056, -0.0569, -0.4906, -0.8650, -1.4607, 1.1218|0
1|1.2106, 0.9715, 0.0722, -0.1748, -0.5492, -0.9231, -1.4930, 1.0201|0
2|1.2832, 0.9254, -0.2183, -0.2562, -0.5811, -0.8451, -1.4394, 0.9945|200
3|1.3297, 0.8883, -0.3940, -0.2459, -0.5729, -0.9071, -1.4825, 0.9890|400
4|1.3965, 0.8715, -0.4638, -0.3609, -0.6388, -0.9479, -1.4680, 0.8557|480
5|1.4641, 0.8237, -0.4765, -0.4269, -0.7429, -0.9990, -1.4616, 0.9987|160
6|1.4658, 0.8146, -0.5243, -0.5065, -0.6742, -1.0009, -1.4505, 0.9743|640
7|1.4004, 0.7320, -0.5852, -0.5300, -0.7684, -1.0458, -1.3666, 1.0082|160
8|1.4137, 0.6492, -0.7053, -0.5032, -0.8025, -1.0409, -1.3711, 1.0319|120
9|1.4848, 0.5697, -0.7774, -0.5416, -0.7416, -1.0274, -1.4367, 1.0163|560
10|1.5452, 0.5840, -0.7490, -0.6177, -0.7532, -1.0419, -1.4617, 0.9709|440
11|1.6039, 0.5997, -0.8046, -0.6947, -0.7502, -0.9881, -1.4966, 0.9571|440
12|1.5759, 0.5909, -0.8488, -0.7386, -0.7590, -1.0057, -1.4943, 0.8646|1180
13|1.5421, 0.5457, -0.8953, -0.8385, -0.6989, -0.9769, -1.4589, 0.9011|160
14|1.6151, 0.5701, -0.9590, -0.7353, -0.6253, -1.0828, -1.4983, 0.9969|740
15|1.6028, 0.4139, -1.0665, -0.6969, -0.5721, -1.0697, -1.5364, 0.9268|280
16|1.6694, 0.4003, -0.9468, -0.6966, -0.5559, -1.0568, -1.5729, 0.9340|280
17|1.6758, 0.2867, -0.9300, -0.6228, -0.5981, -1.0593, -1.6318, 1.0639|160
18|1.6871, 0.2824, -0.7933, -0.6275, -0.6189, -1.1055, -1.6018, 0.9581|260
19|1.7083, 0.1914, -0.8182, -0.6122, -0.5824, -1.0731, -1.5580, 0.9487|240
20|1.7275, 0.2200, -0.8589, -0.6652, -0.6721, -1.1380, -1.5155, 0.8670|280
21|1.6869, 0.2444, -0.8091, -0.6561, -0.7687, -1.1037, -1.5761, 0.8883|1100
22|1.7363, 0.2812, -0.8387, -0.6080, -0.7122, -1.0964, -1.5413, 0.9211|1140
23|1.6946, 0.2708, -0.9229, -0.6681, -0.7328, -1.0121, -1.5844, 0.9296|1000
24|1.6055, 0.2147, -1.0073, -0.6642, -0.7852, -1.0215, -1.4495, 0.8866|460
25|1.6554, 0.1776, -0.9709, -0.6740, -0.7651, -1.0524, -1.4468, 0.9003|120
26|1.6565, 0.0427, -0.9462, -0.7577, -0.8023, -0.9943, -1.4484, 0.8714|640
27|1.6181, -0.0043, -1.0146, -0.7183, -0.7702, -0.9872, -1.5153, 0.8687|600
28|1.5441, -0.1171, -0.8704, -0.6894, -0.7755, -0.9903, -1.4564, 0.9052|620
29|1.6613, -0.0526, -0.9032, -0.7136, -0.9108, -0.9193, -1.3854, 0.8856|680
30|1.5844, -0.1424, -0.8899, -0.8183, -0.8895, -0.8753, -1.3126, 0.9211|400
31|1.7297, -0.1420, -0.9456, -0.8029, -0.9026, -0.8489, -1.2822, 0.8891|520
32|1.7484, -0.1227, -0.9870, -0.8841, -0.8535, -0.8734, -1.2935, 0.8363|280
33|1.8157, -0.1798, -1.0073, -0.8604, -0.8756, -0.7614, -1.2963, 0.8790|120
34|1.8220, -0.2322, -1.0920, -0.8916, -1.0148, -0.7156, -1.2888, 0.8629|340
35|1.8549, -0.2891, -1.0842, -0.9005, -0.9933, -0.6764, -1.2301, 0.9190|1980
36|1.9408, -0.3365, -1.0737, -0.8808, -0.9234, -0.5669, -1.2975, 0.8069|660
37|1.9016, -0.3953, -1.0583, -0.9392, -0.9556, -0.5881, -1.2168, 0.8278|920
38|1.8837, -0.4528, -1.0553, -0.8942, -0.9681, -0.5911, -1.2105, 0.7802|1160
39|1.8998, -0.4763, -1.0502, -0.9801, -1.0504, -0.5570, -1.2393, 0.7364|1000
40|1.8516, -0.5891, -1.0176, -0.9257, -1.0488, -0.5662, -1.2427, 0.6398|1320
41|1.8303, -0.5671, -0.9767, -0.9430, -0.9235, -0.5679, -1.2178, 0.6207|1040
42|1.9448, -0.6417, -0.9493, -0.9133, -0.9340, -0.5386, -1.1379, 0.5885|620
43|1.8444, -0.7293, -1.0203, -0.8786, -0.8391, -0.5464, -1.2187, 0.5644|1160
44|1.8821, -0.7864, -1.0049, -0.7803, -0.7733, -0.5432, -1.1997, 0.5681|1560
45|1.9251, -0.7915, -0.9989, -0.7995, -0.7463, -0.5892, -1.1291, 0.5534|80
46|1.8967, -0.7394, -1.1465, -0.7762, -0.7271, -0.5530, -1.1038, 0.5522|2080
47|1.9318, -0.7795, -1.0833, -0.7888, -0.7287, -0.6210, -1.0976, 0.6094|600
48|2.0436, -0.7456, -1.1064, -0.7712, -0.6138, -0.6184, -1.1306, 0.6516|680
49|2.0640, -0.8620, -1.0258, -0.6804, -0.5615, -0.6866, -1.1702, 0.6735|440
50|2.0774, -0.8774, -1.0800, -0.7537, -0.5176, -0.6544, -1.1461, 0.7075|320
51|2.0232, -0.7317, -0.9329, -0.7834, -0.3602, -0.5866, -1.1676, 0.7079|1200
52|2.0746, -0.7296, -0.9438, -0.7527, -0.4001, -0.6437, -1.1500, 0.6310|1560
53|2.0749, -0.7246, -0.9673, -0.8025, -0.3939, -0.6264, -1.1448, 0.6241|540
54|2.0845, -0.7699, -0.9576, -0.7739, -0.4618, -0.6461, -1.0760, 0.6595|980
55|2.0197, -0.8618, -0.9998, -0.7905, -0.4141, -0.7108, -1.1261, 0.6400|640
56|2.0525, -0.9275, -1.0543, -0.7570, -0.4139, -0.7341, -1.0820, 0.6720|800
57|2.0872, -1.0196, -1.1290, -0.7713, -0.4759, -0.8421, -1.0442, 0.6109|520
58|2.1771, -1.0316, -1.0467, -0.8292, -0.4945, -0.8444, -1.0529, 0.6827|1500
59|2.2308, -1.0792, -0.9587, -0.8658, -0.4764, -0.8331, -1.0466, 0.7355|1580
60|2.1902, -1.1883, -1.0280, -0.8364, -0.4673, -0.7566, -0.9567, 0.7013|960
61|2.2441, -1.2046, -0.9546, -0.7902, -0.4199, -0.7147, -0.8407, 0.6742|3080
62|2.2502, -1.3072, -0.9082, -0.8305, -0.3956, -0.6465, -0.8470, 0.7283|880
63|2.2390, -1.4141, -0.8803, -0.7704, -0.3727, -0.6351, -0.8299, 0.7341|1900
64|2.2355, -1.4659, -0.8439, -0.7488, -0.3212, -0.6427, -0.7412, 0.7689|660
65|2.2451, -1.5162, -0.7672, -0.6863, -0.3354, -0.6152, -0.7978, 0.7070|4480
66|2.1791, -1.5422, -0.7101, -0.6091, -0.3630, -0.5630, -0.8191, 0.7141|8640
67|2.1162, -1.5890, -0.5828, -0.6599, -0.2985, -0.5229, -0.7049, 0.8215|4620
68|2.1858, -1.7277, -0.6027, -0.6168, -0.2095, -0.4563, -0.6429, 0.8361|6100
69|2.1539, -1.7122, -0.6200, -0.5798, -0.2423, -0.4483, -0.5695, 0.8265|360
70|2.1455, -1.7775, -0.5632, -0.6172, -0.1980, -0.3727, -0.5970, 0.8157|9340
71|2.1129, -1.7846, -0.4716, -0.5874, -0.2462, -0.3992, -0.6349, 0.6638|4800
72|2.1255, -1.8864, -0.5221, -0.4760, -0.2871, -0.3839, -0.5149, 0.6686|2060
73|2.1348, -1.9714, -0.4839, -0.4316, -0.2404, -0.3482, -0.5617, 0.5607|6320
74|2.1712, -2.0578, -0.3415, -0.3894, -0.2645, -0.3202, -0.4724, 0.4827|9980
75|2.1151, -2.1617, -0.2403, -0.3240, -0.3100, -0.2412, -0.4378, 0.4171|17220
76|2.0282, -2.1895, -0.2257, -0.4020, -0.2128, -0.2027, -0.3799, 0.3106|5100
77|2.0734, -2.3488, -0.1329, -0.3037, -0.2172, -0.0434, -0.3270, 0.3139|40920
78|2.0118, -2.4489, -0.1569, -0.2849, -0.1591, 0.0027, -0.2093, 0.2203|361860
79|2.0072, -2.4618, -0.1555, -0.2670, -0.0804, 0.0182, -0.1568, 0.2616|249820
80|1.9752, -2.5201, -0.0901, -0.4276, -0.0324, 0.0603, -0.0638, 0.1245|25620
81|1.9910, -2.5240, -0.1543, -0.3303, 0.0195, 0.1949, -0.0160, 0.1535|39040
82|2.0194, -2.6093, -0.1048, -0.3194, -0.0886, 0.0497, -0.0023, 0.1417|157620
83|2.0630, -2.6329, -0.0823, -0.2449, -0.0481, -0.0031, -0.0559, 0.2551|111380
84|2.1263, -2.6377, -0.0849, -0.3363, -0.0763, 0.0113, -0.0721, 0.2310|126720
85|2.1561, -2.7354, -0.0442, -0.3585, -0.0056, -0.0056, -0.0227, 0.1626|70800
86|2.0821, -2.7220, -0.1410, -0.3852, -0.0568, 0.1391, -0.0213, 0.2679|178180
87|2.0396, -2.7416, -0.1502, -0.4454, -0.0566, 0.0599, -0.0873, 0.2191|218840
88|2.0261, -2.7814, -0.2098, -0.3958, 0.0150, 0.0937, -0.0442, 0.2608|44400
89|2.0886, -2.7183, -0.1611, -0.4192, -0.0682, 0.0634, -0.0304, 0.1534|80300
90|2.1045, -2.7712, -0.1415, -0.2739, -0.0674, 0.0833, -0.0796, 0.1791|73340
91|2.1684, -2.8051, -0.0829, -0.2329, -0.1257, 0.0331, -0.0409, 0.1616|404980
92|2.0490, -2.8331, -0.0665, -0.3354, -0.1191, -0.0553, -0.0981, 0.1424|132860
93|1.9615, -2.8348, -0.0858, -0.1967, -0.0598, 0.0883, -0.0844, 0.1126|22240
94|1.9050, -2.8220, -0.1087, -0.3579, -0.1033, -0.0428, -0.0220, 0.1185|40220
95|1.8566, -2.8186, -0.1091, -0.2424, -0.0482, 0.0504, -0.0704, 0.2333|112080
96|1.8302, -2.8683, -0.0384, -0.4026, -0.1623, 0.0311, 0.0122, 0.1153|8740
97|1.7990, -2.9177, -0.1247, -0.3203, -0.0907, 0.0664, -0.0073, 0.1918|68240
98|1.8410, -2.8839, -0.0825, -0.2844, -0.1291, 0.0230, 0.0008, 0.1292|155460
99|1.9454, -2.9584, -0.0849, -0.2455, -0.0759, 0.0628, -0.0971, 0.1538|418080
