0|-1.3309, -0.0775, -1.4541, 1.0430, -1.3394, -1.2551, -0.2819, -1.3611|0
1|-1.3332, -0.0744, -1.4560, 1.0357, -1.3391, -1.2636, -0.2821, -1.3623|0
2|-1.3336, -0.0695, -1.4582, 1.0332, -1.3475, -1.2627, -0.2851, -1.3645|0
3|-1.3365, -0.0668, -1.4526, 1.0225, -1.3520, -1.2656, -0.2835, -1.3723|40
4|-1.3363, -0.0638, -1.4622, 1.0188, -1.3550, -1.2640, -0.2755, -1.3721|80
5|-1.3343, -0.0642, -1.4618, 1.0147, -1.3473, -1.2625, -0.2821, -1.3718|0
6|-1.3396, -0.0689, -1.4583, 1.0082, -1.3458, -1.2677, -0.2858, -1.3684|0
7|-1.3378, -0.0729, -1.4668, 1.0085, -1.3534, -1.2712, -0.2879, -1.3717|40
8|-1.3543, -0.0736, -1.4678, 1.0032, -1.3576, -1.2750, -0.2887, -1.3714|80
9|-1.3465, -0.0721, -1.4658, 0.9873, -1.3633, -1.2748, -0.2922, -1.3752|0
10|-1.3472, -0.0717, -1.4636, 0.9770, -1.3761, -1.2760, -0.2948, -1.3796|0
11|-1.3557, -0.0777, -1.4515, 0.9691, -1.3709, -1.2715, -0.2924, -1.3829|0
12|-1.3561, -0.0822, -1.4420, 0.9628, -1.3731, -1.2692, -0.2933, -1.3915|0
13|-1.3568, -0.0869, -1.4402, 0.9508, -1.3722, -1.2686, -0.2904, -1.3914|0
14|-1.3631, -0.0871, -1.4418, 0.9425, -1.3851, -1.2704, -0.2913, -1.3896|0
15|-1.3645, -0.0981, -1.4474, 0.9411, -1.3995, -1.2744, -0.2943, -1.3855|0
16|-1.3572, -0.1042, -1.4547, 0.9386, -1.4035, -1.2741, -0.3018, -1.3805|0
17|-1.3544, -0.1038, -1.4514, 0.9271, -1.4036, -1.2839, -0.2944, -1.3792|0
18|-1.3594, -0.1041, -1.4493, 0.9178, -1.4041, -1.2880, -0.2908, -1.3899|40
19|-1.3607, -0.1058, -1.4470, 0.9130, -1.4143, -1.2915, -0.2867, -1.3875|0
20|-1.3526, -0.1094, -1.4450, 0.9000, -1.4176, -1.3015, -0.2877, -1.3871|80
21|-1.3502, -0.1064, -1.4479, 0.9007, -1.4267, -1.3079, -0.2817, -1.3921|0
22|-1.3486, -0.1159, -1.4503, 0.8965, -1.4255, -1.3149, -0.2767, -1.3871|40
23|-1.3442, -0.1190, -1.4536, 0.8948, -1.4275, -1.3245, -0.2711, -1.3900|0
24|-1.3534, -0.1158, -1.4519, 0.8799, -1.4332, -1.3252, -0.2696, -1.3909|0
25|-1.3533, -0.1149, -1.4565, 0.8725, -1.4341, -1.3380, -0.2791, -1.3835|0
26|-1.3552, -0.1144, -1.4584, 0.8558, -1.4275, -1.3340, -0.2771, -1.3816|0
27|-1.3584, -0.1192, -1.4576, 0.8421, -1.4339, -1.3426, -0.2848, -1.3886|0
28|-1.3541, -0.1177, -1.4525, 0.8266, -1.4362, -1.3446, -0.2911, -1.3886|40
29|-1.3593, -0.1147, -1.4533, 0.8115, -1.4342, -1.3457, -0.2937, -1.3935|80
30|-1.3532, -0.1170, -1.4612, 0.8090, -1.4384, -1.3567, -0.2940, -1.3890|80
31|-1.3584, -0.1232, -1.4739, 0.7971, -1.4383, -1.3627, -0.2968, -1.3962|40
32|-1.3628, -0.1246, -1.4700, 0.7810, -1.4373, -1.3631, -0.2926, -1.3917|40
33|-1.3635, -0.1211, -1.4675, 0.7643, -1.4365, -1.3607, -0.2992, -1.3856|40
34|-1.3623, -0.1243, -1.4617, 0.7527, -1.4424, -1.3597, -0.3071, -1.3856|0
35|-1.3654, -0.1236, -1.4588, 0.7429, -1.4480, -1.3633, -0.3074, -1.3933|120
36|-1.3593, -0.1178, -1.4606, 0.7406, -1.4433, -1.3724, -0.3101, -1.3866|40
37|-1.3565, -0.1127, -1.4618, 0.7242, -1.4425, -1.3798, -0.3081, -1.3874|80
38|-1.3600, -0.1108, -1.4609, 0.7105, -1.4463, -1.3875, -0.3084, -1.3749|80
39|-1.3552, -0.1115, -1.4643, 0.7042, -1.4427, -1.3957, -0.3043, -1.3713|0
40|-1.3564, -0.1114, -1.4672, 0.6908, -1.4533, -1.4027, -0.2974, -1.3680|80
41|-1.3507, -0.1055, -1.4740, 0.6828, -1.4494, -1.4018, -0.2956, -1.3616|40
42|-1.3418, -0.1121, -1.4747, 0.6629, -1.4539, -1.4004, -0.2894, -1.3615|120
43|-1.3432, -0.1110, -1.4846, 0.6497, -1.4543, -1.4049, -0.2955, -1.3687|0
44|-1.3424, -0.1145, -1.4895, 0.6423, -1.4600, -1.4075, -0.2958, -1.3674|380
45|-1.3486, -0.1169, -1.4918, 0.6297, -1.4630, -1.4104, -0.2941, -1.3587|0
46|-1.3502, -0.1265, -1.4951, 0.6196, -1.4641, -1.4040, -0.2953, -1.3585|0
47|-1.3530, -0.1295, -1.4973, 0.6065, -1.4684, -1.4049, -0.2905, -1.3640|80
48|-1.3543, -0.1338, -1.4966, 0.5956, -1.4777, -1.4007, -0.2833, -1.3636|120
49|-1.3599, -0.1330, -1.4926, 0.5830, -1.4814, -1.4053, -0.2711, -1.3645|40
50|-1.3640, -0.1408, -1.5011, 0.5783, -1.4847, -1.4047, -0.2757, -1.3664|220
51|-1.3667, -0.1478, -1.5072, 0.5702, -1.4813, -1.4077, -0.2776, -1.3678|80
52|-1.3590, -0.1505, -1.5080, 0.5667, -1.4823, -1.4091, -0.2801, -1.3709|280
53|-1.3599, -0.1460, -1.5105, 0.5577, -1.4857, -1.4099, -0.2792, -1.3656|80
54|-1.3545, -0.1450, -1.5075, 0.5513, -1.4868, -1.4201, -0.2755, -1.3604|260
55|-1.3484, -0.1567, -1.5100, 0.5440, -1.4877, -1.4183, -0.2666, -1.3659|80
56|-1.3506, -0.1609, -1.5111, 0.5266, -1.4892, -1.4275, -0.2656, -1.3708|120
57|-1.3518, -0.1674, -1.5147, 0.5176, -1.4915, -1.4405, -0.2588, -1.3715|40
58|-1.3438, -0.1673, -1.5148, 0.5079, -1.4879, -1.4452, -0.2590, -1.3712|80
59|-1.3418, -0.1672, -1.5194, 0.4943, -1.4854, -1.4466, -0.2637, -1.3610|120
60|-1.3410, -0.1664, -1.5274, 0.4870, -1.4799, -1.4572, -0.2678, -1.3653|0
61|-1.3448, -0.1659, -1.5239, 0.4792, -1.4783, -1.4623, -0.2715, -1.3700|40
62|-1.3371, -0.1696, -1.5155, 0.4637, -1.4753, -1.4566, -0.2722, -1.3731|40
63|-1.3429, -0.1711, -1.5167, 0.4539, -1.4747, -1.4632, -0.2737, -1.3731|160
64|-1.3431, -0.1768, -1.5243, 0.4440, -1.4703, -1.4596, -0.2617, -1.3762|40
65|-1.3501, -0.1774, -1.5283, 0.4346, -1.4681, -1.4665, -0.2674, -1.3727|220
66|-1.3540, -0.1771, -1.5425, 0.4249, -1.4672, -1.4617, -0.2589, -1.3699|440
67|-1.3572, -0.1818, -1.5419, 0.4188, -1.4646, -1.4650, -0.2576, -1.3665|260
68|-1.3594, -0.1878, -1.5476, 0.4126, -1.4608, -1.4618, -0.2581, -1.3752|200
69|-1.3639, -0.1885, -1.5484, 0.4050, -1.4678, -1.4668, -0.2508, -1.3778|40
70|-1.3625, -0.1972, -1.5559, 0.3922, -1.4717, -1.4710, -0.2507, -1.3850|160
71|-1.3666, -0.2001, -1.5576, 0.3863, -1.4741, -1.4724, -0.2520, -1.3866|80
72|-1.3594, -0.2013, -1.5700, 0.3843, -1.4704, -1.4760, -0.2545, -1.3797|300
73|-1.3541, -0.1973, -1.5762, 0.3869, -1.4750, -1.4707, -0.2614, -1.3779|100
74|-1.3440, -0.2053, -1.5752, 0.3814, -1.4836, -1.4733, -0.2672, -1.3720|280
75|-1.3354, -0.2145, -1.5729, 0.3795, -1.4814, -1.4777, -0.2547, -1.3732|40
76|-1.3387, -0.2187, -1.5718, 0.3681, -1.4778, -1.4807, -0.2537, -1.3778|160
77|-1.3310, -0.2130, -1.5769, 0.3621, -1.4803, -1.4877, -0.2503, -1.3808|380
78|-1.3325, -0.2174, -1.5821, 0.3592, -1.4829, -1.4898, -0.2514, -1.3750|80
79|-1.3358, -0.2209, -1.5867, 0.3518, -1.4838, -1.4902, -0.2558, -1.3696|340
80|-1.3293, -0.2142, -1.5831, 0.3491, -1.4788, -1.4891, -0.2491, -1.3644|180
81|-1.3190, -0.2259, -1.5812, 0.3400, -1.4794, -1.4865, -0.2410, -1.3672|40
82|-1.3138, -0.2297, -1.5823, 0.3317, -1.4744, -1.4904, -0.2463, -1.3653|40
83|-1.3050, -0.2418, -1.5818, 0.3240, -1.4783, -1.4918, -0.2572, -1.3696|240
84|-1.3017, -0.2469, -1.5870, 0.3163, -1.4730, -1.5047, -0.2590, -1.3721|160
85|-1.2992, -0.2460, -1.6006, 0.3105, -1.4738, -1.5086, -0.2556, -1.3700|280
86|-1.3023, -0.2537, -1.5995, 0.2996, -1.4765, -1.5093, -0.2541, -1.3659|280
87|-1.2968, -0.2540, -1.5997, 0.2923, -1.4768, -1.5073, -0.2602, -1.3617|40
88|-1.3001, -0.2598, -1.5900, 0.2835, -1.4776, -1.5190, -0.2602, -1.3592|300
89|-1.2988, -0.2596, -1.5881, 0.2739, -1.4771, -1.5177, -0.2670, -1.3603|80
90|-1.3060, -0.2739, -1.5934, 0.2680, -1.4807, -1.5134, -0.2728, -1.3574|400
91|-1.2965, -0.2689, -1.5960, 0.2685, -1.4891, -1.5146, -0.2814, -1.3579|40
92|-1.2919, -0.2718, -1.5999, 0.2578, -1.4889, -1.5219, -0.2854, -1.3518|100
93|-1.2841, -0.2818, -1.5943, 0.2645, -1.4830, -1.5233, -0.2862, -1.3435|320
94|-1.2875, -0.2831, -1.5870, 0.2525, -1.4826, -1.5306, -0.2892, -1.3347|340
95|-1.2736, -0.2909, -1.5911, 0.2524, -1.4836, -1.5297, -0.2927, -1.3296|240
96|-1.2749, -0.2901, -1.5934, 0.2506, -1.4789, -1.5356, -0.2893, -1.3293|460
97|-1.2729, -0.2938, -1.5899, 0.2410, -1.4789, -1.5381, -0.2888, -1.3341|680
98|-1.2607, -0.3016, -1.5936, 0.2328, -1.4877, -1.5393, -0.2952, -1.3371|500
99|-1.2542, -0.2932, -1.6020, 0.2268, -1.4832, -1.5468, -0.2973, -1.3268|360
