0|-0.6808, 0.0217, -0.9421, -0.1203, -1.2228, 0.9289, 0.4771, -0.9083|180
1|-0.6508, 0.0370, -0.9927, -0.1377, -1.2492, 0.9339, 0.4593, -0.9314|80
2|-0.6242, 0.0101, -0.9961, -0.1626, -1.2356, 0.9171, 0.4923, -0.9230|180
3|-0.6470, 0.0171, -1.0178, -0.1770, -1.2463, 0.9156, 0.4845, -0.9206|40
4|-0.6198, 0.0430, -1.0090, -0.1985, -1.2587, 0.9376, 0.4852, -0.9167|120
5|-0.6250, 0.0328, -1.0397, -0.2437, -1.2674, 0.9177, 0.5071, -0.8985|40
6|-0.5831, 0.0451, -1.0468, -0.2877, -1.2755, 0.9008, 0.4584, -0.8894|0
7|-0.5832, 0.0712, -1.0218, -0.2936, -1.3156, 0.8899, 0.4688, -0.9106|80
8|-0.5562, 0.0574, -1.0719, -0.3179, -1.3104, 0.8604, 0.4267, -0.8990|80
9|-0.5452, 0.0308, -1.0518, -0.3289, -1.3259, 0.8389, 0.4176, -0.8788|0
10|-0.4971, 0.0085, -1.0554, -0.3852, -1.3076, 0.8200, 0.4201, -0.8729|120
11|-0.5083, 0.0414, -1.0610, -0.4241, -1.2983, 0.7742, 0.4069, -0.9000|0
12|-0.5021, 0.0519, -1.0982, -0.4652, -1.2956, 0.7820, 0.4209, -0.8996|40
13|-0.4623, 0.0610, -1.0983, -0.4805, -1.3429, 0.7872, 0.4221, -0.9123|360
14|-0.4362, 0.0754, -1.0681, -0.5202, -1.3284, 0.7519, 0.4429, -0.9040|40
15|-0.4355, 0.0963, -1.0502, -0.5442, -1.3178, 0.7480, 0.4437, -0.8883|120
16|-0.4082, 0.0805, -1.0410, -0.5585, -1.3056, 0.7371, 0.4147, -0.8788|40
17|-0.4130, 0.0540, -1.0388, -0.5835, -1.2879, 0.7037, 0.4152, -0.8642|0
18|-0.4080, 0.0683, -1.0508, -0.6299, -1.2870, 0.6477, 0.4335, -0.8509|40
19|-0.4051, 0.0412, -1.0640, -0.6692, -1.3022, 0.6463, 0.4219, -0.8508|0
20|-0.4241, 0.0503, -1.0418, -0.6669, -1.2630, 0.5733, 0.4122, -0.8584|300
21|-0.3813, 0.0422, -1.0614, -0.7148, -1.2956, 0.5534, 0.3922, -0.8399|200
22|-0.3526, 0.0442, -1.0890, -0.7100, -1.3213, 0.5343, 0.3972, -0.7989|180
23|-0.3236, 0.0260, -1.0902, -0.7187, -1.2949, 0.4795, 0.3963, -0.8004|160
24|-0.3336, 0.0135, -1.1012, -0.7404, -1.2694, 0.4856, 0.3914, -0.7844|260
25|-0.3223, 0.0059, -1.1015, -0.7588, -1.2358, 0.4742, 0.4090, -0.7907|80
26|-0.2642, -0.0063, -1.1353, -0.7694, -1.2468, 0.4341, 0.3812, -0.7965|120
27|-0.2654, 0.0154, -1.1515, -0.8120, -1.2594, 0.4033, 0.3964, -0.8065|300
28|-0.2547, 0.0059, -1.1678, -0.8417, -1.2269, 0.3950, 0.3855, -0.7879|760
29|-0.2386, -0.0250, -1.1780, -0.8858, -1.2335, 0.3683, 0.3793, -0.7743|560
30|-0.2400, -0.0455, -1.1635, -0.8652, -1.2315, 0.3372, 0.3922, -0.7661|320
31|-0.2220, -0.0239, -1.2053, -0.8658, -1.2416, 0.3070, 0.3931, -0.7944|1520
32|-0.2284, -0.0459, -1.2002, -0.9040, -1.2775, 0.3054, 0.3938, -0.7921|880
33|-0.2162, -0.0235, -1.2085, -0.9140, -1.2809, 0.2979, 0.4073, -0.7888|560
34|-0.2398, -0.0474, -1.1907, -0.9061, -1.2821, 0.2887, 0.4012, -0.7714|200
35|-0.2218, -0.0616, -1.1742, -0.8979, -1.2624, 0.2790, 0.4068, -0.7227|360
36|-0.2352, -0.0897, -1.1918, -0.9165, -1.2690, 0.2684, 0.4208, -0.7238|620
37|-0.1928, -0.1068, -1.2123, -0.9351, -1.2796, 0.2821, 0.4335, -0.6933|1140
38|-0.1797, -0.0858, -1.1722, -0.9721, -1.2718, 0.2971, 0.4548, -0.6788|740
39|-0.1616, -0.0781, -1.2006, -0.9884, -1.2711, 0.3098, 0.4750, -0.6792|240
40|-0.1533, -0.0920, -1.2328, -0.9627, -1.2741, 0.2929, 0.4695, -0.6482|480
41|-0.1290, -0.1349, -1.2242, -0.9733, -1.2504, 0.2832, 0.4579, -0.6173|40
42|-0.0873, -0.1481, -1.2056, -0.9846, -1.2708, 0.2793, 0.4802, -0.5955|240
43|-0.0856, -0.1495, -1.1678, -0.9949, -1.2423, 0.2764, 0.4906, -0.6086|440
44|-0.0827, -0.1607, -1.1865, -1.0166, -1.2569, 0.2975, 0.4797, -0.5950|280
45|-0.0776, -0.1555, -1.1430, -1.0215, -1.2799, 0.2660, 0.4842, -0.5679|440
46|-0.0472, -0.1779, -1.1612, -1.0056, -1.2640, 0.2387, 0.4975, -0.5739|300
47|-0.0275, -0.1762, -1.1969, -1.0633, -1.2456, 0.2242, 0.4869, -0.5729|0
48|-0.0271, -0.1794, -1.1920, -1.0576, -1.2370, 0.2222, 0.5028, -0.5488|700
49|-0.0159, -0.1964, -1.1875, -1.0523, -1.2290, 0.2006, 0.4889, -0.5376|820
50|0.0066, -0.1779, -1.1935, -1.0458, -1.2399, 0.1466, 0.5153, -0.5156|160
51|0.0146, -0.1972, -1.2074, -1.0672, -1.2390, 0.1455, 0.5137, -0.4975|360
52|0.0747, -0.2237, -1.2155, -1.0819, -1.2479, 0.1264, 0.5409, -0.4936|440
53|0.0708, -0.2658, -1.1803, -1.0713, -1.2741, 0.0856, 0.5381, -0.4793|2020
54|0.1144, -0.2879, -1.1933, -1.0697, -1.2675, 0.0763, 0.5366, -0.4858|380
55|0.1610, -0.2894, -1.2049, -1.0791, -1.2310, 0.0789, 0.5346, -0.4813|740
56|0.2020, -0.3054, -1.1907, -1.0771, -1.2066, 0.1032, 0.5361, -0.5150|340
57|0.2208, -0.3286, -1.2256, -1.0743, -1.2093, 0.1226, 0.5244, -0.4960|640
58|0.2365, -0.3274, -1.2120, -1.1068, -1.2155, 0.1314, 0.4936, -0.4877|200
59|0.2641, -0.2886, -1.2133, -1.1171, -1.2244, 0.1307, 0.4847, -0.4757|320
60|0.2454, -0.2665, -1.2333, -1.1366, -1.2381, 0.1316, 0.4810, -0.4805|860
61|0.2285, -0.2634, -1.2412, -1.1269, -1.2359, 0.1451, 0.4603, -0.4517|580
62|0.2397, -0.2519, -1.2107, -1.1620, -1.2376, 0.1388, 0.4738, -0.4513|80
63|0.2632, -0.2588, -1.1803, -1.1898, -1.2109, 0.0994, 0.4962, -0.4386|0
64|0.2885, -0.2411, -1.1921, -1.1732, -1.2208, 0.0954, 0.4906, -0.4619|240
65|0.3040, -0.2713, -1.1992, -1.1492, -1.2473, 0.0678, 0.4621, -0.4413|400
66|0.3102, -0.3107, -1.2380, -1.1618, -1.2601, 0.0231, 0.4537, -0.4479|2800
67|0.3299, -0.3217, -1.2473, -1.1777, -1.2480, 0.0389, 0.4069, -0.4322|1480
68|0.3804, -0.3344, -1.2567, -1.1889, -1.2522, 0.0532, 0.3821, -0.4004|520
69|0.3410, -0.3377, -1.2547, -1.1764, -1.1959, 0.0411, 0.4037, -0.4118|340
70|0.3587, -0.3727, -1.2706, -1.1813, -1.1757, 0.0401, 0.3685, -0.3809|780
71|0.3473, -0.4175, -1.2344, -1.1885, -1.1820, 0.0864, 0.3374, -0.3557|580
72|0.3696, -0.4508, -1.2445, -1.1961, -1.1450, 0.0566, 0.3378, -0.3353|900
73|0.3631, -0.4512, -1.2213, -1.1916, -1.1624, 0.0491, 0.3501, -0.3735|500
74|0.3756, -0.4734, -1.2463, -1.1833, -1.1756, 0.0392, 0.3521, -0.3809|2120
75|0.4071, -0.4559, -1.2594, -1.1780, -1.1923, 0.0213, 0.3480, -0.3772|280
76|0.4283, -0.4589, -1.2181, -1.1563, -1.1255, -0.0111, 0.3458, -0.3968|2160
77|0.4400, -0.4561, -1.2147, -1.1747, -1.1036, -0.0141, 0.3605, -0.4270|420
78|0.4517, -0.4445, -1.2262, -1.1697, -1.0887, 0.0040, 0.3199, -0.4171|600
79|0.4840, -0.4704, -1.2290, -1.1677, -1.0955, -0.0145, 0.3274, -0.4058|300
80|0.4839, -0.5258, -1.2265, -1.1644, -1.0864, -0.0171, 0.3378, -0.4315|260
81|0.4956, -0.5543, -1.2575, -1.1579, -1.0325, -0.0119, 0.3502, -0.4520|380
82|0.5033, -0.5580, -1.2276, -1.1566, -1.0320, -0.0387, 0.3250, -0.4511|380
83|0.5153, -0.5540, -1.2200, -1.1709, -1.0037, -0.0497, 0.2986, -0.4277|900
84|0.5386, -0.5745, -1.2201, -1.1695, -1.0041, -0.0844, 0.2829, -0.4844|500
85|0.5770, -0.5524, -1.2274, -1.1458, -1.0297, -0.1230, 0.2935, -0.4665|840
86|0.6050, -0.5498, -1.1988, -1.1640, -1.0418, -0.1480, 0.3138, -0.4436|1100
87|0.6153, -0.5748, -1.1747, -1.1554, -1.0254, -0.1761, 0.3212, -0.4422|380
88|0.6428, -0.5933, -1.1684, -1.1810, -1.0217, -0.2038, 0.3190, -0.4574|200
89|0.6356, -0.5995, -1.1530, -1.1651, -0.9815, -0.2413, 0.3187, -0.4402|1220
90|0.6813, -0.5936, -1.1764, -1.1385, -0.9877, -0.2300, 0.3414, -0.4541|740
91|0.7015, -0.6177, -1.1560, -1.1017, -0.9449, -0.2362, 0.3163, -0.4438|740
92|0.7069, -0.6387, -1.1525, -1.1047, -0.9322, -0.2274, 0.3188, -0.4225|1100
93|0.7114, -0.6493, -1.1729, -1.1117, -0.9842, -0.2472, 0.3399, -0.4291|1260
94|0.7232, -0.7029, -1.1552, -1.1107, -1.0194, -0.2386, 0.3241, -0.4614|800
95|0.7697, -0.7079, -1.1556, -1.1057, -1.0168, -0.2384, 0.3259, -0.4373|1040
96|0.7789, -0.7412, -1.1456, -1.0805, -1.0279, -0.2438, 0.3478, -0.4527|380
97|0.8056, -0.7588, -1.1516, -1.0654, -1.0241, -0.2302, 0.3563, -0.4500|380
98|0.8155, -0.7704, -1.1545, -1.0685, -1.0157, -0.2067, 0.3680, -0.4283|840
99|0.8294, -0.7462, -1.1652, -1.0354, -1.0183, -0.2051, 0.3739, -0.4000|380
