0|0.1799, 1.0452, -0.8424, -0.8585, 1.4180, 0.4195, 0.5024, 0.9697|0
1|0.1608, 1.0482, -0.8498, -0.8626, 1.4075, 0.4233, 0.5067, 0.9634|0
2|0.1593, 1.0544, -0.8598, -0.8607, 1.4042, 0.4252, 0.5149, 0.9670|0
3|0.1573, 1.0579, -0.8671, -0.8642, 1.3976, 0.4231, 0.5120, 0.9806|0
4|0.1529, 1.0610, -0.8697, -0.8737, 1.3815, 0.4368, 0.5043, 0.9803|0
5|0.1573, 1.0602, -0.8851, -0.8764, 1.3754, 0.4315, 0.5090, 0.9628|0
6|0.1662, 1.0617, -0.8810, -0.8872, 1.3653, 0.4202, 0.5067, 0.9620|0
7|0.1664, 1.0666, -0.8927, -0.8938, 1.3592, 0.4119, 0.5099, 0.9458|0
8|0.1612, 1.0723, -0.8905, -0.9094, 1.3554, 0.4132, 0.5024, 0.9654|0
9|0.1609, 1.0687, -0.8890, -0.9233, 1.3510, 0.4055, 0.5045, 0.9841|0
10|0.1504, 1.0751, -0.8916, -0.9225, 1.3478, 0.3943, 0.5098, 0.9792|0
11|0.1418, 1.0631, -0.8963, -0.9384, 1.3436, 0.3892, 0.5005, 0.9807|0
12|0.1422, 1.0671, -0.8980, -0.9523, 1.3383, 0.3809, 0.5024, 0.9820|0
13|0.1435, 1.0688, -0.8916, -0.9521, 1.3313, 0.3763, 0.4933, 0.9882|0
14|0.1480, 1.0629, -0.8971, -0.9613, 1.3315, 0.3642, 0.4908, 0.9849|0
15|0.1432, 1.0493, -0.9016, -0.9810, 1.3330, 0.3752, 0.4786, 0.9737|40
16|0.1480, 1.0510, -0.8972, -1.0018, 1.3249, 0.3660, 0.4769, 0.9773|40
17|0.1485, 1.0469, -0.8962, -1.0089, 1.3315, 0.3642, 0.4794, 0.9844|0
18|0.1558, 1.0420, -0.9000, -1.0316, 1.3149, 0.3604, 0.4838, 0.9796|0
19|0.1505, 1.0356, -0.9037, -1.0463, 1.3051, 0.3532, 0.4841, 0.9705|0
20|0.1485, 1.0379, -0.9049, -1.0685, 1.2951, 0.3466, 0.4945, 0.9636|140
21|0.1507, 1.0387, -0.8871, -1.0897, 1.2807, 0.3447, 0.4901, 0.9594|100
22|0.1521, 1.0498, -0.8866, -1.1039, 1.2759, 0.3416, 0.4907, 0.9590|0
23|0.1486, 1.0534, -0.8918, -1.1147, 1.2625, 0.3426, 0.4899, 0.9594|0
24|0.1593, 1.0532, -0.8964, -1.1207, 1.2525, 0.3363, 0.5016, 0.9516|80
25|0.1697, 1.0484, -0.9069, -1.1353, 1.2512, 0.3246, 0.4917, 0.9611|140
26|0.1757, 1.0348, -0.8959, -1.1527, 1.2415, 0.3164, 0.4868, 0.9540|160
27|0.1779, 1.0445, -0.8911, -1.1740, 1.2454, 0.3055, 0.4916, 0.9619|40
28|0.1695, 1.0361, -0.8886, -1.1938, 1.2436, 0.3063, 0.4981, 0.9661|0
29|0.1787, 1.0417, -0.8760, -1.2013, 1.2311, 0.2900, 0.4962, 0.9745|0
30|0.1813, 1.0280, -0.8731, -1.2061, 1.2287, 0.2765, 0.4915, 0.9611|120
31|0.1729, 1.0342, -0.8796, -1.2082, 1.2229, 0.2529, 0.5001, 0.9581|440
32|0.1798, 1.0476, -0.8802, -1.2156, 1.2232, 0.2473, 0.4995, 0.9546|580
33|0.1940, 1.0435, -0.8772, -1.2258, 1.2095, 0.2337, 0.5070, 0.9559|0
34|0.1945, 1.0394, -0.8694, -1.2412, 1.2012, 0.2271, 0.5039, 0.9686|140
35|0.1883, 1.0367, -0.8740, -1.2496, 1.1959, 0.2245, 0.4933, 0.9668|0
36|0.1754, 1.0385, -0.8795, -1.2568, 1.1911, 0.2241, 0.4819, 0.9675|240
37|0.1857, 1.0347, -0.8763, -1.2538, 1.1882, 0.2140, 0.5038, 0.9613|300
38|0.1934, 1.0319, -0.8877, -1.2679, 1.1857, 0.2114, 0.5153, 0.9598|0
39|0.2075, 1.0377, -0.8804, -1.2761, 1.1753, 0.2027, 0.5287, 0.9615|80
40|0.2027, 1.0294, -0.8796, -1.2881, 1.1730, 0.2012, 0.5305, 0.9571|80
41|0.1972, 1.0340, -0.8836, -1.2963, 1.1634, 0.1890, 0.5222, 0.9564|120
42|0.1947, 1.0207, -0.8713, -1.3025, 1.1618, 0.1876, 0.5231, 0.9432|200
43|0.1829, 1.0158, -0.8657, -1.3083, 1.1617, 0.1879, 0.5167, 0.9457|0
44|0.1870, 1.0085, -0.8672, -1.3160, 1.1561, 0.1745, 0.5036, 0.9456|180
45|0.1834, 1.0095, -0.8663, -1.3259, 1.1461, 0.1795, 0.5044, 0.9407|1060
46|0.1757, 1.0094, -0.8700, -1.3294, 1.1405, 0.1820, 0.5077, 0.9332|100
47|0.1803, 1.0140, -0.8643, -1.3414, 1.1342, 0.1794, 0.5135, 0.9229|0
48|0.1892, 1.0221, -0.8773, -1.3524, 1.1370, 0.1757, 0.5191, 0.9203|160
49|0.1978, 1.0206, -0.8871, -1.3592, 1.1204, 0.1728, 0.5138, 0.9144|40
50|0.2025, 1.0168, -0.8887, -1.3886, 1.1200, 0.1610, 0.5101, 0.9095|120
51|0.2206, 1.0091, -0.8897, -1.3936, 1.1166, 0.1650, 0.5019, 0.9091|120
52|0.2284, 1.0138, -0.8996, -1.3901, 1.1114, 0.1580, 0.5020, 0.9071|40
53|0.2285, 1.0210, -0.8993, -1.3933, 1.1087, 0.1488, 0.5004, 0.9037|100
54|0.2336, 1.0268, -0.8925, -1.3992, 1.0930, 0.1446, 0.5003, 0.9011|320
55|0.2330, 1.0240, -0.8966, -1.4087, 1.0879, 0.1397, 0.5045, 0.8920|120
56|0.2181, 1.0342, -0.8977, -1.4050, 1.0869, 0.1493, 0.5090, 0.9003|660
57|0.2145, 1.0358, -0.8869, -1.4017, 1.0771, 0.1460, 0.4977, 0.8976|220
58|0.2122, 1.0365, -0.8884, -1.4134, 1.0687, 0.1512, 0.5063, 0.9060|40
59|0.2227, 1.0377, -0.8934, -1.4202, 1.0633, 0.1574, 0.5077, 0.9025|720
60|0.2322, 1.0364, -0.9052, -1.4315, 1.0594, 0.1458, 0.5066, 0.9035|260
61|0.2380, 1.0216, -0.8980, -1.4317, 1.0546, 0.1333, 0.5144, 0.9015|180
62|0.2535, 1.0255, -0.9048, -1.4294, 1.0452, 0.1266, 0.5332, 0.9028|760
63|0.2541, 1.0336, -0.9017, -1.4327, 1.0357, 0.1291, 0.5302, 0.8984|240
64|0.2556, 1.0416, -0.9044, -1.4417, 1.0404, 0.1248, 0.5353, 0.9001|80
65|0.2549, 1.0463, -0.9087, -1.4577, 1.0301, 0.1133, 0.5232, 0.9052|300
66|0.2618, 1.0529, -0.9165, -1.4658, 1.0384, 0.1122, 0.5473, 0.9074|1000
67|0.2673, 1.0534, -0.9208, -1.4713, 1.0272, 0.1042, 0.5511, 0.8974|560
68|0.2778, 1.0696, -0.9232, -1.4735, 1.0241, 0.0961, 0.5529, 0.8929|300
69|0.2868, 1.0617, -0.9256, -1.4752, 1.0191, 0.0888, 0.5575, 0.8928|120
70|0.2867, 1.0546, -0.9263, -1.4844, 1.0212, 0.0891, 0.5444, 0.8980|300
71|0.2806, 1.0549, -0.9237, -1.5008, 1.0214, 0.0897, 0.5520, 0.8911|300
72|0.2910, 1.0584, -0.9120, -1.5085, 1.0065, 0.0903, 0.5527, 0.8888|40
73|0.2815, 1.0409, -0.9104, -1.5167, 1.0013, 0.0885, 0.5425, 0.8925|220
74|0.2767, 1.0481, -0.9087, -1.5188, 1.0023, 0.0781, 0.5554, 0.8812|240
75|0.2680, 1.0542, -0.9057, -1.5208, 1.0009, 0.0586, 0.5454, 0.8804|80
76|0.2732, 1.0430, -0.9145, -1.5185, 1.0011, 0.0568, 0.5438, 0.8725|220
77|0.2757, 1.0326, -0.9154, -1.5235, 1.0071, 0.0616, 0.5509, 0.8777|120
78|0.2890, 1.0252, -0.9251, -1.5291, 0.9988, 0.0534, 0.5578, 0.8787|180
79|0.3066, 1.0207, -0.9277, -1.5113, 0.9951, 0.0487, 0.5505, 0.8791|140
80|0.3132, 1.0291, -0.9255, -1.5154, 0.9872, 0.0394, 0.5417, 0.8724|360
81|0.3238, 1.0228, -0.9265, -1.5079, 0.9822, 0.0398, 0.5367, 0.8704|140
82|0.3296, 1.0346, -0.9277, -1.5072, 0.9694, 0.0344, 0.5217, 0.8745|100
83|0.3266, 1.0356, -0.9268, -1.5116, 0.9675, 0.0210, 0.5244, 0.8698|120
84|0.3360, 1.0367, -0.9260, -1.5083, 0.9613, 0.0228, 0.5163, 0.8752|200
85|0.3468, 1.0320, -0.9256, -1.5106, 0.9545, 0.0261, 0.5014, 0.8672|80
86|0.3499, 1.0189, -0.9317, -1.5010, 0.9585, 0.0177, 0.5111, 0.8660|120
87|0.3505, 1.0247, -0.9462, -1.5011, 0.9479, 0.0167, 0.5023, 0.8686|260
88|0.3504, 1.0124, -0.9500, -1.4887, 0.9417, 0.0114, 0.5052, 0.8648|480
89|0.3510, 1.0219, -0.9524, -1.4947, 0.9436, 0.0158, 0.5021, 0.8712|1000
90|0.3588, 1.0204, -0.9560, -1.4835, 0.9506, 0.0115, 0.4927, 0.8578|220
91|0.3538, 1.0268, -0.9598, -1.4797, 0.9434, 0.0036, 0.4815, 0.8631|380
92|0.3616, 1.0189, -0.9648, -1.4886, 0.9418, -0.0036, 0.4988, 0.8590|420
93|0.3533, 1.0159, -0.9667, -1.4931, 0.9460, 0.0054, 0.4972, 0.8586|440
94|0.3524, 1.0121, -0.9650, -1.4871, 0.9393, 0.0034, 0.5043, 0.8569|280
95|0.3609, 1.0000, -0.9689, -1.4952, 0.9392, 0.0014, 0.4912, 0.8548|240
96|0.3718, 1.0049, -0.9613, -1.4952, 0.9311, 0.0044, 0.4860, 0.8518|1060
97|0.3653, 1.0085, -0.9695, -1.4890, 0.9275, -0.0010, 0.4830, 0.8565|200
98|0.3491, 0.9948, -0.9698, -1.4903, 0.9236, 0.0103, 0.4806, 0.8520|260
99|0.3548, 0.9974, -0.9619, -1.4926, 0.9215, 0.0200, 0.4819, 0.8573|100
