0|0.1200, -1.2649, -1.1949, 0.7665, -0.5492, 0.9671, -0.7144, 0.7767|0
1|0.1287, -1.2407, -1.2025, 0.7373, -0.5465, 0.9807, -0.7208, 0.7834|0
2|0.1092, -1.2366, -1.2025, 0.7277, -0.5720, 0.9613, -0.7333, 0.7768|0
3|0.1009, -1.2346, -1.1921, 0.7268, -0.5679, 0.9588, -0.7455, 0.7870|0
4|0.1213, -1.2399, -1.2229, 0.7391, -0.5808, 0.9528, -0.7414, 0.8104|0
5|0.1141, -1.2569, -1.2230, 0.7215, -0.5880, 0.9766, -0.7606, 0.8181|0
6|0.1240, -1.2635, -1.2171, 0.6951, -0.5818, 0.9784, -0.7620, 0.8354|0
7|0.1261, -1.2563, -1.1938, 0.7096, -0.6204, 0.9876, -0.7689, 0.8183|0
8|0.1379, -1.2769, -1.1858, 0.6851, -0.6241, 0.9976, -0.7614, 0.8241|0
9|0.1249, -1.2731, -1.1643, 0.6670, -0.6281, 0.9893, -0.7621, 0.8077|0
10|0.1407, -1.2682, -1.1611, 0.6890, -0.6365, 0.9964, -0.7702, 0.8143|40
11|0.0961, -1.2735, -1.1502, 0.6753, -0.6687, 1.0102, -0.7668, 0.8290|120
12|0.0905, -1.2653, -1.1504, 0.6446, -0.6689, 0.9800, -0.7889, 0.8397|0
13|0.0929, -1.2767, -1.1649, 0.6489, -0.6726, 0.9747, -0.8005, 0.8535|0
14|0.0616, -1.2660, -1.1794, 0.6573, -0.6650, 0.9825, -0.8015, 0.8449|0
15|0.0508, -1.2788, -1.2021, 0.6637, -0.6735, 0.9748, -0.8185, 0.8251|0
16|0.0707, -1.2951, -1.2202, 0.6242, -0.6694, 0.9551, -0.8227, 0.8050|0
17|0.0984, -1.2792, -1.2378, 0.6155, -0.6986, 0.9881, -0.8027, 0.8085|0
18|0.1075, -1.2995, -1.2672, 0.5895, -0.6991, 0.9842, -0.8036, 0.7742|40
19|0.0880, -1.3254, -1.2854, 0.5825, -0.6990, 0.9528, -0.8001, 0.7806|100
20|0.0983, -1.3395, -1.2680, 0.5927, -0.7089, 0.9550, -0.7980, 0.7665|0
21|0.0661, -1.3429, -1.2707, 0.5757, -0.7048, 0.9300, -0.7856, 0.7669|0
22|0.0483, -1.3664, -1.2878, 0.5673, -0.7220, 0.9267, -0.7828, 0.7951|0
23|0.0586, -1.3681, -1.3123, 0.5562, -0.7249, 0.9225, -0.7900, 0.7788|0
24|0.0553, -1.3675, -1.2832, 0.5443, -0.7229, 0.9160, -0.7978, 0.7770|40
25|0.0626, -1.3467, -1.3020, 0.5375, -0.6934, 0.9192, -0.7928, 0.7663|0
26|0.0585, -1.3473, -1.3177, 0.5227, -0.7104, 0.9144, -0.7955, 0.7562|0
27|0.0367, -1.3612, -1.3171, 0.5171, -0.7245, 0.9320, -0.8157, 0.7608|0
28|0.0303, -1.3517, -1.2932, 0.4987, -0.7249, 0.9260, -0.8087, 0.7551|0
29|0.0419, -1.3491, -1.2912, 0.4715, -0.7311, 0.9110, -0.8008, 0.7510|0
30|0.0447, -1.3692, -1.3180, 0.4439, -0.7452, 0.8966, -0.8193, 0.7501|0
31|0.0283, -1.3538, -1.3204, 0.4286, -0.7626, 0.8818, -0.8269, 0.7534|0
32|0.0355, -1.3437, -1.3178, 0.4317, -0.7664, 0.9038, -0.8333, 0.7488|0
33|0.0382, -1.3547, -1.3008, 0.4081, -0.7761, 0.8995, -0.8295, 0.7547|0
34|0.0328, -1.3616, -1.3144, 0.4293, -0.7894, 0.8916, -0.8414, 0.7317|40
35|0.0400, -1.3661, -1.2873, 0.3991, -0.7895, 0.8676, -0.8288, 0.7118|100
36|0.0453, -1.3678, -1.3152, 0.3711, -0.7981, 0.8781, -0.8243, 0.7343|140
37|0.0598, -1.3645, -1.3400, 0.3575, -0.8108, 0.8907, -0.8323, 0.7345|40
38|0.0383, -1.3850, -1.3349, 0.3389, -0.8184, 0.8973, -0.8365, 0.7240|140
39|0.0520, -1.4063, -1.3358, 0.3413, -0.8284, 0.9051, -0.8040, 0.7285|0
40|0.0460, -1.4123, -1.3536, 0.3247, -0.8160, 0.9210, -0.8035, 0.7426|0
41|0.0605, -1.4035, -1.3225, 0.3037, -0.8145, 0.9030, -0.8237, 0.7345|100
42|0.0534, -1.4052, -1.3352, 0.2923, -0.8271, 0.8949, -0.8317, 0.7389|0
43|0.0590, -1.4035, -1.3362, 0.2843, -0.8222, 0.8734, -0.8363, 0.7418|40
44|0.0379, -1.3985, -1.3607, 0.2774, -0.8285, 0.8781, -0.8255, 0.7345|0
45|0.0641, -1.3905, -1.3539, 0.2475, -0.8383, 0.8759, -0.7923, 0.7286|80
46|0.0522, -1.3911, -1.3430, 0.2341, -0.8400, 0.8881, -0.8039, 0.7146|40
47|0.0848, -1.3969, -1.3459, 0.2133, -0.8397, 0.8797, -0.8093, 0.7130|0
48|0.0726, -1.4049, -1.3466, 0.2020, -0.8496, 0.8813, -0.8245, 0.7000|0
49|0.0789, -1.3932, -1.3093, 0.1857, -0.8645, 0.8850, -0.8258, 0.7064|0
50|0.0812, -1.3802, -1.3207, 0.1747, -0.8646, 0.8587, -0.8041, 0.7089|40
51|0.0719, -1.3835, -1.3168, 0.1592, -0.8756, 0.8580, -0.7869, 0.6937|140
52|0.0770, -1.4002, -1.3312, 0.1637, -0.9009, 0.8376, -0.7860, 0.6931|40
53|0.0955, -1.3884, -1.3130, 0.1294, -0.8849, 0.8430, -0.7739, 0.7155|0
54|0.1000, -1.3698, -1.3113, 0.0773, -0.9262, 0.8529, -0.7722, 0.7223|180
55|0.1108, -1.3756, -1.3290, 0.0661, -0.9369, 0.8447, -0.7755, 0.7220|0
56|0.1157, -1.3854, -1.3234, 0.0526, -0.9357, 0.8344, -0.7675, 0.7150|0
57|0.1111, -1.3906, -1.3104, 0.0194, -0.9473, 0.7972, -0.7528, 0.7271|720
58|0.1066, -1.3928, -1.3075, -0.0056, -0.9441, 0.7888, -0.7662, 0.7479|260
59|0.1201, -1.3863, -1.3158, -0.0263, -0.9274, 0.7878, -0.7666, 0.7310|0
60|0.1229, -1.4034, -1.3312, -0.0406, -0.9198, 0.7604, -0.7685, 0.7239|0
61|0.1196, -1.4308, -1.3588, -0.0451, -0.9296, 0.7442, -0.7982, 0.7195|140
62|0.1100, -1.4197, -1.3565, -0.0773, -0.9534, 0.7313, -0.8024, 0.7198|40
63|0.0988, -1.4277, -1.3647, -0.1002, -0.9403, 0.7231, -0.8017, 0.6987|40
64|0.0962, -1.4367, -1.3726, -0.1358, -0.9281, 0.7314, -0.8200, 0.7124|40
65|0.0839, -1.4388, -1.3914, -0.1492, -0.9316, 0.7114, -0.8454, 0.7328|0
66|0.0688, -1.4190, -1.4048, -0.1627, -0.9386, 0.6938, -0.8425, 0.7307|320
67|0.0605, -1.4464, -1.4284, -0.1805, -0.9467, 0.7020, -0.8301, 0.6969|280
68|0.0600, -1.4510, -1.4242, -0.2118, -0.9559, 0.7015, -0.8304, 0.6989|0
69|0.0594, -1.4681, -1.4316, -0.2496, -0.9495, 0.6802, -0.8422, 0.6982|200
70|0.0675, -1.4610, -1.4125, -0.2999, -0.9479, 0.6712, -0.8646, 0.7090|0
71|0.0571, -1.4315, -1.4176, -0.2944, -0.9540, 0.6881, -0.8539, 0.6943|920
72|0.0743, -1.4453, -1.4416, -0.3284, -0.9458, 0.6633, -0.8391, 0.6818|160
73|0.0816, -1.4510, -1.4314, -0.3347, -0.9309, 0.6523, -0.8295, 0.6885|120
74|0.0812, -1.4712, -1.4358, -0.3605, -0.9436, 0.6164, -0.8363, 0.6658|140
75|0.0913, -1.4590, -1.4352, -0.4007, -0.9203, 0.6042, -0.8389, 0.6649|40
76|0.0952, -1.4707, -1.4265, -0.4201, -0.9111, 0.5804, -0.8321, 0.6649|340
77|0.0927, -1.4715, -1.4446, -0.4286, -0.9047, 0.5877, -0.8261, 0.6406|1460
78|0.1055, -1.4804, -1.4324, -0.4205, -0.8982, 0.5904, -0.8380, 0.6395|240
79|0.1310, -1.4987, -1.4223, -0.4424, -0.8915, 0.5803, -0.8485, 0.6309|620
80|0.1432, -1.5121, -1.4266, -0.4646, -0.8827, 0.5928, -0.8547, 0.6156|1500
81|0.1401, -1.5068, -1.4346, -0.4891, -0.8667, 0.5800, -0.8426, 0.6190|2620
82|0.1499, -1.4837, -1.4671, -0.5157, -0.8410, 0.5653, -0.8174, 0.5957|420
83|0.1529, -1.4884, -1.4495, -0.5239, -0.8580, 0.5725, -0.7957, 0.6019|440
84|0.1517, -1.4840, -1.4351, -0.5349, -0.8757, 0.5554, -0.7964, 0.5952|0
85|0.1594, -1.4881, -1.4312, -0.5531, -0.8728, 0.5390, -0.8183, 0.5833|1380
86|0.1618, -1.5080, -1.4337, -0.5514, -0.8501, 0.5480, -0.8248, 0.5791|140
87|0.1459, -1.5156, -1.4114, -0.5621, -0.8386, 0.5403, -0.8210, 0.5707|940
88|0.1318, -1.5250, -1.4258, -0.5762, -0.8533, 0.5298, -0.8398, 0.5488|1460
89|0.1435, -1.5208, -1.4381, -0.5855, -0.8808, 0.4961, -0.8450, 0.5483|80
90|0.1382, -1.5079, -1.4325, -0.6174, -0.9021, 0.4753, -0.8224, 0.5679|120
91|0.1510, -1.4968, -1.4489, -0.6084, -0.9012, 0.4463, -0.8020, 0.5538|2000
92|0.1664, -1.4819, -1.4387, -0.5981, -0.9133, 0.4245, -0.7820, 0.5396|760
93|0.1710, -1.4884, -1.4323, -0.6019, -0.9351, 0.4140, -0.7721, 0.5301|200
94|0.1777, -1.5082, -1.4213, -0.6197, -0.9504, 0.3786, -0.7386, 0.5242|920
95|0.1819, -1.5132, -1.4130, -0.6196, -0.9247, 0.3750, -0.7261, 0.5339|640
96|0.1797, -1.5171, -1.4184, -0.6243, -0.8985, 0.3915, -0.7342, 0.5236|1340
97|0.2069, -1.5358, -1.4239, -0.6277, -0.8792, 0.3820, -0.6987, 0.5088|400
98|0.2135, -1.5446, -1.4162, -0.6397, -0.8722, 0.3707, -0.6819, 0.5225|500
99|0.2226, -1.5469, -1.4121, -0.6490, -0.8845, 0.3560, -0.6544, 0.5261|1300
