0|-0.9702, 1.0050, -0.5925, 1.0052, -0.8877, 0.2054, 0.7590, 0.6357|0
1|-0.9713, 1.0034, -0.6049, 1.0193, -0.8955, 0.2150, 0.7716, 0.6384|0
2|-0.9707, 0.9914, -0.6029, 1.0166, -0.8900, 0.2145, 0.7617, 0.6390|0
3|-0.9742, 0.9870, -0.6004, 1.0225, -0.8875, 0.2169, 0.7719, 0.6351|0
4|-0.9666, 0.9928, -0.6028, 1.0201, -0.8974, 0.2091, 0.7705, 0.6305|0
5|-0.9573, 0.9885, -0.6076, 1.0057, -0.9159, 0.2005, 0.7661, 0.6267|40
6|-0.9606, 0.9886, -0.6109, 0.9949, -0.9216, 0.2026, 0.7619, 0.6366|0
7|-0.9661, 0.9802, -0.6217, 0.9947, -0.9260, 0.1817, 0.7590, 0.6299|0
8|-0.9770, 0.9708, -0.6258, 1.0013, -0.9418, 0.1715, 0.7530, 0.6349|0
9|-0.9785, 0.9632, -0.6220, 1.0092, -0.9505, 0.1674, 0.7517, 0.6390|0
10|-0.9805, 0.9715, -0.6318, 1.0123, -0.9481, 0.1728, 0.7437, 0.6470|0
11|-0.9854, 0.9744, -0.6522, 1.0091, -0.9453, 0.1755, 0.7513, 0.6503|0
12|-0.9796, 0.9761, -0.6551, 1.0163, -0.9392, 0.1619, 0.7636, 0.6492|40
13|-0.9773, 0.9780, -0.6623, 1.0155, -0.9323, 0.1509, 0.7634, 0.6690|0
14|-0.9750, 0.9830, -0.6595, 1.0091, -0.9372, 0.1366, 0.7700, 0.6633|0
15|-0.9774, 0.9949, -0.6555, 1.0043, -0.9405, 0.1332, 0.7681, 0.6659|0
16|-0.9828, 0.9904, -0.6566, 1.0156, -0.9357, 0.1447, 0.7688, 0.6598|40
17|-0.9943, 1.0009, -0.6620, 1.0082, -0.9487, 0.1376, 0.7692, 0.6644|0
18|-0.9946, 1.0030, -0.6753, 1.0135, -0.9487, 0.1277, 0.7578, 0.6600|0
19|-0.9956, 1.0096, -0.6689, 1.0005, -0.9528, 0.1240, 0.7453, 0.6722|0
20|-0.9872, 1.0020, -0.6728, 0.9875, -0.9529, 0.1232, 0.7363, 0.6639|0
21|-0.9899, 1.0032, -0.6694, 0.9835, -0.9485, 0.1259, 0.7334, 0.6678|0
22|-0.9831, 0.9933, -0.6680, 0.9863, -0.9556, 0.1348, 0.7206, 0.6564|0
23|-0.9800, 0.9786, -0.6602, 0.9727, -0.9543, 0.1377, 0.7204, 0.6506|0
24|-0.9744, 0.9915, -0.6659, 0.9712, -0.9438, 0.1334, 0.7279, 0.6447|0
25|-0.9732, 0.9960, -0.6737, 0.9751, -0.9453, 0.1258, 0.7297, 0.6354|80
26|-0.9754, 0.9983, -0.6772, 0.9705, -0.9492, 0.1341, 0.7440, 0.6400|0
27|-0.9775, 0.9905, -0.6773, 0.9703, -0.9458, 0.1309, 0.7579, 0.6314|0
28|-0.9831, 0.9873, -0.6846, 0.9689, -0.9545, 0.1294, 0.7530, 0.6302|0
29|-0.9861, 0.9900, -0.6845, 0.9506, -0.9419, 0.1366, 0.7473, 0.6128|0
30|-0.9910, 0.9957, -0.6928, 0.9545, -0.9623, 0.1410, 0.7316, 0.6233|40
31|-0.9952, 1.0006, -0.6975, 0.9580, -0.9697, 0.1484, 0.7383, 0.6221|0
