0|-0.0092, -1.3697, 0.7881, -1.3860, 1.2878, -1.4243, -0.7272, -0.2306|220
1|-0.0152, -1.3961, 0.7476, -1.3912, 1.2849, -1.4316, -0.7229, -0.2273|0
2|-0.0072, -1.4031, 0.7250, -1.3976, 1.2824, -1.4354, -0.7236, -0.2174|80
3|-0.0173, -1.4207, 0.6889, -1.4083, 1.2756, -1.4044, -0.7254, -0.2280|200
4|-0.0029, -1.4273, 0.6709, -1.4220, 1.2825, -1.3807, -0.7237, -0.2303|40
5|0.0090, -1.4285, 0.6483, -1.4218, 1.2637, -1.3785, -0.7060, -0.2306|120
6|-0.0069, -1.4363, 0.6293, -1.4312, 1.2649, -1.3904, -0.7137, -0.2305|80
7|0.0114, -1.4415, 0.5893, -1.4458, 1.2546, -1.3875, -0.6976, -0.2373|40
8|0.0210, -1.4841, 0.5525, -1.4392, 1.2597, -1.3927, -0.6940, -0.2512|80
9|0.0178, -1.5244, 0.5156, -1.4465, 1.2649, -1.3828, -0.6913, -0.2588|240
10|0.0202, -1.5312, 0.4937, -1.4381, 1.2456, -1.3698, -0.6835, -0.2543|120
11|0.0312, -1.5315, 0.4536, -1.4302, 1.2393, -1.3712, -0.6837, -0.2626|80
12|0.0211, -1.5325, 0.4253, -1.4442, 1.2317, -1.3664, -0.6836, -0.2702|80
13|0.0234, -1.5247, 0.4109, -1.4564, 1.2414, -1.3575, -0.6894, -0.2778|200
14|0.0132, -1.5348, 0.3892, -1.4697, 1.2362, -1.3625, -0.6769, -0.2767|80
15|0.0228, -1.5485, 0.3530, -1.4827, 1.2496, -1.3554, -0.6707, -0.2891|160
16|0.0342, -1.5439, 0.3163, -1.4788, 1.2461, -1.3440, -0.6724, -0.2908|200
17|0.0376, -1.5592, 0.2967, -1.4797, 1.2441, -1.3479, -0.6745, -0.2955|200
18|0.0459, -1.5895, 0.2458, -1.4756, 1.2502, -1.3471, -0.6930, -0.2794|280
19|0.0423, -1.6055, 0.2142, -1.4694, 1.2497, -1.3435, -0.6870, -0.2731|80
20|0.0542, -1.6163, 0.1752, -1.4805, 1.2541, -1.3652, -0.7024, -0.2785|160
21|0.0705, -1.6268, 0.1476, -1.4934, 1.2510, -1.3486, -0.7080, -0.2849|360
22|0.0954, -1.6175, 0.1231, -1.5009, 1.2471, -1.3742, -0.7086, -0.2716|920
23|0.0788, -1.6261, 0.0861, -1.4937, 1.2483, -1.3764, -0.7122, -0.2765|520
24|0.0688, -1.6273, 0.0598, -1.4735, 1.2318, -1.3689, -0.7021, -0.2790|200
25|0.0616, -1.6502, 0.0456, -1.4765, 1.2172, -1.3460, -0.7056, -0.2890|160
26|0.0648, -1.6485, 0.0348, -1.4691, 1.2351, -1.3335, -0.6887, -0.2854|280
27|0.0602, -1.6591, 0.0102, -1.4661, 1.2460, -1.3166, -0.6909, -0.2964|240
28|0.0502, -1.6642, -0.0049, -1.4615, 1.2524, -1.3154, -0.7057, -0.3076|360
29|0.0634, -1.6670, -0.0069, -1.4621, 1.2444, -1.3014, -0.7109, -0.3119|640
30|0.0598, -1.6948, -0.0169, -1.4617, 1.2420, -1.3124, -0.7268, -0.3028|240
31|0.0523, -1.7037, -0.0199, -1.4601, 1.2391, -1.3014, -0.7195, -0.3043|400
32|0.0679, -1.7291, -0.0394, -1.4828, 1.2384, -1.3124, -0.7093, -0.3097|200
33|0.0587, -1.7267, -0.0643, -1.4614, 1.2159, -1.2982, -0.7012, -0.3150|340
34|0.0691, -1.7323, -0.0791, -1.4521, 1.2129, -1.2811, -0.6996, -0.3118|400
35|0.0579, -1.7331, -0.0881, -1.4509, 1.2070, -1.2635, -0.7007, -0.2878|340
36|0.0559, -1.7543, -0.1034, -1.4709, 1.2226, -1.2705, -0.7115, -0.2790|660
37|0.0576, -1.7606, -0.1197, -1.4764, 1.1965, -1.2655, -0.6994, -0.2768|480
38|0.0750, -1.7756, -0.1412, -1.4683, 1.1945, -1.2526, -0.7015, -0.2777|360
39|0.0921, -1.7770, -0.1561, -1.4667, 1.1877, -1.2444, -0.7024, -0.2634|280
40|0.1059, -1.7844, -0.1757, -1.4684, 1.1901, -1.2386, -0.7088, -0.2766|300
41|0.1189, -1.7954, -0.2029, -1.4591, 1.1826, -1.2420, -0.7130, -0.2729|320
42|0.1195, -1.7892, -0.2271, -1.4470, 1.1644, -1.2286, -0.7238, -0.2639|300
43|0.1289, -1.8134, -0.2175, -1.4370, 1.1517, -1.2320, -0.7224, -0.2529|580
44|0.1218, -1.8151, -0.2268, -1.4302, 1.1413, -1.2321, -0.7211, -0.2587|580
45|0.1210, -1.8142, -0.2255, -1.4253, 1.1476, -1.2268, -0.7240, -0.2651|500
46|0.1306, -1.8201, -0.2439, -1.4086, 1.1315, -1.2192, -0.7230, -0.2691|600
47|0.1377, -1.8206, -0.2609, -1.4195, 1.1313, -1.2279, -0.7237, -0.2577|880
48|0.1196, -1.8120, -0.2903, -1.4281, 1.1109, -1.2337, -0.7254, -0.2498|400
49|0.1232, -1.8083, -0.3036, -1.4221, 1.1050, -1.2305, -0.7335, -0.2398|360
50|0.1217, -1.8258, -0.3024, -1.4250, 1.0907, -1.2451, -0.7197, -0.2516|280
51|0.1360, -1.8216, -0.3224, -1.4161, 1.0869, -1.2520, -0.7377, -0.2370|540
52|0.1234, -1.8291, -0.3353, -1.4162, 1.0778, -1.2496, -0.7511, -0.2492|580
53|0.1189, -1.8285, -0.3411, -1.4135, 1.0740, -1.2574, -0.7558, -0.2486|1500
54|0.1091, -1.8387, -0.3546, -1.4187, 1.0653, -1.2509, -0.7462, -0.2440|880
55|0.1044, -1.8325, -0.3682, -1.4107, 1.0496, -1.2464, -0.7366, -0.2394|760
56|0.1135, -1.8310, -0.3668, -1.4024, 1.0648, -1.2588, -0.7460, -0.2369|120
57|0.1103, -1.8348, -0.3928, -1.3909, 1.0617, -1.2589, -0.7461, -0.2425|1000
58|0.1072, -1.8424, -0.4077, -1.3892, 1.0465, -1.2648, -0.7336, -0.2397|180
59|0.1160, -1.8372, -0.4143, -1.3934, 1.0321, -1.2587, -0.7269, -0.2272|420
60|0.1203, -1.8370, -0.4059, -1.3866, 1.0186, -1.2663, -0.7138, -0.2158|300
61|0.1296, -1.8453, -0.4479, -1.3671, 1.0234, -1.2507, -0.7013, -0.2003|460
62|0.1316, -1.8542, -0.4741, -1.3568, 1.0223, -1.2548, -0.6991, -0.2088|540
63|0.1381, -1.8546, -0.4759, -1.3477, 1.0044, -1.2532, -0.6857, -0.2060|460
