0|0.3343, 1.0542, -0.0571, -0.7770, -1.0250, 1.0089, -0.2779, -1.2113|80
1|0.3254, 1.0526, -0.1016, -0.7951, -1.0207, 1.0127, -0.2754, -1.2230|40
2|0.3357, 1.0450, -0.1547, -0.8209, -1.0205, 0.9975, -0.2754, -1.2087|40
3|0.3374, 1.0447, -0.1909, -0.8375, -1.0401, 0.9659, -0.2810, -1.2062|80
4|0.3530, 1.0263, -0.2397, -0.8446, -1.0376, 0.9726, -0.2785, -1.2253|0
5|0.3570, 1.0294, -0.2805, -0.8452, -1.0480, 0.9797, -0.2740, -1.2185|80
6|0.3522, 1.0284, -0.3074, -0.8655, -1.0504, 0.9498, -0.2640, -1.2226|80
7|0.3565, 1.0142, -0.3339, -0.8823, -1.0532, 0.9532, -0.2587, -1.2284|120
8|0.3517, 1.0020, -0.3554, -0.8812, -1.0525, 0.9464, -0.2703, -1.2338|160
9|0.3592, 1.0033, -0.3853, -0.8834, -1.0514, 0.9493, -0.2619, -1.2251|200
10|0.3573, 0.9733, -0.4113, -0.8966, -1.0561, 0.9581, -0.2645, -1.2321|80
11|0.3496, 0.9746, -0.4276, -0.9085, -1.0396, 0.9416, -0.2597, -1.2238|40
12|0.3656, 0.9586, -0.4380, -0.9143, -1.0285, 0.9258, -0.2646, -1.2230|80
13|0.3635, 0.9515, -0.4508, -0.9196, -1.0180, 0.9127, -0.2757, -1.2306|300
14|0.3647, 0.9434, -0.4640, -0.9178, -1.0175, 0.8996, -0.2809, -1.2380|40
15|0.3723, 0.9450, -0.4839, -0.9283, -1.0108, 0.9020, -0.2718, -1.2306|280
16|0.3947, 0.9402, -0.5143, -0.9572, -1.0102, 0.8924, -0.2700, -1.2314|80
17|0.4008, 0.9330, -0.4945, -0.9750, -1.0126, 0.8839, -0.2706, -1.2477|0
18|0.4048, 0.9155, -0.5052, -1.0012, -1.0080, 0.8686, -0.2494, -1.2483|320
19|0.4233, 0.8950, -0.4964, -1.0225, -1.0102, 0.8577, -0.2454, -1.2510|160
20|0.4228, 0.8810, -0.5221, -1.0232, -1.0069, 0.8772, -0.2496, -1.2447|240
21|0.4307, 0.8625, -0.5425, -1.0167, -0.9906, 0.8877, -0.2759, -1.2340|160
22|0.4262, 0.8504, -0.5488, -1.0207, -0.9836, 0.8657, -0.2702, -1.2256|240
23|0.4273, 0.8561, -0.5515, -1.0287, -0.9995, 0.8547, -0.2650, -1.2278|240
24|0.4189, 0.8345, -0.5711, -1.0090, -1.0102, 0.8399, -0.2487, -1.2261|120
25|0.4191, 0.8446, -0.5919, -1.0015, -0.9965, 0.8247, -0.2491, -1.2205|280
26|0.4187, 0.8337, -0.5903, -1.0083, -0.9918, 0.8148, -0.2417, -1.2008|280
27|0.4260, 0.8268, -0.6054, -1.0166, -0.9902, 0.8167, -0.2335, -1.2066|120
28|0.4196, 0.8254, -0.6261, -1.0143, -0.9978, 0.8177, -0.2384, -1.2094|120
29|0.4097, 0.8261, -0.6370, -1.0285, -0.9896, 0.8129, -0.2369, -1.2072|120
30|0.4115, 0.8136, -0.6447, -1.0288, -0.9968, 0.8104, -0.2360, -1.2017|140
31|0.4186, 0.8200, -0.6539, -1.0373, -1.0044, 0.8041, -0.2266, -1.1887|80
