0|-1.0247, -0.1475, -1.0386, -0.7230, -0.9107, -0.8307, 1.4732, -1.3445|400
1|-0.9312, -0.1656, -1.0781, -0.7384, -0.8949, -0.9235, 1.4960, -1.3676|300
2|-0.9793, -0.1480, -1.0638, -0.6924, -0.8247, -0.9188, 1.4681, -1.3079|700
3|-0.8704, -0.1787, -1.0514, -0.7446, -0.7943, -0.8968, 1.5658, -1.3725|320
4|-0.8203, -0.2780, -1.0757, -0.7391, -0.8292, -0.8833, 1.5991, -1.4078|240
5|-0.6921, -0.3043, -1.0535, -0.6767, -0.7731, -0.9546, 1.5542, -1.4122|280
6|-0.7316, -0.2756, -1.0850, -0.7572, -0.6333, -0.9705, 1.5498, -1.3129|280
7|-0.6840, -0.3506, -1.1387, -0.7206, -0.6356, -0.9861, 1.5519, -1.3110|340
8|-0.6847, -0.4386, -1.1702, -0.7468, -0.6585, -1.0701, 1.5206, -1.2944|460
9|-0.7050, -0.4107, -1.0670, -0.7126, -0.5628, -1.0757, 1.5531, -1.3616|80
10|-0.6863, -0.5083, -1.1574, -0.7226, -0.5629, -1.0482, 1.5567, -1.4043|560
11|-0.6495, -0.4911, -1.1205, -0.8280, -0.6273, -1.2030, 1.4778, -1.3901|500
12|-0.6359, -0.4599, -1.1376, -0.8761, -0.6194, -1.2436, 1.4839, -1.4625|480
13|-0.6556, -0.5347, -1.1974, -0.8589, -0.6038, -1.1775, 1.4286, -1.4547|120
14|-0.6641, -0.6026, -1.2629, -0.7783, -0.5957, -1.2272, 1.4050, -1.5180|220
15|-0.6714, -0.6511, -1.1872, -0.8463, -0.6069, -1.3388, 1.3503, -1.5236|1580
16|-0.6295, -0.6389, -1.2246, -0.9114, -0.5503, -1.3844, 1.3287, -1.5372|420
17|-0.6166, -0.6591, -1.1529, -0.8692, -0.5614, -1.4198, 1.2737, -1.4718|460
18|-0.5736, -0.7284, -1.1403, -0.8755, -0.5328, -1.4806, 1.2696, -1.4991|540
19|-0.4965, -0.7358, -1.2334, -0.8975, -0.5724, -1.4330, 1.2887, -1.5362|0
20|-0.4989, -0.7260, -1.2632, -0.9439, -0.4864, -1.6244, 1.3343, -1.6141|220
21|-0.5046, -0.7944, -1.2362, -0.8073, -0.5491, -1.6666, 1.3819, -1.5942|380
22|-0.4281, -0.8672, -1.2680, -0.7839, -0.6139, -1.6798, 1.4036, -1.5915|500
23|-0.3304, -0.9039, -1.2871, -0.7944, -0.5562, -1.7212, 1.4597, -1.5847|780
24|-0.3179, -0.9550, -1.3488, -0.8330, -0.5490, -1.8204, 1.4771, -1.5960|280
25|-0.2887, -0.9924, -1.2921, -0.9017, -0.6300, -1.7900, 1.3428, -1.5591|1560
26|-0.3509, -1.1036, -1.2759, -0.9226, -0.6586, -1.8575, 1.3741, -1.5412|800
27|-0.3085, -1.1828, -1.2926, -0.8777, -0.6510, -1.8523, 1.3663, -1.5778|1060
28|-0.1519, -1.1766, -1.2881, -0.9140, -0.6993, -1.7493, 1.3776, -1.5556|1360
29|-0.1700, -1.1792, -1.4048, -0.9134, -0.7337, -1.7727, 1.3863, -1.5778|1140
30|-0.1843, -1.1911, -1.4519, -1.0093, -0.7941, -1.7540, 1.4887, -1.6178|560
31|-0.2517, -1.1212, -1.5449, -1.0264, -0.7904, -1.7669, 1.4280, -1.7232|80
