0|0.1707, -1.3882, -0.7784, 0.1198, -1.4108, -1.2533, 0.8207, 1.1564|40
1|0.1664, -1.3874, -0.7802, 0.1124, -1.4095, -1.2489, 0.8230, 1.1590|740
2|0.1698, -1.3893, -0.7776, 0.1088, -1.4105, -1.2492, 0.8225, 1.1509|580
3|0.1737, -1.3970, -0.7723, 0.0970, -1.4115, -1.2528, 0.8169, 1.1481|240
4|0.1782, -1.3968, -0.7836, 0.0896, -1.4079, -1.2562, 0.8152, 1.1454|40
5|0.1904, -1.4044, -0.7805, 0.0839, -1.4092, -1.2632, 0.8191, 1.1512|880
6|0.1915, -1.4038, -0.7863, 0.0802, -1.4080, -1.2641, 0.8116, 1.1586|300
7|0.1849, -1.4082, -0.7947, 0.0736, -1.4091, -1.2772, 0.8101, 1.1616|560
8|0.1757, -1.4042, -0.7940, 0.0702, -1.4042, -1.2705, 0.8093, 1.1622|440
9|0.1784, -1.4043, -0.7976, 0.0638, -1.4085, -1.2646, 0.8063, 1.1595|760
10|0.1749, -1.4125, -0.7924, 0.0653, -1.4169, -1.2656, 0.8042, 1.1550|0
11|0.1772, -1.4216, -0.7863, 0.0596, -1.4121, -1.2622, 0.7984, 1.1638|140
12|0.1721, -1.4232, -0.7838, 0.0561, -1.4044, -1.2684, 0.7948, 1.1582|580
13|0.1747, -1.4280, -0.7773, 0.0528, -1.3987, -1.2627, 0.7906, 1.1545|200
14|0.1792, -1.4235, -0.7809, 0.0401, -1.4030, -1.2543, 0.7887, 1.1508|340
15|0.1816, -1.4143, -0.7761, 0.0344, -1.4006, -1.2598, 0.7836, 1.1593|380
16|0.1904, -1.4169, -0.7770, 0.0359, -1.4003, -1.2626, 0.7746, 1.1619|220
17|0.1839, -1.4242, -0.7764, 0.0390, -1.4057, -1.2651, 0.7765, 1.1693|420
18|0.1791, -1.4209, -0.7705, 0.0344, -1.3990, -1.2690, 0.7728, 1.1666|460
19|0.1902, -1.4307, -0.7723, 0.0258, -1.4095, -1.2791, 0.7820, 1.1612|820
20|0.1948, -1.4349, -0.7776, 0.0175, -1.4129, -1.2787, 0.7731, 1.1639|1000
21|0.1923, -1.4369, -0.7728, 0.0098, -1.4156, -1.2849, 0.7795, 1.1569|560
22|0.1913, -1.4522, -0.7698, 0.0037, -1.4178, -1.2778, 0.7713, 1.1579|80
23|0.1988, -1.4577, -0.7669, -0.0095, -1.4170, -1.2706, 0.7612, 1.1523|480
24|0.2000, -1.4607, -0.7641, -0.0152, -1.4243, -1.2742, 0.7663, 1.1494|520
25|0.2049, -1.4762, -0.7629, -0.0237, -1.4195, -1.2703, 0.7632, 1.1481|320
26|0.2072, -1.4735, -0.7679, -0.0306, -1.4184, -1.2708, 0.7652, 1.1346|700
27|0.2018, -1.4732, -0.7694, -0.0341, -1.4337, -1.2695, 0.7663, 1.1421|120
28|0.2029, -1.4694, -0.7761, -0.0423, -1.4301, -1.2758, 0.7676, 1.1397|800
29|0.2023, -1.4700, -0.7841, -0.0517, -1.4277, -1.2754, 0.7765, 1.1373|40
30|0.2094, -1.4745, -0.7908, -0.0596, -1.4219, -1.2755, 0.7770, 1.1397|40
31|0.2072, -1.4823, -0.7877, -0.0727, -1.4185, -1.2755, 0.7770, 1.1360|240
