0|0.7519, -0.3775, -0.2061, -0.2068, 0.1781, -0.2469, -1.2747, 0.5530|80
1|0.7597, -0.3991, -0.2085, -0.2614, 0.1356, -0.2512, -1.2639, 0.5652|180
2|0.7503, -0.4054, -0.2266, -0.3139, 0.1105, -0.2532, -1.2305, 0.5677|420
3|0.7870, -0.4040, -0.2449, -0.3545, 0.0728, -0.2736, -1.2364, 0.5617|940
4|0.8008, -0.4329, -0.2768, -0.4006, 0.0457, -0.2866, -1.2362, 0.5382|1460
5|0.8103, -0.4441, -0.3083, -0.4384, 0.0173, -0.3023, -1.2339, 0.5223|980
6|0.8039, -0.4644, -0.3348, -0.4522, -0.0108, -0.3169, -1.2277, 0.5017|260
7|0.8082, -0.4757, -0.3811, -0.4808, -0.0332, -0.3119, -1.2212, 0.4891|560
8|0.8260, -0.5048, -0.3799, -0.4997, -0.0502, -0.3113, -1.2046, 0.4843|1040
9|0.8329, -0.5219, -0.3875, -0.5118, -0.0663, -0.2980, -1.1856, 0.4785|840
10|0.8422, -0.5364, -0.4010, -0.5302, -0.0882, -0.3050, -1.1610, 0.4590|1260
11|0.8503, -0.5668, -0.4217, -0.5489, -0.0961, -0.2757, -1.1362, 0.4473|520
12|0.8551, -0.5857, -0.4259, -0.5392, -0.1152, -0.2898, -1.1107, 0.4302|1720
13|0.8611, -0.6280, -0.4429, -0.5676, -0.1103, -0.2849, -1.1141, 0.4247|120
14|0.8670, -0.6469, -0.4482, -0.5747, -0.1043, -0.2799, -1.0992, 0.4189|440
15|0.8535, -0.6470, -0.4633, -0.5819, -0.1202, -0.2973, -1.0926, 0.4188|240
16|0.8516, -0.6623, -0.5032, -0.5917, -0.1280, -0.2926, -1.0812, 0.4260|1180
17|0.8573, -0.6603, -0.5131, -0.5854, -0.1462, -0.2922, -1.0644, 0.4316|840
18|0.8754, -0.6816, -0.5164, -0.5819, -0.1544, -0.2945, -1.0286, 0.4266|780
19|0.8915, -0.7052, -0.5078, -0.5818, -0.1499, -0.2934, -1.0016, 0.4118|880
20|0.9037, -0.7284, -0.5188, -0.5753, -0.1696, -0.2853, -0.9918, 0.3977|500
21|0.9260, -0.7589, -0.5292, -0.5690, -0.1690, -0.2998, -0.9690, 0.3784|660
22|0.9321, -0.7768, -0.5444, -0.5690, -0.1482, -0.2888, -0.9752, 0.3623|3220
23|0.9388, -0.7947, -0.5523, -0.5732, -0.1642, -0.2984, -0.9536, 0.3686|700
24|0.9374, -0.8126, -0.5646, -0.5795, -0.1729, -0.2977, -0.9449, 0.3727|520
25|0.9396, -0.8200, -0.5790, -0.5947, -0.1875, -0.2988, -0.9304, 0.3704|3300
26|0.9484, -0.8489, -0.5763, -0.5902, -0.1978, -0.2833, -0.9204, 0.3793|1500
27|0.9509, -0.8718, -0.5838, -0.5750, -0.2031, -0.2832, -0.8996, 0.3832|1100
28|0.9582, -0.9111, -0.5637, -0.5709, -0.2229, -0.2873, -0.8755, 0.3737|1300
29|0.9881, -0.9399, -0.5610, -0.5557, -0.2068, -0.2812, -0.8523, 0.3831|520
30|0.9715, -0.9668, -0.5465, -0.5481, -0.2043, -0.2759, -0.8437, 0.3731|680
31|0.9676, -0.9904, -0.5440, -0.5345, -0.2053, -0.2770, -0.8348, 0.3844|4380
