0|0.3280, -0.2340, -0.6797, -0.3144, -0.5646, -0.0531, 0.7249, 0.4423|560
1|0.3316, -0.2350, -0.6789, -0.3398, -0.5681, -0.0430, 0.7278, 0.4488|160
2|0.3300, -0.2405, -0.6730, -0.3636, -0.5683, -0.0587, 0.7253, 0.4514|40
3|0.3356, -0.2383, -0.6616, -0.3695, -0.5698, -0.0655, 0.7170, 0.4416|1060
4|0.3366, -0.2445, -0.6638, -0.3840, -0.5630, -0.0774, 0.7239, 0.4507|400
5|0.3501, -0.2410, -0.6554, -0.3897, -0.5673, -0.0812, 0.7197, 0.4459|360
6|0.3657, -0.2462, -0.6723, -0.4022, -0.5553, -0.0799, 0.7093, 0.4412|300
7|0.3731, -0.2395, -0.6658, -0.4168, -0.5617, -0.0835, 0.6983, 0.4369|520
8|0.3800, -0.2559, -0.6573, -0.4227, -0.5548, -0.0865, 0.7025, 0.4307|240
9|0.3719, -0.2638, -0.6522, -0.4325, -0.5519, -0.0817, 0.6965, 0.4317|300
10|0.3794, -0.2741, -0.6550, -0.4472, -0.5601, -0.0859, 0.6857, 0.4211|1080
11|0.3862, -0.2860, -0.6609, -0.4494, -0.5474, -0.1046, 0.6688, 0.4112|140
12|0.3905, -0.2827, -0.6645, -0.4669, -0.5512, -0.1067, 0.6552, 0.4049|2060
13|0.4031, -0.2794, -0.6582, -0.4811, -0.5420, -0.1021, 0.6618, 0.3906|760
14|0.4125, -0.2950, -0.6405, -0.4932, -0.5500, -0.1095, 0.6573, 0.3873|700
15|0.4120, -0.2967, -0.6397, -0.5030, -0.5376, -0.1069, 0.6591, 0.3942|440
16|0.4197, -0.3068, -0.6368, -0.5035, -0.5441, -0.1080, 0.6546, 0.3909|780
17|0.4219, -0.3117, -0.6316, -0.5142, -0.5516, -0.0993, 0.6544, 0.3865|460
18|0.4281, -0.3103, -0.6333, -0.5250, -0.5492, -0.0969, 0.6455, 0.3976|1220
19|0.4238, -0.3107, -0.6247, -0.5340, -0.5468, -0.1128, 0.6320, 0.3901|340
20|0.4204, -0.3244, -0.6170, -0.5324, -0.5421, -0.1211, 0.6330, 0.3975|480
21|0.4221, -0.3304, -0.6138, -0.5618, -0.5319, -0.1174, 0.6292, 0.3903|980
22|0.4247, -0.3249, -0.6154, -0.5728, -0.5291, -0.1096, 0.6269, 0.3918|1000
23|0.4139, -0.3382, -0.6039, -0.5795, -0.5253, -0.1013, 0.6184, 0.4027|820
24|0.4039, -0.3464, -0.6086, -0.5793, -0.5212, -0.1132, 0.6082, 0.3919|440
25|0.4083, -0.3545, -0.6029, -0.5856, -0.5216, -0.1165, 0.5972, 0.3867|1240
26|0.4005, -0.3615, -0.6158, -0.5810, -0.5199, -0.1179, 0.5854, 0.3861|2580
27|0.4003, -0.3774, -0.6232, -0.5927, -0.5387, -0.1103, 0.5787, 0.3908|1300
28|0.4063, -0.3922, -0.6280, -0.6070, -0.5338, -0.0999, 0.5617, 0.3990|480
29|0.4256, -0.4041, -0.6287, -0.6190, -0.5514, -0.1034, 0.5553, 0.3959|1040
30|0.4265, -0.4187, -0.6284, -0.6149, -0.5526, -0.1082, 0.5517, 0.4026|280
31|0.4327, -0.4360, -0.6312, -0.6190, -0.5366, -0.0964, 0.5372, 0.3974|660
0|-0.2036, 0.9122, -1.1306, -1.4002, 0.9338, -1.2619, 0.4147, 0.0361|280
1|-0.1951, 0.9085, -1.1337, -1.4191, 0.9295, -1.2478, 0.4233, 0.0466|120
2|-0.1843, 0.9192, -1.1308, -1.4221, 0.9148, -1.2614, 0.4301, 0.0481|620
3|-0.1719, 0.9121, -1.1299, -1.4221, 0.9136, -1.2551, 0.4198, 0.0666|320
4|-0.1624, 0.9017, -1.1415, -1.4232, 0.9256, -1.2299, 0.4222, 0.0664|100
5|-0.1396, 0.9060, -1.1419, -1.4226, 0.9269, -1.2266, 0.4245, 0.0801|600
6|-0.1446, 0.9168, -1.1460, -1.4183, 0.9465, -1.2116, 0.4502, 0.0867|220
7|-0.1458, 0.9199, -1.1476, -1.4219, 0.9251, -1.1992, 0.4444, 0.0775|80
8|-0.1520, 0.9107, -1.1428, -1.4241, 0.9110, -1.1955, 0.4729, 0.0677|80
9|-0.1408, 0.9346, -1.1474, -1.4276, 0.9180, -1.1936, 0.4727, 0.0643|480
10|-0.1409, 0.9235, -1.1470, -1.4417, 0.9350, -1.1859, 0.4745, 0.0709|500
11|-0.1456, 0.9268, -1.1508, -1.4409, 0.9330, -1.2006, 0.4828, 0.0577|200
12|-0.1237, 0.9314, -1.1532, -1.4378, 0.9200, -1.1757, 0.4753, 0.0344|240
13|-0.1194, 0.9290, -1.1734, -1.4559, 0.9336, -1.1690, 0.4857, 0.0452|260
14|-0.1241, 0.9339, -1.1723, -1.4567, 0.9433, -1.1687, 0.4768, 0.0354|320
15|-0.1360, 0.9421, -1.1927, -1.4663, 0.9221, -1.1866, 0.4813, 0.0351|400
16|-0.1442, 0.9311, -1.1812, -1.4556, 0.9276, -1.1712, 0.4911, 0.0330|660
17|-0.1364, 0.9286, -1.1908, -1.4571, 0.9307, -1.1797, 0.4965, 0.0324|300
18|-0.1272, 0.9256, -1.1940, -1.4363, 0.9256, -1.1836, 0.5094, 0.0182|120
19|-0.1010, 0.9217, -1.1860, -1.4459, 0.9103, -1.1973, 0.5204, 0.0356|580
20|-0.1060, 0.9154, -1.1955, -1.4482, 0.9222, -1.1866, 0.5181, 0.0443|40
21|-0.1182, 0.9150, -1.2031, -1.4388, 0.9443, -1.1705, 0.5294, 0.0474|320
22|-0.0968, 0.9220, -1.2172, -1.4382, 0.9478, -1.1654, 0.5341, 0.0469|520
23|-0.0882, 0.9189, -1.2183, -1.4452, 0.9554, -1.1760, 0.5369, 0.0534|380
24|-0.0882, 0.9208, -1.2230, -1.4461, 0.9434, -1.1685, 0.5341, 0.0584|120
25|-0.0699, 0.9073, -1.2206, -1.4607, 0.9346, -1.1721, 0.5358, 0.0700|260
26|-0.0629, 0.9010, -1.2185, -1.4588, 0.9288, -1.1887, 0.5603, 0.0832|40
27|-0.0485, 0.8917, -1.2121, -1.4629, 0.9118, -1.1905, 0.5666, 0.0808|120
28|-0.0463, 0.8785, -1.2241, -1.4452, 0.8951, -1.2053, 0.5668, 0.1049|640
29|-0.0403, 0.8798, -1.2277, -1.4385, 0.8965, -1.1978, 0.5645, 0.1203|120
30|-0.0235, 0.8718, -1.2304, -1.4260, 0.8932, -1.1851, 0.5651, 0.1078|500
31|-0.0329, 0.8574, -1.2310, -1.4194, 0.9060, -1.1634, 0.5574, 0.1131|380
