0|-0.5086, 0.6551, -1.0800, -1.0568, -0.2608, 0.4728, -0.2462, -0.4969|180
1|-0.5061, 0.6278, -1.0840, -1.0680, -0.2487, 0.4486, -0.2573, -0.4933|120
2|-0.4955, 0.6207, -1.0671, -1.0762, -0.2506, 0.4203, -0.2418, -0.4854|220
3|-0.5036, 0.6103, -1.0652, -1.0769, -0.2328, 0.4365, -0.2141, -0.4767|1140
4|-0.5116, 0.5871, -1.0552, -1.0908, -0.2232, 0.4586, -0.1958, -0.4848|320
5|-0.4533, 0.5832, -1.0747, -1.0881, -0.2230, 0.4558, -0.2176, -0.4802|280
6|-0.4409, 0.5756, -1.0597, -1.1048, -0.2202, 0.4419, -0.2387, -0.4405|240
7|-0.4354, 0.5709, -1.0642, -1.1022, -0.2270, 0.4688, -0.2305, -0.4328|520
8|-0.4265, 0.5689, -1.0555, -1.0963, -0.2110, 0.4462, -0.2285, -0.4093|180
9|-0.4300, 0.5424, -1.0591, -1.1082, -0.1812, 0.4179, -0.2400, -0.4242|200
10|-0.4264, 0.5620, -1.0579, -1.1155, -0.1871, 0.3995, -0.2369, -0.4138|1080
11|-0.4236, 0.5503, -1.0306, -1.1172, -0.1845, 0.3925, -0.2465, -0.3947|40
12|-0.4113, 0.5571, -1.0319, -1.1010, -0.1825, 0.3948, -0.2530, -0.3934|120
13|-0.3804, 0.5614, -1.0566, -1.1245, -0.1910, 0.3804, -0.2624, -0.4017|520
14|-0.3741, 0.5286, -1.0743, -1.1114, -0.2234, 0.3971, -0.2421, -0.3960|40
15|-0.3678, 0.5253, -1.0845, -1.1122, -0.2406, 0.3836, -0.2334, -0.3724|0
16|-0.3369, 0.5233, -1.0877, -1.1037, -0.2735, 0.3694, -0.2154, -0.3807|960
17|-0.3387, 0.5029, -1.1030, -1.1254, -0.2803, 0.3577, -0.2131, -0.3699|120
18|-0.3433, 0.4868, -1.1236, -1.1843, -0.2602, 0.3538, -0.2135, -0.3789|40
19|-0.3463, 0.4705, -1.1253, -1.2001, -0.2516, 0.3330, -0.1797, -0.3691|260
20|-0.3149, 0.4721, -1.1528, -1.2194, -0.2494, 0.3229, -0.1952, -0.3596|520
21|-0.3165, 0.4325, -1.1513, -1.2300, -0.2582, 0.3007, -0.2042, -0.3543|340
22|-0.2950, 0.4038, -1.1430, -1.2149, -0.2623, 0.2996, -0.1939, -0.3730|580
23|-0.2855, 0.4135, -1.1459, -1.2117, -0.2628, 0.2975, -0.1827, -0.3501|240
24|-0.2701, 0.4142, -1.1372, -1.2106, -0.2931, 0.3144, -0.1561, -0.3277|240
25|-0.2863, 0.4059, -1.1413, -1.2048, -0.2781, 0.3200, -0.1345, -0.3173|240
26|-0.2690, 0.3930, -1.1332, -1.1871, -0.2627, 0.3309, -0.1147, -0.3107|400
27|-0.2616, 0.3826, -1.1091, -1.2017, -0.2605, 0.3233, -0.1440, -0.2952|40
28|-0.2714, 0.3908, -1.1187, -1.1988, -0.2544, 0.3275, -0.1371, -0.2772|200
29|-0.2872, 0.3683, -1.1308, -1.2117, -0.2467, 0.3406, -0.1265, -0.2871|460
30|-0.2556, 0.3589, -1.1527, -1.2189, -0.2614, 0.3573, -0.1324, -0.3032|640
31|-0.2499, 0.3675, -1.1495, -1.2355, -0.2874, 0.3489, -0.1320, -0.3234|800
