0|-0.9487, 1.4275, 0.0751, 1.2127, -1.4542, 0.0259, 0.8109, 0.2051|0
1|-0.9434, 1.4294, 0.0719, 1.2080, -1.4566, 0.0250, 0.8056, 0.2133|0
2|-0.9437, 1.4322, 0.0731, 1.2130, -1.4569, 0.0239, 0.8067, 0.2175|0
3|-0.9409, 1.4407, 0.0729, 1.2114, -1.4592, 0.0258, 0.8095, 0.2187|0
4|-0.9456, 1.4370, 0.0727, 1.2174, -1.4628, 0.0246, 0.8083, 0.2146|0
5|-0.9365, 1.4390, 0.0741, 1.2204, -1.4548, 0.0128, 0.8045, 0.2177|0
6|-0.9316, 1.4343, 0.0730, 1.2221, -1.4645, 0.0083, 0.8052, 0.2195|0
7|-0.9368, 1.4288, 0.0725, 1.2263, -1.4719, 0.0050, 0.8079, 0.2124|0
8|-0.9371, 1.4310, 0.0730, 1.2349, -1.4756, 0.0093, 0.8075, 0.2075|0
9|-0.9406, 1.4399, 0.0718, 1.2353, -1.4765, 0.0077, 0.8057, 0.2088|0
10|-0.9387, 1.4351, 0.0860, 1.2339, -1.4723, 0.0041, 0.8040, 0.2149|0
11|-0.9403, 1.4392, 0.0843, 1.2385, -1.4732, 0.0028, 0.8059, 0.2214|0
12|-0.9416, 1.4367, 0.0774, 1.2304, -1.4796, 0.0050, 0.8029, 0.2196|0
13|-0.9309, 1.4322, 0.0746, 1.2369, -1.4782, 0.0103, 0.8062, 0.2197|0
14|-0.9334, 1.4287, 0.0770, 1.2377, -1.4858, 0.0027, 0.8178, 0.2186|0
15|-0.9313, 1.4232, 0.0858, 1.2447, -1.4845, 0.0099, 0.8300, 0.2198|0
16|-0.9236, 1.4209, 0.0846, 1.2495, -1.4864, 0.0092, 0.8347, 0.2076|0
17|-0.9228, 1.4189, 0.0871, 1.2540, -1.4905, 0.0049, 0.8367, 0.2174|0
18|-0.9329, 1.4146, 0.0871, 1.2569, -1.4891, 0.0039, 0.8272, 0.2154|0
19|-0.9285, 1.4122, 0.0897, 1.2526, -1.4889, 0.0024, 0.8228, 0.2183|0
20|-0.9253, 1.4169, 0.0943, 1.2499, -1.4859, 0.0062, 0.8234, 0.2212|0
21|-0.9250, 1.4150, 0.0928, 1.2506, -1.4923, 0.0075, 0.8246, 0.2178|0
22|-0.9117, 1.4132, 0.0925, 1.2425, -1.4865, 0.0155, 0.8157, 0.2259|0
23|-0.9155, 1.4051, 0.0859, 1.2404, -1.4917, 0.0196, 0.8213, 0.2332|40
24|-0.9186, 1.4000, 0.0803, 1.2409, -1.4917, 0.0146, 0.8251, 0.2263|0
25|-0.9176, 1.3974, 0.0762, 1.2501, -1.4913, 0.0161, 0.8259, 0.2357|0
26|-0.9143, 1.4003, 0.0782, 1.2552, -1.4937, 0.0213, 0.8187, 0.2366|0
27|-0.9172, 1.4034, 0.0807, 1.2562, -1.4932, 0.0283, 0.8243, 0.2369|0
28|-0.9193, 1.4092, 0.0761, 1.2574, -1.5032, 0.0302, 0.8246, 0.2473|0
29|-0.9162, 1.4150, 0.0835, 1.2616, -1.5025, 0.0307, 0.8166, 0.2532|0
30|-0.9123, 1.4130, 0.0784, 1.2568, -1.5039, 0.0364, 0.8273, 0.2503|0
31|-0.9145, 1.4129, 0.0761, 1.2590, -1.5021, 0.0272, 0.8176, 0.2451|0
