0|0.6851, -1.4460, -1.1420, -0.4212, 1.0681, -1.0999, 1.1665, -1.3699|300
1|0.6910, -1.4374, -1.1325, -0.4329, 1.0549, -1.1026, 1.1666, -1.3708|40
2|0.6889, -1.4356, -1.1278, -0.4551, 1.0417, -1.1087, 1.1664, -1.3620|240
3|0.6861, -1.4426, -1.1253, -0.4761, 1.0297, -1.1117, 1.1648, -1.3549|80
4|0.6910, -1.4402, -1.1223, -0.4881, 1.0226, -1.1174, 1.1603, -1.3516|540
5|0.6928, -1.4468, -1.1198, -0.5013, 1.0059, -1.1206, 1.1613, -1.3559|220
6|0.6911, -1.4536, -1.1250, -0.5093, 0.9987, -1.1160, 1.1624, -1.3585|280
7|0.6970, -1.4548, -1.1299, -0.5243, 0.9953, -1.1193, 1.1608, -1.3618|440
8|0.6992, -1.4540, -1.1230, -0.5399, 0.9848, -1.1217, 1.1539, -1.3758|640
9|0.6933, -1.4489, -1.1248, -0.5551, 0.9685, -1.1226, 1.1570, -1.3741|900
10|0.6849, -1.4503, -1.1257, -0.5604, 0.9626, -1.1265, 1.1549, -1.3700|200
11|0.6904, -1.4447, -1.1204, -0.5695, 0.9495, -1.1291, 1.1537, -1.3609|960
12|0.6908, -1.4430, -1.1191, -0.5778, 0.9464, -1.1296, 1.1511, -1.3612|380
13|0.6917, -1.4472, -1.1174, -0.5842, 0.9411, -1.1341, 1.1425, -1.3611|760
14|0.6932, -1.4525, -1.1174, -0.5903, 0.9390, -1.1357, 1.1475, -1.3526|880
15|0.6892, -1.4533, -1.1157, -0.5931, 0.9309, -1.1372, 1.1442, -1.3402|180
16|0.6864, -1.4619, -1.1132, -0.6059, 0.9212, -1.1408, 1.1492, -1.3441|1180
17|0.6912, -1.4632, -1.1005, -0.6182, 0.9204, -1.1398, 1.1381, -1.3356|900
18|0.6885, -1.4627, -1.1000, -0.6278, 0.9132, -1.1397, 1.1330, -1.3360|480
19|0.6871, -1.4648, -1.0975, -0.6408, 0.9109, -1.1368, 1.1291, -1.3327|760
20|0.6783, -1.4627, -1.0978, -0.6544, 0.9051, -1.1315, 1.1219, -1.3373|660
21|0.6890, -1.4703, -1.0955, -0.6582, 0.9053, -1.1305, 1.1216, -1.3303|380
22|0.6826, -1.4684, -1.0841, -0.6681, 0.9028, -1.1352, 1.1193, -1.3218|560
23|0.6785, -1.4696, -1.0858, -0.6697, 0.8981, -1.1316, 1.1164, -1.3266|1260
24|0.6811, -1.4757, -1.0791, -0.6756, 0.9010, -1.1343, 1.1152, -1.3271|1100
25|0.6791, -1.4789, -1.0802, -0.6777, 0.8982, -1.1366, 1.1191, -1.3281|400
26|0.6787, -1.4729, -1.0805, -0.6782, 0.8939, -1.1348, 1.1192, -1.3267|840
27|0.6898, -1.4815, -1.0776, -0.6848, 0.8838, -1.1347, 1.1160, -1.3275|560
28|0.6776, -1.4877, -1.0841, -0.6905, 0.8776, -1.1316, 1.1151, -1.3344|460
29|0.6782, -1.4971, -1.0847, -0.6937, 0.8777, -1.1289, 1.1208, -1.3271|280
30|0.6785, -1.5034, -1.0862, -0.6973, 0.8757, -1.1340, 1.1192, -1.3285|820
31|0.6752, -1.5021, -1.0871, -0.7039, 0.8613, -1.1378, 1.1206, -1.3263|820
32|0.6753, -1.5065, -1.0915, -0.7169, 0.8577, -1.1298, 1.1164, -1.3301|700
33|0.6787, -1.4997, -1.0956, -0.7200, 0.8507, -1.1292, 1.1199, -1.3273|160
34|0.6806, -1.4972, -1.1004, -0.7238, 0.8490, -1.1318, 1.1240, -1.3320|80
35|0.6722, -1.4898, -1.1076, -0.7271, 0.8434, -1.1244, 1.1230, -1.3340|380
36|0.6665, -1.4815, -1.1099, -0.7358, 0.8356, -1.1268, 1.1276, -1.3253|460
37|0.6610, -1.4934, -1.1139, -0.7413, 0.8386, -1.1236, 1.1323, -1.3193|320
38|0.6555, -1.4922, -1.1036, -0.7434, 0.8261, -1.1203, 1.1309, -1.3180|140
39|0.6577, -1.4952, -1.1035, -0.7501, 0.8329, -1.1152, 1.1306, -1.3126|1860
40|0.6607, -1.4967, -1.0961, -0.7559, 0.8246, -1.1138, 1.1225, -1.3040|200
41|0.6562, -1.4986, -1.0898, -0.7574, 0.8168, -1.1085, 1.1261, -1.2970|780
42|0.6571, -1.4960, -1.0896, -0.7629, 0.8134, -1.1144, 1.1217, -1.2956|1000
43|0.6655, -1.5086, -1.0971, -0.7647, 0.8050, -1.1172, 1.1211, -1.2939|2020
44|0.6513, -1.5094, -1.1028, -0.7684, 0.8038, -1.1194, 1.1224, -1.2955|720
45|0.6456, -1.5037, -1.0964, -0.7674, 0.8033, -1.1188, 1.1155, -1.2956|340
46|0.6447, -1.5019, -1.0949, -0.7688, 0.7993, -1.1183, 1.1171, -1.2935|80
47|0.6405, -1.5084, -1.0961, -0.7673, 0.7920, -1.1140, 1.1194, -1.2937|220
48|0.6354, -1.5141, -1.0904, -0.7703, 0.7826, -1.1127, 1.1191, -1.2964|2260
49|0.6432, -1.5120, -1.0907, -0.7678, 0.7821, -1.1116, 1.1242, -1.3034|1020
50|0.6425, -1.5076, -1.0880, -0.7697, 0.7855, -1.1208, 1.1191, -1.3144|400
51|0.6505, -1.5139, -1.0752, -0.7837, 0.7902, -1.1198, 1.1246, -1.3162|1220
52|0.6381, -1.5188, -1.0766, -0.7887, 0.7816, -1.1155, 1.1194, -1.3093|500
53|0.6372, -1.5164, -1.0757, -0.7857, 0.7853, -1.1262, 1.1190, -1.3121|200
54|0.6364, -1.5230, -1.0780, -0.7855, 0.7808, -1.1205, 1.1161, -1.3102|500
55|0.6364, -1.5292, -1.0713, -0.7801, 0.7750, -1.1139, 1.1170, -1.3122|1280
56|0.6416, -1.5282, -1.0652, -0.7843, 0.7726, -1.1110, 1.1144, -1.3042|600
57|0.6446, -1.5299, -1.0644, -0.7877, 0.7762, -1.1191, 1.1126, -1.2985|180
58|0.6422, -1.5332, -1.0702, -0.7843, 0.7660, -1.1177, 1.1158, -1.2940|340
59|0.6510, -1.5374, -1.0655, -0.7885, 0.7617, -1.1183, 1.1200, -1.2927|1720
60|0.6538, -1.5338, -1.0588, -0.7951, 0.7612, -1.1191, 1.1153, -1.2913|500
61|0.6563, -1.5331, -1.0608, -0.7998, 0.7558, -1.1214, 1.1046, -1.2885|360
62|0.6669, -1.5452, -1.0642, -0.7963, 0.7579, -1.1263, 1.1046, -1.2906|1120
63|0.6747, -1.5471, -1.0667, -0.7917, 0.7453, -1.1247, 1.1059, -1.2883|320
64|0.6704, -1.5506, -1.0646, -0.7956, 0.7409, -1.1195, 1.1039, -1.2849|1820
65|0.6724, -1.5534, -1.0685, -0.7990, 0.7329, -1.1125, 1.1045, -1.2801|1020
66|0.6659, -1.5551, -1.0656, -0.8062, 0.7287, -1.1184, 1.1040, -1.2763|540
67|0.6691, -1.5585, -1.0613, -0.8063, 0.7426, -1.1171, 1.1013, -1.2787|1900
68|0.6730, -1.5592, -1.0739, -0.8087, 0.7369, -1.1237, 1.1045, -1.2776|2280
69|0.6732, -1.5591, -1.0707, -0.8045, 0.7384, -1.1306, 1.1028, -1.2673|760
70|0.6743, -1.5606, -1.0659, -0.8044, 0.7389, -1.1358, 1.1018, -1.2621|260
71|0.6737, -1.5707, -1.0645, -0.8089, 0.7337, -1.1415, 1.1054, -1.2649|920
72|0.6725, -1.5792, -1.0607, -0.8131, 0.7416, -1.1368, 1.1047, -1.2638|1220
73|0.6766, -1.5866, -1.0555, -0.8175, 0.7439, -1.1298, 1.0997, -1.2656|480
74|0.6766, -1.5840, -1.0521, -0.8160, 0.7444, -1.1336, 1.0984, -1.2560|780
75|0.6732, -1.5923, -1.0574, -0.8246, 0.7348, -1.1339, 1.0956, -1.2614|1660
76|0.6751, -1.6011, -1.0512, -0.8279, 0.7332, -1.1383, 1.0992, -1.2679|200
77|0.6798, -1.5985, -1.0465, -0.8289, 0.7296, -1.1338, 1.0947, -1.2657|400
78|0.6845, -1.6023, -1.0464, -0.8275, 0.7205, -1.1312, 1.0885, -1.2615|2320
79|0.6832, -1.6072, -1.0404, -0.8274, 0.7246, -1.1311, 1.0902, -1.2598|620
80|0.6813, -1.6042, -1.0434, -0.8233, 0.7218, -1.1308, 1.0824, -1.2608|1640
81|0.6824, -1.6030, -1.0335, -0.8309, 0.7172, -1.1288, 1.0814, -1.2635|840
82|0.6883, -1.6051, -1.0325, -0.8358, 0.7226, -1.1264, 1.0919, -1.2609|660
83|0.6901, -1.6137, -1.0287, -0.8406, 0.7228, -1.1244, 1.0959, -1.2615|980
84|0.6901, -1.6172, -1.0341, -0.8383, 0.7225, -1.1209, 1.0959, -1.2514|1320
85|0.6874, -1.6167, -1.0415, -0.8406, 0.7088, -1.1219, 1.0946, -1.2488|340
86|0.6857, -1.6185, -1.0491, -0.8337, 0.7122, -1.1222, 1.1002, -1.2529|820
87|0.6846, -1.6207, -1.0487, -0.8331, 0.7077, -1.1163, 1.0995, -1.2472|540
88|0.6835, -1.6266, -1.0436, -0.8293, 0.7023, -1.1155, 1.0988, -1.2487|700
89|0.6846, -1.6260, -1.0527, -0.8332, 0.6991, -1.1167, 1.0922, -1.2502|1820
90|0.6883, -1.6275, -1.0468, -0.8451, 0.6938, -1.1247, 1.0934, -1.2469|40
91|0.7063, -1.6372, -1.0491, -0.8453, 0.6840, -1.1162, 1.0919, -1.2510|1420
92|0.7036, -1.6445, -1.0502, -0.8470, 0.6749, -1.1097, 1.0894, -1.2430|1480
93|0.7098, -1.6444, -1.0459, -0.8544, 0.6665, -1.1072, 1.0848, -1.2431|940
94|0.7056, -1.6480, -1.0440, -0.8488, 0.6739, -1.1036, 1.0760, -1.2383|280
95|0.7099, -1.6558, -1.0480, -0.8504, 0.6705, -1.1016, 1.0758, -1.2303|400
96|0.7102, -1.6568, -1.0496, -0.8532, 0.6731, -1.0983, 1.0790, -1.2356|1140
97|0.7189, -1.6623, -1.0472, -0.8453, 0.6721, -1.0948, 1.0729, -1.2342|920
98|0.7262, -1.6549, -1.0471, -0.8370, 0.6716, -1.0995, 1.0705, -1.2376|840
99|0.7295, -1.6579, -1.0552, -0.8410, 0.6762, -1.0996, 1.0657, -1.2278|1120
