0|-0.6884, -0.3537, 0.1291, -0.6753, 0.8613, -0.3421, 0.7355, 0.1292|0
1|-0.6764, -0.3340, 0.0973, -0.7150, 0.8337, -0.3461, 0.7284, 0.1268|40
2|-0.6756, -0.3581, 0.0482, -0.7577, 0.7744, -0.3500, 0.7289, 0.1193|0
3|-0.6723, -0.4069, -0.0182, -0.7991, 0.7396, -0.3489, 0.7381, 0.1174|240
4|-0.6451, -0.4184, -0.0627, -0.8185, 0.6946, -0.3846, 0.7179, 0.0961|180
5|-0.6288, -0.4606, -0.0980, -0.8476, 0.6706, -0.4092, 0.7273, 0.1114|40
6|-0.6116, -0.5069, -0.1468, -0.8512, 0.6584, -0.3883, 0.7176, 0.0836|280
7|-0.6033, -0.5373, -0.2098, -0.8675, 0.6117, -0.4027, 0.7388, 0.0853|240
8|-0.6066, -0.5680, -0.2339, -0.8778, 0.5773, -0.3995, 0.7411, 0.0764|280
9|-0.5923, -0.5789, -0.2511, -0.8540, 0.5739, -0.3825, 0.7368, 0.0567|80
10|-0.5894, -0.6024, -0.2854, -0.8384, 0.5505, -0.3913, 0.7337, 0.0314|160
11|-0.5654, -0.6171, -0.2992, -0.8258, 0.5338, -0.4188, 0.7320, 0.0296|440
12|-0.5311, -0.6617, -0.3268, -0.8121, 0.5145, -0.4130, 0.7336, 0.0258|500
13|-0.4887, -0.6771, -0.3482, -0.8130, 0.5025, -0.4172, 0.7118, 0.0350|1520
14|-0.4769, -0.7037, -0.3509, -0.8433, 0.4833, -0.4063, 0.6989, 0.0540|440
15|-0.4385, -0.7166, -0.3798, -0.8117, 0.4865, -0.4118, 0.6834, 0.0347|380
16|-0.3973, -0.7378, -0.3947, -0.8214, 0.4884, -0.4021, 0.6905, 0.0534|640
17|-0.3875, -0.7409, -0.4176, -0.8244, 0.4777, -0.3879, 0.6791, 0.0699|260
18|-0.3781, -0.7393, -0.4425, -0.8258, 0.4663, -0.3906, 0.6845, 0.0931|380
19|-0.3632, -0.7644, -0.4477, -0.8015, 0.4351, -0.3936, 0.6836, 0.1028|1760
20|-0.3551, -0.7687, -0.4651, -0.7860, 0.4220, -0.4106, 0.6792, 0.0999|1140
21|-0.3126, -0.8197, -0.4962, -0.8018, 0.4220, -0.4171, 0.6790, 0.0947|1040
22|-0.3047, -0.8190, -0.5018, -0.8006, 0.4262, -0.4410, 0.6790, 0.0847|1060
23|-0.2986, -0.8200, -0.5346, -0.8012, 0.4051, -0.4515, 0.6689, 0.0770|880
24|-0.2975, -0.8302, -0.5181, -0.7704, 0.3674, -0.4419, 0.6547, 0.0677|860
25|-0.2538, -0.8360, -0.5314, -0.7700, 0.3630, -0.4253, 0.6344, 0.0632|1260
26|-0.2463, -0.8525, -0.5473, -0.7545, 0.3583, -0.4324, 0.6268, 0.0557|1360
27|-0.2270, -0.8846, -0.5572, -0.7372, 0.3363, -0.4285, 0.6649, 0.0430|780
28|-0.2087, -0.8937, -0.5776, -0.7207, 0.3360, -0.4283, 0.6652, 0.0510|40
29|-0.1940, -0.9095, -0.5881, -0.7453, 0.3407, -0.4066, 0.6636, 0.0666|1340
30|-0.1650, -0.9475, -0.5796, -0.7270, 0.3447, -0.3738, 0.6769, 0.0958|1020
31|-0.1656, -0.9840, -0.5794, -0.7268, 0.3357, -0.3706, 0.6553, 0.1282|500
32|-0.1593, -0.9719, -0.5838, -0.7238, 0.3250, -0.3720, 0.6600, 0.1338|360
33|-0.1417, -0.9790, -0.5738, -0.7338, 0.2965, -0.3634, 0.6425, 0.1399|3260
34|-0.1267, -1.0086, -0.5960, -0.7502, 0.3044, -0.3440, 0.6323, 0.1583|520
35|-0.1188, -1.0176, -0.6179, -0.7329, 0.2803, -0.3239, 0.6335, 0.1749|1700
36|-0.1127, -1.0339, -0.6130, -0.7294, 0.2859, -0.3220, 0.6099, 0.1678|880
37|-0.0909, -1.0337, -0.6032, -0.7186, 0.2858, -0.3366, 0.6038, 0.1798|860
38|-0.0795, -1.0585, -0.5907, -0.6993, 0.2931, -0.3451, 0.5815, 0.1687|1380
39|-0.0724, -1.0593, -0.5979, -0.6810, 0.2638, -0.3411, 0.5679, 0.1635|880
40|-0.0569, -1.0809, -0.5830, -0.6667, 0.2496, -0.3115, 0.5829, 0.1637|200
41|-0.0340, -1.1226, -0.5769, -0.6366, 0.2472, -0.3065, 0.5756, 0.1707|3940
42|-0.0227, -1.1593, -0.5691, -0.6358, 0.2556, -0.3040, 0.5621, 0.1591|2640
43|-0.0251, -1.1522, -0.5856, -0.6281, 0.2270, -0.2854, 0.5553, 0.1462|3300
44|-0.0193, -1.1863, -0.5871, -0.5936, 0.2071, -0.2716, 0.5444, 0.1526|3160
45|0.0009, -1.2064, -0.5713, -0.5828, 0.2378, -0.2540, 0.5550, 0.1648|200
46|-0.0113, -1.2359, -0.5434, -0.5839, 0.2158, -0.2530, 0.5530, 0.1262|1880
47|0.0066, -1.2438, -0.5454, -0.5764, 0.2044, -0.2433, 0.5970, 0.1272|500
48|-0.0081, -1.2476, -0.5389, -0.5755, 0.1908, -0.2544, 0.5921, 0.1397|560
49|-0.0090, -1.2594, -0.5426, -0.5701, 0.1726, -0.2320, 0.6005, 0.1737|2620
50|-0.0276, -1.2550, -0.5385, -0.5781, 0.1682, -0.2265, 0.5849, 0.1861|940
51|-0.0180, -1.2672, -0.5386, -0.6087, 0.1907, -0.1841, 0.5920, 0.1878|3060
52|-0.0269, -1.2756, -0.5357, -0.6034, 0.1805, -0.1860, 0.5625, 0.1948|1840
53|-0.0097, -1.2982, -0.5597, -0.6015, 0.1837, -0.1818, 0.5531, 0.1899|1660
54|0.0414, -1.3055, -0.5378, -0.5881, 0.1890, -0.1860, 0.5389, 0.1790|1080
55|0.0546, -1.2744, -0.5359, -0.5724, 0.1986, -0.1774, 0.5286, 0.1987|2540
56|0.0324, -1.2909, -0.5165, -0.5560, 0.1868, -0.1833, 0.5081, 0.1732|500
57|0.0428, -1.3389, -0.5044, -0.5709, 0.1838, -0.1514, 0.5171, 0.1844|1780
58|0.0554, -1.3632, -0.5028, -0.5803, 0.1899, -0.1365, 0.4997, 0.1872|1920
59|0.0752, -1.4099, -0.5088, -0.5690, 0.1852, -0.1227, 0.4580, 0.1628|800
60|0.0934, -1.4378, -0.5043, -0.5530, 0.1774, -0.0915, 0.4468, 0.1579|1620
61|0.0928, -1.4106, -0.4767, -0.5434, 0.2006, -0.0876, 0.4213, 0.1209|4100
62|0.1220, -1.4304, -0.4602, -0.5312, 0.1777, -0.0953, 0.4211, 0.1152|1620
63|0.1322, -1.4294, -0.4640, -0.5186, 0.1771, -0.0763, 0.4203, 0.0885|3180
64|0.1238, -1.4513, -0.4483, -0.5399, 0.1825, -0.0620, 0.4182, 0.1030|2320
65|0.1221, -1.4884, -0.4568, -0.5415, 0.2096, -0.0390, 0.4161, 0.0925|1060
66|0.1264, -1.5156, -0.4326, -0.5333, 0.1881, -0.0236, 0.4088, 0.1031|6200
67|0.1638, -1.5159, -0.4107, -0.5169, 0.1764, -0.0116, 0.3960, 0.1007|4740
68|0.1643, -1.5216, -0.3901, -0.4978, 0.1657, -0.0091, 0.3741, 0.1012|3220
69|0.1955, -1.5226, -0.3654, -0.4709, 0.1551, -0.0123, 0.3648, 0.0951|780
70|0.2014, -1.5682, -0.3533, -0.4785, 0.1338, -0.0078, 0.3268, 0.1044|1420
71|0.2296, -1.5913, -0.3491, -0.4803, 0.1133, 0.0138, 0.3208, 0.1048|13440
72|0.2391, -1.6107, -0.3260, -0.4685, 0.1004, 0.0203, 0.3102, 0.1047|2600
73|0.2487, -1.6146, -0.3080, -0.4440, 0.1004, 0.0466, 0.2864, 0.1123|2020
74|0.2592, -1.6336, -0.2685, -0.4460, 0.0912, 0.0749, 0.2482, 0.1282|3820
75|0.2695, -1.6566, -0.2150, -0.4218, 0.0953, 0.0780, 0.2320, 0.1676|12380
76|0.2756, -1.6468, -0.1879, -0.4075, 0.0745, 0.0803, 0.2323, 0.1589|5240
77|0.3077, -1.6617, -0.1835, -0.3878, 0.0686, 0.0753, 0.2346, 0.1511|1120
78|0.3364, -1.6866, -0.1741, -0.3796, 0.0780, 0.0784, 0.2099, 0.1406|4700
79|0.3396, -1.7084, -0.1563, -0.3459, 0.0771, 0.0763, 0.1811, 0.1513|18080
80|0.3542, -1.7488, -0.1426, -0.3598, 0.0490, 0.0709, 0.1881, 0.1500|52960
81|0.3794, -1.7970, -0.1237, -0.3386, 0.0607, 0.0781, 0.1811, 0.1335|94340
82|0.4196, -1.8054, -0.1141, -0.3350, 0.0647, 0.0792, 0.1401, 0.1109|46280
83|0.4478, -1.8203, -0.1209, -0.3237, 0.0399, 0.0718, 0.1220, 0.1363|48280
84|0.4463, -1.8192, -0.1005, -0.3020, 0.0215, 0.0576, 0.1242, 0.1297|150940
85|0.4563, -1.8216, -0.0784, -0.2888, 0.0203, 0.0650, 0.1226, 0.1080|216620
86|0.4722, -1.8107, -0.0667, -0.2809, -0.0058, 0.0652, 0.1130, 0.1110|85720
87|0.4579, -1.8322, -0.0835, -0.2926, -0.0094, 0.0556, 0.1010, 0.1371|28660
88|0.4574, -1.8456, -0.0663, -0.2771, -0.0092, 0.0541, 0.1013, 0.1551|96920
89|0.4687, -1.8393, -0.0680, -0.2686, -0.0204, 0.0365, 0.0899, 0.1556|283840
90|0.4726, -1.8381, -0.0717, -0.2734, -0.0236, 0.0366, 0.0660, 0.1417|18240
91|0.4739, -1.8526, -0.0759, -0.2805, -0.0199, 0.0432, 0.0549, 0.1537|1023960
92|0.4704, -1.8634, -0.1033, -0.2845, -0.0151, 0.0323, 0.0631, 0.1666|26320
93|0.4750, -1.8894, -0.0895, -0.2757, -0.0205, 0.0170, 0.0692, 0.1655|606740
94|0.4670, -1.9144, -0.0953, -0.2938, -0.0200, 0.0203, 0.0610, 0.1774|170660
95|0.5026, -1.9088, -0.0663, -0.2882, -0.0379, 0.0253, 0.0569, 0.1689|33000
96|0.5338, -1.9311, -0.0793, -0.2758, -0.0530, 0.0374, 0.0579, 0.1741|469660
97|0.5385, -1.9418, -0.0744, -0.2788, -0.0394, 0.0423, 0.0419, 0.1637|212980
98|0.5520, -1.9660, -0.0691, -0.2516, -0.0366, 0.0308, 0.0165, 0.1657|167780
99|0.5682, -1.9761, -0.0624, -0.2557, -0.0239, 0.0373, 0.0023, 0.1500|821080
