0|0.1898, 0.2817, -0.4727, -1.4577, 0.9683, -1.4492, -0.8206, 0.4509|120
1|0.1942, 0.2825, -0.4703, -1.4562, 0.9614, -1.4452, -0.8145, 0.4483|160
2|0.1924, 0.2934, -0.4709, -1.4489, 0.9639, -1.4471, -0.8114, 0.4464|240
3|0.1948, 0.2943, -0.4724, -1.4554, 0.9614, -1.4472, -0.8111, 0.4577|200
4|0.1929, 0.2954, -0.4751, -1.4515, 0.9598, -1.4480, -0.8064, 0.4566|80
5|0.1998, 0.2902, -0.4883, -1.4497, 0.9645, -1.4450, -0.8003, 0.4516|320
6|0.1959, 0.2873, -0.4913, -1.4578, 0.9526, -1.4334, -0.7924, 0.4512|220
7|0.1991, 0.2886, -0.4941, -1.4562, 0.9473, -1.4322, -0.7927, 0.4520|120
8|0.2064, 0.2888, -0.4978, -1.4560, 0.9498, -1.4291, -0.8005, 0.4529|400
9|0.2173, 0.2825, -0.5022, -1.4541, 0.9471, -1.4397, -0.7958, 0.4567|340
10|0.2165, 0.2758, -0.5085, -1.4575, 0.9489, -1.4374, -0.7985, 0.4511|360
11|0.2235, 0.2762, -0.5044, -1.4550, 0.9513, -1.4318, -0.7958, 0.4530|380
12|0.2229, 0.2636, -0.5047, -1.4519, 0.9464, -1.4349, -0.8003, 0.4495|40
13|0.2272, 0.2554, -0.5047, -1.4461, 0.9559, -1.4374, -0.7856, 0.4395|540
14|0.2196, 0.2594, -0.5128, -1.4445, 0.9500, -1.4360, -0.7764, 0.4303|240
15|0.2159, 0.2549, -0.5202, -1.4498, 0.9510, -1.4249, -0.7819, 0.4343|660
16|0.2211, 0.2515, -0.5281, -1.4492, 0.9475, -1.4224, -0.7922, 0.4327|400
17|0.2183, 0.2565, -0.5247, -1.4536, 0.9475, -1.4158, -0.7897, 0.4339|220
18|0.2166, 0.2557, -0.5259, -1.4600, 0.9417, -1.4138, -0.7933, 0.4322|140
19|0.2208, 0.2593, -0.5427, -1.4582, 0.9343, -1.4090, -0.7952, 0.4366|80
20|0.2267, 0.2582, -0.5417, -1.4624, 0.9304, -1.4153, -0.7847, 0.4362|100
21|0.2332, 0.2571, -0.5447, -1.4521, 0.9330, -1.4240, -0.7845, 0.4337|160
22|0.2380, 0.2577, -0.5489, -1.4465, 0.9358, -1.4244, -0.7872, 0.4319|320
23|0.2379, 0.2567, -0.5588, -1.4454, 0.9352, -1.4247, -0.7991, 0.4347|360
24|0.2462, 0.2404, -0.5548, -1.4544, 0.9408, -1.4169, -0.8093, 0.4364|120
25|0.2437, 0.2497, -0.5613, -1.4503, 0.9459, -1.4240, -0.8084, 0.4418|320
26|0.2468, 0.2522, -0.5689, -1.4520, 0.9408, -1.4319, -0.8001, 0.4418|0
27|0.2429, 0.2512, -0.5707, -1.4482, 0.9424, -1.4306, -0.8114, 0.4292|360
28|0.2486, 0.2480, -0.5732, -1.4466, 0.9458, -1.4274, -0.8065, 0.4312|40
29|0.2484, 0.2375, -0.5847, -1.4449, 0.9488, -1.4312, -0.8093, 0.4387|520
30|0.2480, 0.2325, -0.5925, -1.4391, 0.9519, -1.4272, -0.8092, 0.4326|480
31|0.2419, 0.2325, -0.5970, -1.4378, 0.9565, -1.4249, -0.8054, 0.4283|200
32|0.2410, 0.2289, -0.5963, -1.4395, 0.9498, -1.4218, -0.7963, 0.4272|400
33|0.2459, 0.2262, -0.6024, -1.4357, 0.9492, -1.4288, -0.8032, 0.4283|160
34|0.2364, 0.2192, -0.6098, -1.4429, 0.9363, -1.4320, -0.8061, 0.4278|320
35|0.2420, 0.2139, -0.6083, -1.4482, 0.9391, -1.4309, -0.8018, 0.4222|200
36|0.2312, 0.2031, -0.6064, -1.4368, 0.9355, -1.4353, -0.8033, 0.4188|700
37|0.2269, 0.2013, -0.6122, -1.4394, 0.9377, -1.4322, -0.8103, 0.4214|40
38|0.2205, 0.2044, -0.6159, -1.4489, 0.9396, -1.4316, -0.8126, 0.4173|600
39|0.2109, 0.1986, -0.6145, -1.4447, 0.9377, -1.4328, -0.8091, 0.4179|420
40|0.2123, 0.2013, -0.6155, -1.4442, 0.9307, -1.4299, -0.8175, 0.4219|500
41|0.2113, 0.1968, -0.6169, -1.4532, 0.9277, -1.4339, -0.8208, 0.4188|200
42|0.2111, 0.1947, -0.6227, -1.4541, 0.9349, -1.4291, -0.8085, 0.4187|120
43|0.2120, 0.1976, -0.6196, -1.4577, 0.9322, -1.4331, -0.8062, 0.4151|240
44|0.2121, 0.1927, -0.6236, -1.4533, 0.9270, -1.4307, -0.7970, 0.4112|440
45|0.2202, 0.1914, -0.6226, -1.4627, 0.9364, -1.4181, -0.7983, 0.4039|160
46|0.2237, 0.1973, -0.6265, -1.4660, 0.9355, -1.4234, -0.7991, 0.4106|160
47|0.2267, 0.1988, -0.6362, -1.4660, 0.9311, -1.4187, -0.7946, 0.4181|540
48|0.2210, 0.2008, -0.6407, -1.4679, 0.9207, -1.4089, -0.7871, 0.4172|40
49|0.2136, 0.1864, -0.6378, -1.4591, 0.9101, -1.4051, -0.7850, 0.4343|440
50|0.2164, 0.1826, -0.6451, -1.4622, 0.9046, -1.4002, -0.7880, 0.4371|80
51|0.2232, 0.1784, -0.6494, -1.4513, 0.8973, -1.3962, -0.7926, 0.4294|440
52|0.2220, 0.1757, -0.6511, -1.4460, 0.8867, -1.3998, -0.7993, 0.4334|240
53|0.2256, 0.1789, -0.6587, -1.4403, 0.8924, -1.3946, -0.8034, 0.4365|580
54|0.2140, 0.1789, -0.6676, -1.4324, 0.8938, -1.3852, -0.7938, 0.4398|700
55|0.2074, 0.1772, -0.6704, -1.4419, 0.8937, -1.3836, -0.7927, 0.4357|120
56|0.2167, 0.1788, -0.6773, -1.4376, 0.9012, -1.3759, -0.7936, 0.4348|240
57|0.2145, 0.1765, -0.6669, -1.4413, 0.8943, -1.3816, -0.7874, 0.4312|280
58|0.2150, 0.1776, -0.6672, -1.4437, 0.8885, -1.3855, -0.7828, 0.4298|420
59|0.2140, 0.1723, -0.6730, -1.4357, 0.8742, -1.3748, -0.7733, 0.4310|260
60|0.2178, 0.1737, -0.6738, -1.4397, 0.8818, -1.3747, -0.7643, 0.4309|360
61|0.2181, 0.1674, -0.6818, -1.4308, 0.8772, -1.3761, -0.7641, 0.4254|240
62|0.2181, 0.1614, -0.6777, -1.4314, 0.8827, -1.3697, -0.7674, 0.4360|480
63|0.2248, 0.1415, -0.6924, -1.4310, 0.8807, -1.3539, -0.7611, 0.4356|200
64|0.2167, 0.1439, -0.6987, -1.4237, 0.8740, -1.3634, -0.7680, 0.4367|540
65|0.2228, 0.1397, -0.6994, -1.4272, 0.8665, -1.3739, -0.7727, 0.4459|340
66|0.2192, 0.1352, -0.7058, -1.4273, 0.8683, -1.3746, -0.7777, 0.4507|280
67|0.2163, 0.1397, -0.7117, -1.4259, 0.8662, -1.3800, -0.7800, 0.4562|360
68|0.2264, 0.1361, -0.7023, -1.4322, 0.8661, -1.3718, -0.7783, 0.4559|560
69|0.2277, 0.1370, -0.6962, -1.4383, 0.8626, -1.3708, -0.7760, 0.4558|80
70|0.2300, 0.1416, -0.6993, -1.4480, 0.8546, -1.3670, -0.7750, 0.4512|40
71|0.2252, 0.1352, -0.7001, -1.4494, 0.8451, -1.3735, -0.7776, 0.4545|320
72|0.2216, 0.1364, -0.6960, -1.4549, 0.8454, -1.3683, -0.7762, 0.4527|340
73|0.2181, 0.1422, -0.6946, -1.4514, 0.8394, -1.3681, -0.7730, 0.4574|200
74|0.2233, 0.1409, -0.6982, -1.4399, 0.8329, -1.3610, -0.7675, 0.4569|280
75|0.2236, 0.1379, -0.7037, -1.4373, 0.8343, -1.3623, -0.7652, 0.4604|80
76|0.2228, 0.1375, -0.7063, -1.4358, 0.8377, -1.3617, -0.7655, 0.4568|280
77|0.2263, 0.1408, -0.7072, -1.4385, 0.8380, -1.3614, -0.7629, 0.4621|580
78|0.2228, 0.1332, -0.7156, -1.4482, 0.8381, -1.3518, -0.7672, 0.4653|240
79|0.2173, 0.1361, -0.7187, -1.4439, 0.8431, -1.3538, -0.7674, 0.4601|0
80|0.2179, 0.1348, -0.7130, -1.4414, 0.8351, -1.3493, -0.7611, 0.4554|340
81|0.2150, 0.1351, -0.7012, -1.4383, 0.8350, -1.3475, -0.7622, 0.4534|240
82|0.2154, 0.1255, -0.7092, -1.4393, 0.8285, -1.3517, -0.7607, 0.4444|160
83|0.2089, 0.1284, -0.7061, -1.4482, 0.8263, -1.3438, -0.7593, 0.4474|220
84|0.2082, 0.1326, -0.7132, -1.4476, 0.8229, -1.3463, -0.7651, 0.4567|280
85|0.2089, 0.1273, -0.7181, -1.4480, 0.8238, -1.3432, -0.7649, 0.4550|320
86|0.2078, 0.1263, -0.7144, -1.4482, 0.8159, -1.3342, -0.7602, 0.4610|120
87|0.2080, 0.1198, -0.7193, -1.4591, 0.8242, -1.3317, -0.7630, 0.4628|380
88|0.2032, 0.1198, -0.7276, -1.4542, 0.8271, -1.3210, -0.7622, 0.4671|600
89|0.1936, 0.1187, -0.7380, -1.4514, 0.8285, -1.3204, -0.7582, 0.4692|80
90|0.1905, 0.1230, -0.7457, -1.4375, 0.8281, -1.3196, -0.7635, 0.4720|400
91|0.1933, 0.1244, -0.7461, -1.4385, 0.8293, -1.3129, -0.7705, 0.4752|160
92|0.1985, 0.1356, -0.7512, -1.4365, 0.8290, -1.3076, -0.7706, 0.4782|80
93|0.2081, 0.1289, -0.7547, -1.4348, 0.8209, -1.3031, -0.7804, 0.4797|400
94|0.2086, 0.1302, -0.7553, -1.4319, 0.8299, -1.2939, -0.7789, 0.4762|900
95|0.2145, 0.1288, -0.7601, -1.4255, 0.8319, -1.2952, -0.7780, 0.4744|160
96|0.2127, 0.1287, -0.7612, -1.4322, 0.8278, -1.2978, -0.7780, 0.4736|560
97|0.2030, 0.1300, -0.7615, -1.4293, 0.8266, -1.3097, -0.7701, 0.4795|520
98|0.2056, 0.1318, -0.7568, -1.4296, 0.8236, -1.3085, -0.7714, 0.4810|680
99|0.2115, 0.1310, -0.7605, -1.4367, 0.8177, -1.3153, -0.7684, 0.4901|580
