0|0.4497, -1.4919, -1.2387, -1.0317, 0.8613, 0.1154, -0.5717, 0.8727|340
1|0.4491, -1.5078, -1.2379, -1.0565, 0.8570, 0.1100, -0.5533, 0.8605|180
2|0.4646, -1.5233, -1.2291, -1.0799, 0.8328, 0.1071, -0.5428, 0.8679|440
3|0.4685, -1.5155, -1.2288, -1.0902, 0.8274, 0.0949, -0.5497, 0.8604|0
4|0.4806, -1.5096, -1.2272, -1.0958, 0.8033, 0.1056, -0.5263, 0.8716|580
5|0.4905, -1.5203, -1.2300, -1.1162, 0.7911, 0.1094, -0.5249, 0.8775|1540
6|0.4928, -1.5328, -1.2161, -1.1448, 0.7837, 0.1115, -0.5246, 0.8716|1920
7|0.5065, -1.5446, -1.2169, -1.1666, 0.7663, 0.1151, -0.5344, 0.8602|660
8|0.5167, -1.5550, -1.2210, -1.1819, 0.7661, 0.1037, -0.5310, 0.8562|480
9|0.5100, -1.5509, -1.2180, -1.1867, 0.7480, 0.0987, -0.5096, 0.8580|1700
10|0.5176, -1.5583, -1.2140, -1.2022, 0.7387, 0.0908, -0.5046, 0.8498|520
11|0.5334, -1.5747, -1.2241, -1.2009, 0.7368, 0.0874, -0.5069, 0.8390|780
12|0.5365, -1.5684, -1.2118, -1.1979, 0.7242, 0.0852, -0.4842, 0.8335|360
13|0.5629, -1.5734, -1.2139, -1.2028, 0.7230, 0.0882, -0.4654, 0.8291|2080
14|0.5756, -1.5745, -1.2319, -1.2092, 0.7037, 0.0918, -0.4629, 0.8227|3060
15|0.5987, -1.5860, -1.2381, -1.1978, 0.6859, 0.1002, -0.4643, 0.7979|120
16|0.6010, -1.5862, -1.2217, -1.1916, 0.6667, 0.1102, -0.4612, 0.7878|1300
17|0.6086, -1.6095, -1.1987, -1.2034, 0.6644, 0.1290, -0.4556, 0.7848|40
18|0.6030, -1.6175, -1.2090, -1.2159, 0.6581, 0.1065, -0.4502, 0.7850|2780
19|0.6126, -1.6248, -1.2088, -1.2209, 0.6395, 0.1043, -0.4469, 0.7864|4920
20|0.6168, -1.6386, -1.1985, -1.2379, 0.6307, 0.0923, -0.4296, 0.7780|1640
21|0.6169, -1.6357, -1.1713, -1.2281, 0.6267, 0.0881, -0.4218, 0.7739|2480
22|0.6155, -1.6334, -1.1704, -1.2327, 0.6220, 0.1012, -0.4165, 0.7697|160
23|0.6117, -1.6533, -1.1830, -1.2278, 0.6298, 0.1002, -0.4035, 0.7820|1600
24|0.6153, -1.6429, -1.1767, -1.2200, 0.6188, 0.0911, -0.3945, 0.7698|300
25|0.6195, -1.6551, -1.1448, -1.2216, 0.6025, 0.0918, -0.3942, 0.7707|540
26|0.6290, -1.6703, -1.1451, -1.2239, 0.5965, 0.1133, -0.3930, 0.7709|1720
27|0.6083, -1.6857, -1.1414, -1.2099, 0.5863, 0.1060, -0.4050, 0.7767|460
28|0.6200, -1.6961, -1.1354, -1.1992, 0.5645, 0.1158, -0.3894, 0.7838|80
29|0.6310, -1.7035, -1.1392, -1.1918, 0.5561, 0.1113, -0.3814, 0.7893|380
30|0.6382, -1.7045, -1.1388, -1.1921, 0.5425, 0.1140, -0.3694, 0.7751|160
31|0.6649, -1.7259, -1.1328, -1.1806, 0.5276, 0.1242, -0.3618, 0.7806|860
32|0.6530, -1.7323, -1.1225, -1.1885, 0.5279, 0.1058, -0.3561, 0.7632|40
33|0.6580, -1.7343, -1.1222, -1.1840, 0.5267, 0.1075, -0.3615, 0.7611|480
34|0.6666, -1.7432, -1.1108, -1.1922, 0.5320, 0.1180, -0.3508, 0.7637|520
35|0.6898, -1.7581, -1.0978, -1.1993, 0.5135, 0.1335, -0.3577, 0.7739|3960
36|0.6984, -1.7672, -1.0911, -1.2076, 0.5165, 0.1220, -0.3485, 0.7755|740
37|0.6900, -1.7682, -1.0764, -1.2041, 0.4983, 0.1016, -0.3537, 0.7621|3800
38|0.7051, -1.7713, -1.0709, -1.2159, 0.4923, 0.1055, -0.3527, 0.7683|2360
39|0.7206, -1.7654, -1.0618, -1.2213, 0.4835, 0.1117, -0.3544, 0.7721|540
40|0.7044, -1.7474, -1.0453, -1.2252, 0.4880, 0.1111, -0.3338, 0.7792|3640
41|0.6997, -1.7553, -1.0628, -1.1931, 0.4872, 0.1203, -0.3236, 0.7740|4920
42|0.7138, -1.7549, -1.0672, -1.1837, 0.4547, 0.1227, -0.3158, 0.7713|1580
43|0.7126, -1.7641, -1.0701, -1.1773, 0.4603, 0.1207, -0.3105, 0.7619|2200
44|0.7078, -1.7813, -1.0837, -1.1931, 0.4498, 0.1250, -0.3135, 0.7554|3420
45|0.7036, -1.7653, -1.0683, -1.1717, 0.4469, 0.1145, -0.3111, 0.7696|3380
46|0.7078, -1.7606, -1.0699, -1.1712, 0.4230, 0.1112, -0.3071, 0.7557|880
47|0.7113, -1.7531, -1.0684, -1.1869, 0.4111, 0.1028, -0.3145, 0.7512|1360
48|0.7063, -1.7571, -1.0544, -1.1831, 0.4060, 0.0923, -0.3111, 0.7323|420
49|0.7125, -1.7698, -1.0450, -1.1693, 0.3905, 0.0745, -0.3113, 0.7418|3680
50|0.7285, -1.7803, -1.0535, -1.1842, 0.3810, 0.0605, -0.3010, 0.7342|300
51|0.7484, -1.7836, -1.0376, -1.1684, 0.3626, 0.0561, -0.2968, 0.7422|2000
52|0.7711, -1.7873, -1.0352, -1.1722, 0.3479, 0.0520, -0.2972, 0.7244|2940
53|0.7842, -1.7930, -1.0139, -1.1706, 0.3405, 0.0626, -0.2871, 0.7257|3940
54|0.7868, -1.8075, -0.9979, -1.1587, 0.3562, 0.0468, -0.2814, 0.7260|540
55|0.7779, -1.8194, -0.9879, -1.1594, 0.3546, 0.0519, -0.2618, 0.7368|1320
56|0.8040, -1.8341, -0.9655, -1.1543, 0.3663, 0.0692, -0.2690, 0.7392|2080
57|0.8057, -1.8573, -0.9652, -1.1430, 0.3531, 0.0784, -0.2561, 0.7260|1220
58|0.7999, -1.8570, -0.9523, -1.1468, 0.3336, 0.0938, -0.2655, 0.7267|4860
59|0.8173, -1.8706, -0.9435, -1.1281, 0.3268, 0.1025, -0.2680, 0.7369|2060
60|0.8227, -1.8707, -0.9445, -1.1245, 0.3107, 0.1036, -0.2748, 0.7219|3680
61|0.8293, -1.8860, -0.9454, -1.1200, 0.3125, 0.0929, -0.2674, 0.7242|2300
62|0.8486, -1.8981, -0.9530, -1.1181, 0.2950, 0.0793, -0.2739, 0.7278|3220
63|0.8451, -1.8979, -0.9479, -1.1140, 0.3108, 0.0749, -0.2668, 0.7381|360
64|0.8502, -1.9108, -0.9403, -1.1159, 0.3097, 0.0825, -0.2528, 0.7379|920
65|0.8547, -1.9215, -0.9485, -1.1097, 0.3049, 0.1001, -0.2474, 0.7410|6460
66|0.8359, -1.9155, -0.9314, -1.1038, 0.2799, 0.1094, -0.2267, 0.7292|520
67|0.8358, -1.9214, -0.9092, -1.1190, 0.2851, 0.1049, -0.2376, 0.7173|2720
68|0.8422, -1.9257, -0.8973, -1.1244, 0.2787, 0.1067, -0.2282, 0.7070|10280
69|0.8373, -1.9219, -0.8885, -1.1109, 0.2680, 0.1184, -0.2245, 0.7107|1520
70|0.8510, -1.9398, -0.8810, -1.1075, 0.2528, 0.1267, -0.2260, 0.6992|640
71|0.8455, -1.9639, -0.8769, -1.0932, 0.2506, 0.1274, -0.2359, 0.6999|4460
72|0.8419, -1.9547, -0.8765, -1.0947, 0.2360, 0.1208, -0.2346, 0.6928|5740
73|0.8348, -1.9559, -0.8719, -1.0885, 0.2308, 0.1299, -0.2198, 0.6578|3520
74|0.8304, -1.9589, -0.8713, -1.0699, 0.2356, 0.1388, -0.2068, 0.6523|860
75|0.8401, -1.9795, -0.8562, -1.0645, 0.2315, 0.1500, -0.1999, 0.6532|4660
76|0.8352, -1.9712, -0.8533, -1.0623, 0.2204, 0.1544, -0.1797, 0.6487|4460
77|0.8175, -1.9744, -0.8418, -1.0562, 0.2193, 0.1611, -0.1843, 0.6609|5020
78|0.8300, -1.9916, -0.8376, -1.0394, 0.2145, 0.1614, -0.1898, 0.6749|17840
79|0.8352, -1.9918, -0.8442, -1.0318, 0.2110, 0.1697, -0.1851, 0.6832|4100
80|0.8329, -2.0017, -0.8461, -1.0188, 0.1956, 0.1801, -0.1714, 0.6923|8240
81|0.8371, -2.0101, -0.8370, -0.9963, 0.1954, 0.1691, -0.1826, 0.6912|3660
82|0.8470, -2.0266, -0.8333, -0.9905, 0.1909, 0.1815, -0.1683, 0.6935|10260
83|0.8394, -2.0394, -0.8357, -0.9686, 0.1848, 0.1759, -0.1577, 0.6886|6220
84|0.8459, -2.0372, -0.8320, -0.9716, 0.1812, 0.1728, -0.1570, 0.6802|2480
85|0.8499, -2.0575, -0.8243, -0.9681, 0.1972, 0.1630, -0.1452, 0.6975|9080
86|0.8412, -2.0666, -0.8104, -0.9555, 0.1937, 0.1627, -0.1453, 0.7024|11820
87|0.8581, -2.0936, -0.7829, -0.9534, 0.1808, 0.1647, -0.1358, 0.7084|1060
88|0.8531, -2.1122, -0.7713, -0.9352, 0.1887, 0.1701, -0.1211, 0.7134|2300
89|0.8607, -2.1334, -0.7783, -0.9255, 0.1732, 0.1755, -0.1039, 0.7109|860
90|0.8564, -2.1496, -0.7629, -0.9102, 0.1642, 0.1833, -0.0798, 0.6979|2400
91|0.8530, -2.1581, -0.7530, -0.8911, 0.1680, 0.2095, -0.0588, 0.6867|520
92|0.8531, -2.1760, -0.7317, -0.8691, 0.1672, 0.1972, -0.0589, 0.6768|6220
93|0.8463, -2.1783, -0.7254, -0.8484, 0.1533, 0.2007, -0.0692, 0.6702|10320
94|0.8592, -2.1983, -0.7111, -0.8411, 0.1529, 0.1943, -0.0561, 0.6696|9520
95|0.8595, -2.2083, -0.7068, -0.8368, 0.1385, 0.1959, -0.0384, 0.6574|720
96|0.8506, -2.2292, -0.6821, -0.8233, 0.1626, 0.1833, -0.0317, 0.6492|3160
97|0.8555, -2.2725, -0.6596, -0.8341, 0.1587, 0.1633, -0.0314, 0.6383|18280
98|0.8617, -2.2751, -0.6471, -0.8101, 0.1728, 0.1622, -0.0115, 0.6459|2040
99|0.8692, -2.2811, -0.6179, -0.8083, 0.1654, 0.1749, 0.0015, 0.6433|7240
