0|-1.1261, 1.0850, 0.6211, -0.4604, -0.4964, -0.3946, -0.7168, -0.9184|0
1|-1.0737, 1.1410, 0.5527, -0.5074, -0.4388, -0.4060, -0.6094, -0.9185|0
2|-1.0797, 1.1025, 0.5250, -0.5671, -0.4521, -0.3993, -0.6072, -0.9069|0
3|-1.1116, 1.1321, 0.4584, -0.6723, -0.4639, -0.5252, -0.5983, -0.8355|0
4|-1.0678, 1.1747, 0.3637, -0.7434, -0.4766, -0.5871, -0.6684, -0.7980|0
5|-1.0344, 1.1613, 0.2035, -0.7540, -0.4683, -0.6967, -0.6234, -0.8347|160
6|-1.0166, 1.0833, 0.0956, -0.7686, -0.5183, -0.6781, -0.5973, -0.8613|40
7|-1.0356, 1.0997, -0.0677, -0.8029, -0.5268, -0.7211, -0.5873, -0.8786|40
8|-1.0383, 1.0588, -0.1890, -0.8443, -0.5765, -0.7817, -0.4929, -0.8574|240
9|-0.9134, 1.0033, -0.3095, -0.9419, -0.5302, -0.7554, -0.4788, -0.8264|200
10|-0.9053, 0.9955, -0.4670, -0.9184, -0.5784, -0.7107, -0.4757, -0.7741|280
11|-0.8357, 0.9778, -0.5730, -0.8748, -0.6224, -0.6847, -0.4232, -0.7074|120
12|-0.7770, 0.9596, -0.6100, -0.9532, -0.6625, -0.7267, -0.3276, -0.7595|80
13|-0.7509, 0.9096, -0.6537, -0.9152, -0.6843, -0.7642, -0.3801, -0.6451|80
14|-0.7834, 0.8095, -0.7780, -0.8915, -0.6955, -0.7583, -0.2832, -0.6465|120
15|-0.7085, 0.8299, -0.8808, -0.9635, -0.7750, -0.7069, -0.2516, -0.6543|120
16|-0.6634, 0.7672, -0.8980, -0.8796, -0.7882, -0.6115, -0.2795, -0.6729|200
17|-0.6158, 0.6655, -0.9916, -0.9750, -0.8090, -0.6237, -0.2586, -0.6824|380
18|-0.6779, 0.5743, -0.9668, -0.9499, -0.7983, -0.6406, -0.2432, -0.7274|540
19|-0.7053, 0.5601, -1.0132, -0.9223, -0.7993, -0.6130, -0.2412, -0.7833|300
20|-0.7550, 0.5272, -1.0825, -0.8960, -0.7752, -0.5603, -0.2658, -0.7519|500
21|-0.7690, 0.5985, -1.1562, -0.9325, -0.8124, -0.5817, -0.2684, -0.7179|300
22|-0.8514, 0.6289, -1.2139, -0.9448, -0.7118, -0.6464, -0.3134, -0.7594|440
23|-0.8500, 0.5602, -1.1898, -0.9669, -0.7351, -0.6341, -0.3377, -0.7757|560
24|-0.7437, 0.6660, -1.2168, -0.9896, -0.7133, -0.7011, -0.3273, -0.6508|80
25|-0.7147, 0.6438, -1.3131, -1.1050, -0.7203, -0.7252, -0.3670, -0.6448|660
26|-0.6811, 0.6404, -1.3961, -1.0888, -0.7204, -0.7311, -0.4275, -0.5891|220
27|-0.6651, 0.6479, -1.5287, -1.0341, -0.6309, -0.7088, -0.4441, -0.6235|260
28|-0.6628, 0.5511, -1.5345, -1.0483, -0.5771, -0.7178, -0.4296, -0.6564|80
29|-0.6102, 0.5182, -1.5597, -1.1895, -0.5211, -0.7261, -0.3292, -0.6884|240
30|-0.5639, 0.5285, -1.6596, -1.2395, -0.5647, -0.7643, -0.3501, -0.7258|160
31|-0.5133, 0.5156, -1.6728, -1.2311, -0.5240, -0.7807, -0.3630, -0.7276|180
32|-0.5839, 0.5066, -1.6300, -1.2115, -0.5588, -0.8386, -0.3598, -0.7483|40
33|-0.5554, 0.3819, -1.6006, -1.1700, -0.4950, -0.7833, -0.3238, -0.7056|320
34|-0.3893, 0.3993, -1.5572, -1.1161, -0.3889, -0.7923, -0.3057, -0.7246|460
35|-0.3942, 0.3800, -1.5154, -1.1123, -0.4800, -0.8175, -0.2572, -0.7735|180
36|-0.3839, 0.3322, -1.5664, -1.1530, -0.4382, -0.8437, -0.2727, -0.7936|1300
37|-0.3057, 0.4160, -1.6169, -1.1912, -0.4428, -0.8446, -0.2969, -0.8217|420
38|-0.2588, 0.3291, -1.5879, -1.1662, -0.6144, -0.8152, -0.3600, -0.7529|700
39|-0.2451, 0.2326, -1.5673, -1.1545, -0.5791, -0.7827, -0.4493, -0.6849|460
40|-0.2258, 0.2183, -1.5616, -1.2666, -0.6123, -0.8112, -0.4535, -0.7001|200
41|-0.3113, 0.2135, -1.5582, -1.2646, -0.5863, -0.8141, -0.5492, -0.6812|780
42|-0.2863, 0.2241, -1.5676, -1.3590, -0.5547, -0.7661, -0.5386, -0.7040|400
43|-0.1951, 0.1377, -1.5614, -1.3596, -0.6421, -0.7768, -0.4757, -0.6619|2080
44|-0.0265, 0.0898, -1.5539, -1.3509, -0.5232, -0.7615, -0.4594, -0.6262|160
45|-0.0356, 0.1009, -1.5718, -1.3772, -0.5459, -0.8283, -0.4393, -0.6334|1240
46|-0.0766, 0.0638, -1.6295, -1.3849, -0.6280, -0.7774, -0.4983, -0.5091|80
47|-0.0292, 0.0108, -1.6265, -1.4259, -0.5860, -0.7047, -0.4201, -0.5493|1580
48|0.0231, -0.0208, -1.6166, -1.5210, -0.5840, -0.7515, -0.3609, -0.5484|780
49|0.0945, -0.0427, -1.6445, -1.4826, -0.5139, -0.7731, -0.2875, -0.4881|660
50|0.1062, -0.0426, -1.7080, -1.5006, -0.4605, -0.7628, -0.2988, -0.4894|540
51|0.1471, -0.1398, -1.6776, -1.3366, -0.4023, -0.8207, -0.3801, -0.4276|3600
52|0.1808, -0.1526, -1.6881, -1.3329, -0.4183, -0.8674, -0.4176, -0.3246|640
53|0.2440, -0.2220, -1.6842, -1.3524, -0.4717, -0.8901, -0.3185, -0.3054|1060
54|0.2410, -0.1929, -1.6431, -1.3188, -0.4745, -0.9518, -0.3475, -0.3163|1440
55|0.2547, -0.2234, -1.6059, -1.2862, -0.4852, -0.9519, -0.3193, -0.3249|640
56|0.2418, -0.2805, -1.6861, -1.3268, -0.4039, -0.9607, -0.2895, -0.2968|1020
57|0.2914, -0.2464, -1.6552, -1.3439, -0.3035, -0.9616, -0.2700, -0.3208|520
58|0.2838, -0.2167, -1.7114, -1.4199, -0.3771, -0.9573, -0.3904, -0.1667|1180
59|0.2890, -0.2971, -1.7035, -1.3906, -0.4037, -0.9330, -0.4182, -0.1339|720
60|0.3985, -0.2518, -1.6113, -1.4629, -0.4693, -0.9530, -0.4351, -0.1033|880
61|0.4526, -0.2900, -1.6370, -1.3737, -0.4977, -0.9303, -0.4736, -0.1761|1820
62|0.5877, -0.3783, -1.7056, -1.3644, -0.4439, -0.9455, -0.5095, -0.1732|760
63|0.5644, -0.4795, -1.6954, -1.3594, -0.4494, -0.9900, -0.5481, -0.1623|1040
64|0.5362, -0.5144, -1.6960, -1.3637, -0.4101, -1.0143, -0.4915, -0.1455|240
65|0.5767, -0.5780, -1.6599, -1.3141, -0.3950, -1.0231, -0.5109, -0.1430|820
66|0.5534, -0.6758, -1.6879, -1.2904, -0.4074, -1.0196, -0.4364, -0.0960|440
67|0.5697, -0.7465, -1.6801, -1.3859, -0.3751, -1.0173, -0.4277, -0.1529|2020
68|0.5609, -0.7440, -1.7111, -1.4112, -0.3548, -1.0752, -0.3721, -0.2080|840
69|0.5662, -0.7939, -1.6660, -1.4437, -0.3242, -1.0862, -0.3995, -0.1844|1580
70|0.5308, -0.7939, -1.6703, -1.4304, -0.3481, -1.1105, -0.4003, -0.1187|2000
71|0.6282, -0.7821, -1.5934, -1.3772, -0.3102, -1.0914, -0.4277, -0.1351|260
72|0.6774, -0.7762, -1.6705, -1.3169, -0.2793, -1.0073, -0.5093, -0.0812|1060
73|0.7740, -0.7556, -1.6160, -1.3185, -0.3455, -1.0110, -0.4782, -0.0082|640
74|0.7975, -0.7947, -1.6105, -1.2896, -0.3938, -0.8787, -0.3811, -0.0078|560
75|0.8866, -0.8008, -1.5390, -1.3337, -0.3346, -0.8712, -0.4367, -0.0240|740
76|1.0064, -0.9042, -1.5243, -1.2951, -0.2899, -0.8090, -0.4575, 0.0646|240
77|1.0593, -0.8549, -1.4916, -1.2974, -0.3095, -0.7669, -0.4017, 0.0432|560
78|1.0888, -0.9560, -1.5036, -1.3118, -0.2327, -0.7792, -0.3731, 0.1019|320
79|1.0870, -1.0775, -1.4800, -1.2677, -0.1924, -0.8025, -0.3665, 0.0170|1580
80|1.0641, -1.1255, -1.5542, -1.2237, -0.1746, -0.8263, -0.3635, 0.0640|360
81|0.9871, -1.2075, -1.5467, -1.1865, -0.2402, -0.8727, -0.4055, 0.0792|400
82|1.0912, -1.2996, -1.4889, -1.2400, -0.2767, -0.8925, -0.5129, 0.1369|880
83|1.0990, -1.3797, -1.5025, -1.1525, -0.2076, -0.9125, -0.3731, 0.1471|1900
84|1.0835, -1.3732, -1.5877, -1.2288, -0.2980, -0.9516, -0.5250, 0.1609|1640
85|1.0590, -1.4107, -1.6413, -1.2437, -0.2854, -0.9727, -0.4868, 0.2544|800
86|1.1204, -1.4330, -1.6468, -1.2430, -0.3520, -1.0367, -0.4680, 0.2846|640
87|1.1456, -1.5215, -1.6629, -1.2668, -0.4315, -1.0228, -0.5614, 0.2281|3160
88|1.2157, -1.5790, -1.7139, -1.2522, -0.4585, -0.9657, -0.5358, 0.1815|3320
89|1.2077, -1.5434, -1.7600, -1.1135, -0.4440, -0.9117, -0.4804, 0.1761|580
90|1.2372, -1.5756, -1.7541, -1.1262, -0.4867, -0.9636, -0.5158, 0.1811|1700
91|1.2683, -1.6043, -1.6847, -1.0888, -0.4171, -0.9964, -0.4691, 0.1614|840
92|1.2410, -1.5798, -1.6043, -1.0677, -0.3725, -1.0236, -0.4739, 0.1637|1320
93|1.2193, -1.5883, -1.6184, -1.0669, -0.3931, -1.0208, -0.5008, 0.1430|800
94|1.2744, -1.6557, -1.5159, -1.0932, -0.3770, -1.0666, -0.4846, 0.1696|1600
95|1.2615, -1.7037, -1.5282, -1.0326, -0.3634, -1.0654, -0.4969, 0.1474|380
96|1.2652, -1.7788, -1.5134, -0.9996, -0.3776, -1.0539, -0.5673, 0.1502|2300
97|1.2270, -1.9122, -1.4457, -0.9660, -0.3770, -1.1039, -0.5638, 0.1739|2900
98|1.1477, -1.9379, -1.4614, -1.0052, -0.4080, -1.1200, -0.5581, 0.2023|1080
99|1.0968, -2.0551, -1.3833, -0.9843, -0.3375, -1.1618, -0.5443, 0.1461|2260
