0|-0.1186, -1.4173, -0.8771, -0.8097, 0.8057, 0.5129, 0.0506, 0.2564|0
1|-0.1297, -1.4239, -0.8692, -0.8329, 0.7978, 0.5000, 0.0350, 0.2618|0
2|-0.1164, -1.4245, -0.8637, -0.8473, 0.7821, 0.4908, 0.0378, 0.2608|0
3|-0.0991, -1.4296, -0.8584, -0.8641, 0.7621, 0.4747, 0.0340, 0.2614|80
4|-0.0989, -1.4344, -0.8542, -0.8755, 0.7457, 0.4728, 0.0406, 0.2631|1200
5|-0.0962, -1.4269, -0.8562, -0.8947, 0.7266, 0.4565, 0.0426, 0.2596|480
6|-0.0898, -1.4272, -0.8529, -0.9100, 0.7176, 0.4500, 0.0473, 0.2480|100
7|-0.0821, -1.4251, -0.8417, -0.9177, 0.7098, 0.4423, 0.0472, 0.2460|100
8|-0.0839, -1.4380, -0.8383, -0.9246, 0.6973, 0.4276, 0.0463, 0.2473|0
9|-0.0862, -1.4350, -0.8425, -0.9329, 0.6735, 0.4365, 0.0576, 0.2521|140
10|-0.0721, -1.4435, -0.8402, -0.9311, 0.6798, 0.4176, 0.0570, 0.2549|0
11|-0.0808, -1.4374, -0.8256, -0.9320, 0.6681, 0.4204, 0.0576, 0.2470|140
12|-0.0901, -1.4365, -0.8136, -0.9331, 0.6572, 0.4040, 0.0608, 0.2423|440
13|-0.0823, -1.4410, -0.8152, -0.9429, 0.6381, 0.3928, 0.0642, 0.2548|1240
14|-0.0842, -1.4289, -0.8055, -0.9518, 0.6361, 0.3851, 0.0673, 0.2393|0
15|-0.0757, -1.4249, -0.8021, -0.9507, 0.6201, 0.3786, 0.0740, 0.2430|260
16|-0.0640, -1.4168, -0.8002, -0.9418, 0.6088, 0.3685, 0.0744, 0.2461|1460
17|-0.0626, -1.4263, -0.7947, -0.9490, 0.6019, 0.3710, 0.0714, 0.2528|1920
18|-0.0565, -1.4257, -0.8026, -0.9507, 0.5935, 0.3711, 0.0814, 0.2659|2720
19|-0.0437, -1.4264, -0.7924, -0.9537, 0.5981, 0.3472, 0.0743, 0.2751|320
20|-0.0319, -1.4337, -0.8060, -0.9506, 0.5936, 0.3479, 0.0688, 0.2711|0
21|-0.0224, -1.4356, -0.7951, -0.9551, 0.5925, 0.3571, 0.0694, 0.2683|40
22|-0.0178, -1.4377, -0.7944, -0.9550, 0.5759, 0.3482, 0.0779, 0.2726|2080
23|-0.0122, -1.4384, -0.8077, -0.9589, 0.5611, 0.3521, 0.0797, 0.2684|1540
24|-0.0033, -1.4482, -0.7883, -0.9733, 0.5602, 0.3372, 0.0675, 0.2746|580
25|-0.0052, -1.4562, -0.7830, -0.9714, 0.5491, 0.3334, 0.0773, 0.2750|240
26|-0.0035, -1.4615, -0.7940, -0.9654, 0.5402, 0.3167, 0.0935, 0.2831|4960
27|0.0025, -1.4572, -0.7980, -0.9577, 0.5293, 0.3073, 0.0991, 0.2815|1660
28|0.0060, -1.4644, -0.7976, -0.9587, 0.5253, 0.3046, 0.0981, 0.2777|1360
29|0.0060, -1.4786, -0.7916, -0.9540, 0.5186, 0.3086, 0.1028, 0.2746|440
30|0.0110, -1.4787, -0.7911, -0.9410, 0.5099, 0.3178, 0.1030, 0.2670|1700
31|0.0208, -1.4786, -0.7958, -0.9312, 0.4883, 0.3042, 0.1174, 0.2654|300
32|0.0317, -1.4881, -0.7918, -0.9321, 0.4836, 0.2968, 0.1120, 0.2643|3980
33|0.0355, -1.4844, -0.7825, -0.9511, 0.4848, 0.2916, 0.1144, 0.2673|460
34|0.0436, -1.4879, -0.7862, -0.9576, 0.4879, 0.2816, 0.1182, 0.2798|780
35|0.0480, -1.4845, -0.7916, -0.9520, 0.4728, 0.2818, 0.1269, 0.2853|1920
36|0.0566, -1.4723, -0.7946, -0.9563, 0.4605, 0.2647, 0.1297, 0.2660|380
37|0.0699, -1.4854, -0.7834, -0.9677, 0.4585, 0.2556, 0.1321, 0.2605|2100
38|0.0831, -1.4946, -0.7740, -0.9715, 0.4589, 0.2606, 0.1605, 0.2578|1400
39|0.0897, -1.5069, -0.7660, -0.9800, 0.4537, 0.2736, 0.1591, 0.2657|1540
40|0.0977, -1.5127, -0.7665, -0.9745, 0.4412, 0.2738, 0.1623, 0.2658|680
41|0.0980, -1.5257, -0.7637, -0.9772, 0.4441, 0.2900, 0.1627, 0.2745|4800
42|0.0967, -1.5304, -0.7583, -0.9829, 0.4261, 0.2828, 0.1611, 0.2875|340
43|0.0956, -1.5486, -0.7575, -0.9802, 0.4293, 0.2858, 0.1591, 0.2865|340
44|0.1024, -1.5317, -0.7470, -0.9760, 0.4277, 0.2929, 0.1652, 0.2898|1520
45|0.0926, -1.5371, -0.7374, -0.9634, 0.4147, 0.2931, 0.1737, 0.2777|620
46|0.1016, -1.5516, -0.7325, -0.9552, 0.3990, 0.2864, 0.1735, 0.2840|1500
47|0.1020, -1.5547, -0.7240, -0.9361, 0.4060, 0.2901, 0.1688, 0.2891|280
48|0.0971, -1.5618, -0.7231, -0.9324, 0.4096, 0.2904, 0.1563, 0.2915|2300
49|0.1065, -1.5692, -0.7237, -0.9185, 0.4015, 0.2856, 0.1487, 0.2919|720
50|0.1088, -1.5747, -0.7201, -0.9167, 0.4091, 0.2869, 0.1384, 0.2931|2400
51|0.1199, -1.5700, -0.7165, -0.9237, 0.4005, 0.2977, 0.1358, 0.2877|0
52|0.1210, -1.5873, -0.7183, -0.9103, 0.3873, 0.2893, 0.1388, 0.2936|2340
53|0.1310, -1.5970, -0.7131, -0.9135, 0.3757, 0.2733, 0.1310, 0.2986|2960
54|0.1323, -1.6078, -0.7146, -0.9174, 0.3843, 0.2723, 0.1331, 0.2981|200
55|0.1291, -1.6088, -0.7012, -0.9098, 0.3851, 0.2722, 0.1244, 0.2983|2540
56|0.1330, -1.6164, -0.7010, -0.9079, 0.3787, 0.2728, 0.1293, 0.2980|300
57|0.1448, -1.6187, -0.6965, -0.9013, 0.3717, 0.2750, 0.1335, 0.3017|340
58|0.1467, -1.6145, -0.6971, -0.9028, 0.3640, 0.2744, 0.1244, 0.3102|9680
59|0.1558, -1.6092, -0.6942, -0.8892, 0.3724, 0.2715, 0.1197, 0.3097|520
60|0.1559, -1.6269, -0.6961, -0.8898, 0.3809, 0.2692, 0.1316, 0.3103|4120
61|0.1565, -1.6333, -0.6847, -0.8818, 0.3849, 0.2698, 0.1253, 0.3130|2700
62|0.1541, -1.6337, -0.6775, -0.8794, 0.3774, 0.2810, 0.1124, 0.3102|3520
63|0.1599, -1.6505, -0.6693, -0.8710, 0.3763, 0.2799, 0.1169, 0.3038|2520
64|0.1568, -1.6583, -0.6635, -0.8796, 0.3708, 0.2715, 0.1107, 0.2970|180
65|0.1773, -1.6716, -0.6561, -0.8736, 0.3653, 0.2717, 0.1080, 0.2958|80
66|0.1750, -1.6760, -0.6588, -0.8696, 0.3671, 0.2659, 0.1133, 0.2965|1300
67|0.1688, -1.6778, -0.6636, -0.8730, 0.3501, 0.2618, 0.1091, 0.2958|9520
68|0.1773, -1.6935, -0.6636, -0.8655, 0.3338, 0.2629, 0.1091, 0.2900|3440
69|0.1817, -1.7041, -0.6648, -0.8539, 0.3334, 0.2628, 0.1098, 0.2906|380
70|0.1846, -1.6955, -0.6660, -0.8481, 0.3278, 0.2589, 0.1060, 0.2934|3460
71|0.2036, -1.6945, -0.6671, -0.8426, 0.3227, 0.2602, 0.1126, 0.3054|3460
72|0.2090, -1.6905, -0.6530, -0.8263, 0.3153, 0.2483, 0.1182, 0.2981|240
73|0.2095, -1.6923, -0.6432, -0.8038, 0.3033, 0.2393, 0.1196, 0.3076|920
74|0.2208, -1.6929, -0.6470, -0.8032, 0.2983, 0.2413, 0.1121, 0.2959|9700
75|0.2242, -1.6864, -0.6437, -0.8047, 0.2884, 0.2420, 0.1223, 0.2961|1500
76|0.2262, -1.6969, -0.6472, -0.7971, 0.2858, 0.2414, 0.1307, 0.2883|1340
77|0.2311, -1.6991, -0.6543, -0.7930, 0.2840, 0.2417, 0.1307, 0.2895|5760
78|0.2241, -1.7116, -0.6505, -0.7891, 0.2890, 0.2285, 0.1169, 0.2912|3960
79|0.2402, -1.7124, -0.6584, -0.7747, 0.2867, 0.2302, 0.1264, 0.2823|10180
80|0.2360, -1.7202, -0.6505, -0.7694, 0.2899, 0.2355, 0.1249, 0.2826|2960
81|0.2399, -1.7195, -0.6425, -0.7687, 0.2790, 0.2324, 0.1349, 0.2789|5580
82|0.2545, -1.7397, -0.6452, -0.7632, 0.2738, 0.2379, 0.1379, 0.2774|420
83|0.2650, -1.7537, -0.6473, -0.7596, 0.2608, 0.2411, 0.1263, 0.2842|4180
84|0.2821, -1.7575, -0.6415, -0.7698, 0.2694, 0.2543, 0.1386, 0.2895|1160
85|0.2936, -1.7550, -0.6376, -0.7604, 0.2741, 0.2480, 0.1401, 0.2881|1220
86|0.2912, -1.7640, -0.6310, -0.7485, 0.2614, 0.2522, 0.1391, 0.2882|4000
87|0.2924, -1.7704, -0.6306, -0.7421, 0.2760, 0.2471, 0.1456, 0.2913|8620
88|0.3110, -1.7681, -0.6149, -0.7285, 0.2686, 0.2446, 0.1580, 0.3019|1540
89|0.3165, -1.7710, -0.6077, -0.7234, 0.2531, 0.2442, 0.1635, 0.3131|3740
90|0.3226, -1.7917, -0.6109, -0.7176, 0.2400, 0.2377, 0.1695, 0.3074|7680
91|0.3311, -1.7911, -0.6098, -0.7183, 0.2379, 0.2312, 0.1638, 0.2990|9860
92|0.3465, -1.7990, -0.6126, -0.7097, 0.2331, 0.2454, 0.1621, 0.3061|2760
93|0.3551, -1.8134, -0.5987, -0.7026, 0.2338, 0.2377, 0.1642, 0.3061|16780
94|0.3734, -1.8054, -0.5839, -0.6969, 0.2335, 0.2408, 0.1735, 0.3164|23600
95|0.3748, -1.8116, -0.5863, -0.6881, 0.2291, 0.2357, 0.1803, 0.3005|3880
96|0.3795, -1.8141, -0.5866, -0.6889, 0.2332, 0.2248, 0.1787, 0.3125|1800
97|0.3773, -1.8104, -0.5733, -0.6863, 0.2249, 0.2211, 0.1803, 0.3185|220
98|0.3842, -1.8196, -0.5589, -0.6802, 0.2224, 0.2337, 0.1840, 0.3281|25160
99|0.3774, -1.8139, -0.5674, -0.6789, 0.2175, 0.2289, 0.1920, 0.3283|560
