0|-1.0487, -1.1743, -0.1367, -1.3410, -0.5084, 0.1011, -0.7628, -0.2406|120
1|-1.0735, -1.2325, -0.1623, -1.3227, -0.5239, 0.0782, -0.7482, -0.2838|240
2|-1.1009, -1.2703, -0.1804, -1.2992, -0.5323, 0.0709, -0.7359, -0.2703|660
3|-1.0957, -1.2774, -0.2508, -1.2682, -0.5048, 0.0351, -0.7402, -0.2717|200
4|-1.0674, -1.2765, -0.2842, -1.2558, -0.4747, 0.0253, -0.7379, -0.2437|460
5|-1.0640, -1.2823, -0.3108, -1.2389, -0.4523, -0.0284, -0.7076, -0.1968|360
6|-1.0628, -1.2816, -0.3526, -1.2296, -0.4530, -0.0316, -0.6709, -0.1723|240
7|-1.0327, -1.2939, -0.3905, -1.2420, -0.4388, -0.0131, -0.6663, -0.1570|160
8|-1.0513, -1.2919, -0.4020, -1.1963, -0.4040, -0.0244, -0.5998, -0.1441|120
9|-1.0377, -1.2907, -0.4661, -1.2044, -0.3954, -0.0630, -0.5954, -0.1246|740
10|-1.0469, -1.3186, -0.5144, -1.1904, -0.3773, -0.0499, -0.5755, -0.1305|420
11|-1.0349, -1.3275, -0.5490, -1.1424, -0.4094, -0.1119, -0.5682, -0.1046|300
12|-1.0114, -1.3691, -0.5654, -1.1386, -0.4302, -0.1419, -0.5720, -0.1018|160
13|-0.9704, -1.3915, -0.5990, -1.1215, -0.4330, -0.1387, -0.5784, -0.1063|300
14|-0.9534, -1.4124, -0.5890, -1.1313, -0.4620, -0.1656, -0.6244, -0.0996|240
15|-0.9353, -1.4440, -0.5910, -1.1662, -0.4459, -0.1748, -0.6247, -0.0739|420
16|-0.9273, -1.4162, -0.5907, -1.1515, -0.4671, -0.2095, -0.6178, -0.0806|120
17|-0.9160, -1.4350, -0.6481, -1.1582, -0.4686, -0.2414, -0.6402, -0.1019|160
18|-0.9299, -1.4391, -0.6469, -1.1253, -0.4885, -0.2400, -0.6328, -0.1025|840
19|-0.9059, -1.4521, -0.6346, -1.0899, -0.4729, -0.2266, -0.6024, -0.1246|840
20|-0.8821, -1.4783, -0.6854, -1.0949, -0.4949, -0.2592, -0.5955, -0.1182|400
21|-0.9191, -1.4693, -0.6793, -1.0582, -0.4981, -0.2674, -0.5830, -0.1175|240
22|-0.8632, -1.5166, -0.6786, -1.0637, -0.4982, -0.2824, -0.5727, -0.0824|780
23|-0.8559, -1.5490, -0.6658, -1.0672, -0.5062, -0.2870, -0.5714, -0.0612|760
24|-0.8182, -1.5546, -0.6405, -1.0619, -0.5187, -0.3173, -0.5754, -0.0806|1300
25|-0.8040, -1.5717, -0.6277, -1.0460, -0.5286, -0.3129, -0.5552, -0.0861|1780
26|-0.8030, -1.5750, -0.6488, -1.0368, -0.5476, -0.3028, -0.5629, -0.0727|3100
27|-0.7695, -1.5876, -0.6528, -1.0125, -0.5436, -0.3044, -0.5709, -0.0675|440
28|-0.7706, -1.5961, -0.7146, -1.0132, -0.5118, -0.3020, -0.5733, -0.0423|600
29|-0.7549, -1.6143, -0.7398, -1.0142, -0.5115, -0.2854, -0.5798, -0.0221|960
30|-0.7177, -1.6341, -0.7632, -0.9964, -0.4938, -0.2438, -0.5382, -0.0221|400
31|-0.7431, -1.6454, -0.7573, -0.9614, -0.4847, -0.2368, -0.5580, 0.0317|1220
32|-0.7539, -1.6425, -0.7680, -0.9491, -0.4742, -0.2448, -0.5483, 0.0441|260
33|-0.7455, -1.6684, -0.7418, -0.9222, -0.4884, -0.2494, -0.5629, 0.0459|340
34|-0.7263, -1.7245, -0.7818, -0.9268, -0.4945, -0.2486, -0.5663, 0.0146|340
35|-0.7424, -1.7475, -0.8337, -0.9187, -0.4940, -0.2495, -0.5478, 0.0142|960
36|-0.7080, -1.7093, -0.8118, -0.9093, -0.4929, -0.2193, -0.5672, -0.0021|2820
37|-0.6664, -1.7222, -0.8134, -0.9112, -0.4565, -0.2439, -0.6012, -0.0111|1460
38|-0.6359, -1.7257, -0.8287, -0.8974, -0.4722, -0.2780, -0.5988, -0.0183|760
39|-0.6032, -1.7928, -0.8340, -0.9231, -0.4357, -0.2702, -0.5969, -0.0261|3920
40|-0.5579, -1.8225, -0.8363, -0.9158, -0.4406, -0.2821, -0.6100, -0.0316|2180
41|-0.5308, -1.8548, -0.8510, -0.9178, -0.4309, -0.2720, -0.6132, -0.0377|200
42|-0.5316, -1.8778, -0.8482, -0.9245, -0.4015, -0.2870, -0.6303, -0.0390|120
43|-0.5331, -1.8653, -0.8116, -0.9148, -0.4051, -0.3105, -0.6483, -0.0243|420
44|-0.5165, -1.8890, -0.7974, -0.9162, -0.4183, -0.2922, -0.6690, 0.0127|940
45|-0.4945, -1.9073, -0.8060, -0.8937, -0.4094, -0.2899, -0.6690, 0.0268|280
46|-0.4749, -1.8875, -0.7704, -0.8652, -0.4032, -0.3559, -0.5987, 0.0377|320
47|-0.4639, -1.8913, -0.7716, -0.8422, -0.4029, -0.3792, -0.6054, 0.0498|900
48|-0.4147, -1.9108, -0.7893, -0.8026, -0.4262, -0.3782, -0.6055, 0.0165|1940
49|-0.3839, -1.9231, -0.7779, -0.7995, -0.4262, -0.4102, -0.6065, -0.0281|1060
50|-0.3960, -1.9375, -0.7907, -0.8041, -0.4267, -0.3893, -0.6499, -0.0488|1100
51|-0.3824, -1.9686, -0.8059, -0.7851, -0.4208, -0.3538, -0.6630, -0.0539|720
52|-0.3173, -2.0018, -0.7940, -0.7393, -0.3943, -0.3223, -0.6569, -0.0492|480
53|-0.2982, -2.0099, -0.7867, -0.7254, -0.4004, -0.3282, -0.6245, -0.0294|260
54|-0.2777, -2.0229, -0.7530, -0.6795, -0.3942, -0.3441, -0.6062, 0.0257|400
55|-0.2681, -2.0459, -0.7257, -0.6607, -0.3935, -0.3586, -0.6172, 0.0138|660
56|-0.2334, -2.0700, -0.7161, -0.6369, -0.4033, -0.3630, -0.5941, 0.0119|2280
57|-0.2212, -2.0831, -0.7148, -0.6276, -0.4064, -0.3836, -0.5782, 0.0174|1960
58|-0.2279, -2.0750, -0.7014, -0.6114, -0.3769, -0.3854, -0.5593, 0.0477|540
59|-0.2018, -2.0616, -0.6926, -0.6096, -0.3609, -0.4348, -0.5416, 0.0265|940
60|-0.2111, -2.0721, -0.6822, -0.6046, -0.3415, -0.4419, -0.4963, 0.0426|1380
61|-0.1783, -2.0885, -0.6774, -0.5716, -0.3265, -0.4415, -0.4841, 0.0530|1840
62|-0.1749, -2.1429, -0.6868, -0.5661, -0.3291, -0.4306, -0.4458, 0.0427|3500
63|-0.1388, -2.1381, -0.6777, -0.5519, -0.3283, -0.4168, -0.4537, 0.0568|2980
64|-0.0776, -2.1682, -0.6393, -0.5251, -0.3408, -0.4218, -0.4626, 0.0844|6560
65|-0.0810, -2.2066, -0.6041, -0.5633, -0.3364, -0.4222, -0.4406, 0.0785|380
66|-0.0520, -2.1984, -0.6105, -0.5432, -0.3580, -0.4425, -0.3980, 0.0984|2320
67|-0.0598, -2.2159, -0.5877, -0.4887, -0.3230, -0.4085, -0.3879, 0.1273|560
68|-0.0398, -2.2231, -0.5849, -0.4794, -0.3704, -0.4018, -0.3838, 0.1300|4340
69|-0.0308, -2.2089, -0.5923, -0.4798, -0.3549, -0.4026, -0.3708, 0.1011|4040
70|-0.0107, -2.2491, -0.5735, -0.4702, -0.3481, -0.3906, -0.3618, 0.1088|4540
71|0.0094, -2.2547, -0.5437, -0.4503, -0.3592, -0.3664, -0.3598, 0.1025|640
72|0.0399, -2.2597, -0.5392, -0.4788, -0.3528, -0.3171, -0.3566, 0.1087|3500
73|0.0645, -2.2463, -0.5082, -0.4725, -0.3695, -0.2699, -0.3227, 0.1100|20740
74|0.1285, -2.2612, -0.4786, -0.4496, -0.3468, -0.2621, -0.2765, 0.1126|5860
75|0.0941, -2.2901, -0.4291, -0.4098, -0.3453, -0.2763, -0.2945, 0.1210|8800
76|0.1258, -2.3075, -0.4039, -0.3826, -0.3498, -0.2493, -0.3127, 0.1597|16740
77|0.1469, -2.3361, -0.3590, -0.3753, -0.3203, -0.2207, -0.2658, 0.1585|7380
78|0.2035, -2.3422, -0.3220, -0.3424, -0.2881, -0.2487, -0.2431, 0.1765|4200
79|0.2201, -2.3714, -0.2531, -0.3654, -0.2713, -0.2308, -0.2159, 0.1791|26940
80|0.2430, -2.3872, -0.2146, -0.3234, -0.2845, -0.1930, -0.1934, 0.1995|11680
81|0.2651, -2.3912, -0.1821, -0.2866, -0.2338, -0.1691, -0.1504, 0.2067|33300
82|0.3174, -2.3900, -0.1307, -0.2316, -0.2168, -0.1678, -0.1323, 0.1632|15900
83|0.3370, -2.4151, -0.1017, -0.2165, -0.1893, -0.1321, -0.1364, 0.1509|116980
84|0.3374, -2.4476, -0.0860, -0.2171, -0.1554, -0.0862, -0.1288, 0.1102|50500
85|0.3805, -2.4667, -0.0698, -0.1795, -0.1320, -0.1014, -0.1216, 0.1211|773780
86|0.4018, -2.4525, -0.0469, -0.1953, -0.1230, -0.1072, -0.1224, 0.1285|72020
87|0.4212, -2.4487, -0.0383, -0.2104, -0.1325, -0.1037, -0.1033, 0.1176|458300
88|0.4124, -2.4439, -0.0336, -0.1759, -0.1262, -0.0867, -0.0733, 0.1050|11940
89|0.4231, -2.4648, -0.0309, -0.1956, -0.1289, -0.0700, -0.0747, 0.1039|489780
90|0.4455, -2.4905, -0.0447, -0.2116, -0.0899, -0.0721, -0.0704, 0.1185|112900
91|0.4261, -2.4978, -0.0412, -0.2097, -0.1045, -0.0482, -0.0520, 0.1199|283260
92|0.4294, -2.4967, -0.0440, -0.2358, -0.1061, -0.0204, -0.0605, 0.1107|35780
93|0.4278, -2.5063, -0.0526, -0.2230, -0.0928, -0.0482, -0.0742, 0.0930|134280
94|0.4332, -2.5162, -0.0587, -0.2188, -0.1019, -0.0646, -0.0754, 0.1167|294340
95|0.4675, -2.5232, -0.0544, -0.2160, -0.1230, -0.0404, -0.0641, 0.1178|49320
96|0.4613, -2.5606, -0.0241, -0.1933, -0.0656, -0.0406, -0.0398, 0.1204|86360
97|0.4609, -2.5894, -0.0382, -0.2271, -0.0873, -0.0513, -0.0366, 0.1044|1031040
98|0.4668, -2.5909, -0.0549, -0.2283, -0.0897, -0.0409, -0.0504, 0.1278|195820
99|0.4689, -2.6051, -0.0489, -0.2162, -0.0825, -0.0263, -0.0444, 0.1284|12060
