0|0.4777, 0.9971, -1.0894, 0.0039, -1.2769, -1.0688, -1.0242, 0.1717|200
1|0.4867, 0.9819, -1.0950, -0.0265, -1.2610, -1.0970, -1.0363, 0.1459|500
2|0.4845, 0.9729, -1.0786, -0.0310, -1.2619, -1.0971, -1.0036, 0.1198|160
3|0.4839, 0.9919, -1.0649, -0.0707, -1.2512, -1.1010, -0.9957, 0.1418|300
4|0.4633, 0.9966, -1.0821, -0.1150, -1.2651, -1.1214, -0.9835, 0.1274|280
5|0.4746, 0.9787, -1.0766, -0.1434, -1.2680, -1.1467, -0.9541, 0.1144|120
6|0.4815, 0.9608, -1.0669, -0.1548, -1.2522, -1.1498, -0.9440, 0.1061|440
7|0.4879, 0.9468, -1.0717, -0.1560, -1.2263, -1.1705, -0.9426, 0.0996|200
8|0.4543, 0.9652, -1.0568, -0.1614, -1.2074, -1.1871, -0.9409, 0.1031|40
9|0.4344, 0.9632, -1.0484, -0.1508, -1.2209, -1.1779, -0.9306, 0.0957|120
10|0.4350, 0.9463, -1.0554, -0.1621, -1.2142, -1.1663, -0.9437, 0.0657|460
11|0.4330, 0.9403, -1.0602, -0.1765, -1.2244, -1.1805, -0.9479, 0.0786|200
12|0.4331, 0.9513, -1.0763, -0.1994, -1.2467, -1.1770, -0.9355, 0.0728|40
13|0.4371, 0.9364, -1.0912, -0.1920, -1.2755, -1.1587, -0.9204, 0.0593|120
14|0.4412, 0.9509, -1.0714, -0.1932, -1.2826, -1.1861, -0.9383, 0.0700|340
15|0.4529, 0.9545, -1.0743, -0.1842, -1.2913, -1.1560, -0.9563, 0.0759|380
16|0.4711, 0.9489, -1.0715, -0.2094, -1.2927, -1.1726, -0.9759, 0.0774|500
17|0.4954, 0.9468, -1.0652, -0.2240, -1.2998, -1.1784, -0.9603, 0.0794|380
18|0.5086, 0.9393, -1.0525, -0.2326, -1.2977, -1.1832, -0.9726, 0.0946|80
19|0.4781, 0.9148, -1.0784, -0.2137, -1.3017, -1.2004, -0.9753, 0.0762|200
20|0.4859, 0.9070, -1.0885, -0.2139, -1.3044, -1.2012, -0.9792, 0.0945|200
21|0.4990, 0.9044, -1.0667, -0.2260, -1.2943, -1.2125, -0.9898, 0.0809|560
22|0.5049, 0.8971, -1.0593, -0.2203, -1.2843, -1.2181, -0.9949, 0.0695|80
23|0.5086, 0.8924, -1.0511, -0.2113, -1.2784, -1.2365, -0.9824, 0.0356|820
24|0.5156, 0.8799, -1.0526, -0.2234, -1.2712, -1.2569, -0.9893, 0.0538|200
25|0.5142, 0.8643, -1.0388, -0.2395, -1.2634, -1.2549, -0.9742, 0.0461|640
26|0.5483, 0.8655, -1.0535, -0.2380, -1.2504, -1.2735, -0.9749, 0.0581|160
27|0.5597, 0.8635, -1.0473, -0.2492, -1.2447, -1.2863, -0.9839, 0.0441|160
28|0.5595, 0.8575, -1.0569, -0.2622, -1.2503, -1.3071, -1.0008, 0.0197|1520
29|0.5357, 0.8704, -1.0410, -0.2560, -1.2583, -1.3423, -1.0031, 0.0209|500
30|0.5564, 0.8573, -1.0279, -0.2476, -1.2606, -1.3539, -1.0041, 0.0186|120
31|0.5628, 0.8612, -1.0305, -0.2773, -1.2541, -1.3690, -0.9709, 0.0413|280
32|0.5784, 0.8755, -1.0064, -0.3039, -1.2345, -1.3398, -0.9646, 0.0263|380
33|0.5908, 0.8732, -1.0210, -0.3109, -1.2271, -1.3555, -0.9816, 0.0086|280
34|0.6070, 0.8493, -1.0285, -0.3140, -1.2073, -1.3470, -0.9896, 0.0265|1020
35|0.6182, 0.8129, -1.0210, -0.3435, -1.2439, -1.3512, -0.9861, 0.0313|280
36|0.6243, 0.8139, -1.0164, -0.3482, -1.2452, -1.3652, -0.9781, 0.0241|840
37|0.6526, 0.8232, -1.0030, -0.3408, -1.2371, -1.3827, -0.9680, 0.0508|1080
38|0.6373, 0.8117, -1.0112, -0.3716, -1.2293, -1.3668, -0.9406, 0.0683|120
39|0.6386, 0.7792, -1.0198, -0.3814, -1.2244, -1.3550, -0.9403, 0.0598|160
40|0.6540, 0.7846, -1.0370, -0.3921, -1.2204, -1.3517, -0.9413, 0.0496|300
41|0.6676, 0.7541, -1.0398, -0.3936, -1.2202, -1.3536, -0.9673, 0.0541|280
42|0.6779, 0.7458, -1.0144, -0.3870, -1.2489, -1.3712, -0.9542, 0.0344|40
43|0.6693, 0.7338, -1.0146, -0.4034, -1.2603, -1.3603, -0.9559, 0.0168|560
44|0.6803, 0.7223, -0.9993, -0.4146, -1.2486, -1.3417, -0.9593, 0.0289|200
45|0.6864, 0.7223, -0.9915, -0.4173, -1.2433, -1.3432, -0.9544, 0.0241|220
46|0.6844, 0.6959, -0.9983, -0.4027, -1.2616, -1.3499, -0.9681, 0.0557|420
47|0.6848, 0.6851, -0.9951, -0.4128, -1.2644, -1.3483, -0.9594, 0.0484|160
48|0.6831, 0.6901, -0.9961, -0.4424, -1.2547, -1.3508, -0.9612, 0.0407|520
49|0.6933, 0.6783, -1.0063, -0.4373, -1.2555, -1.3410, -0.9616, 0.0438|600
50|0.6785, 0.6856, -1.0337, -0.4645, -1.2325, -1.3279, -0.9595, 0.0223|320
51|0.6764, 0.6763, -1.0503, -0.4637, -1.2497, -1.3293, -0.9688, 0.0041|280
52|0.6824, 0.6830, -1.0595, -0.4463, -1.2456, -1.3505, -0.9548, 0.0205|200
53|0.6867, 0.6769, -1.0442, -0.4322, -1.2563, -1.3542, -0.9685, 0.0075|420
54|0.6866, 0.6516, -1.0470, -0.4287, -1.2600, -1.3502, -0.9750, 0.0027|200
55|0.7077, 0.6600, -1.0542, -0.4085, -1.2469, -1.3498, -0.9833, -0.0321|700
56|0.6984, 0.6572, -1.0461, -0.4430, -1.2336, -1.3330, -1.0038, -0.0180|860
57|0.6912, 0.6432, -1.0711, -0.4006, -1.2292, -1.3468, -1.0176, -0.0209|480
58|0.6826, 0.6072, -1.0919, -0.3955, -1.2198, -1.3548, -1.0001, -0.0356|120
59|0.6845, 0.5913, -1.0841, -0.4026, -1.2219, -1.3474, -0.9795, -0.0399|460
60|0.6914, 0.5652, -1.0773, -0.4073, -1.2198, -1.3465, -0.9398, -0.0558|1720
61|0.6780, 0.5694, -1.0899, -0.4183, -1.2216, -1.3579, -0.9393, -0.0273|160
62|0.7011, 0.5581, -1.0903, -0.4059, -1.2101, -1.3716, -0.9370, -0.0411|400
63|0.7013, 0.5881, -1.0854, -0.4123, -1.2062, -1.3975, -0.9179, -0.0807|1340
64|0.6707, 0.5828, -1.1121, -0.4167, -1.2108, -1.3969, -0.9013, -0.0944|600
65|0.6499, 0.5772, -1.1087, -0.4306, -1.2413, -1.3757, -0.9086, -0.1049|740
66|0.6485, 0.5706, -1.1209, -0.4205, -1.2410, -1.3715, -0.9181, -0.1208|80
67|0.6671, 0.5645, -1.1104, -0.4267, -1.2422, -1.3819, -0.9029, -0.1196|460
68|0.6985, 0.5509, -1.1027, -0.4232, -1.2369, -1.3728, -0.9201, -0.1183|1480
69|0.6860, 0.5441, -1.1146, -0.4431, -1.2241, -1.3891, -0.9327, -0.1265|760
70|0.6770, 0.5276, -1.1406, -0.4594, -1.2286, -1.3813, -0.9452, -0.1354|320
71|0.6843, 0.5180, -1.1627, -0.4846, -1.2151, -1.3855, -0.9413, -0.1504|240
72|0.6846, 0.4912, -1.1583, -0.4722, -1.2019, -1.3854, -0.9682, -0.1160|260
73|0.6990, 0.4871, -1.1702, -0.4818, -1.1638, -1.3948, -0.9710, -0.1121|280
74|0.7131, 0.4883, -1.1636, -0.4918, -1.1469, -1.3949, -0.9575, -0.0841|1480
75|0.7190, 0.4862, -1.1397, -0.4783, -1.1342, -1.3754, -0.9509, -0.0789|460
76|0.7178, 0.4870, -1.1346, -0.4835, -1.1156, -1.3722, -0.9430, -0.0702|320
77|0.7167, 0.4664, -1.1444, -0.4669, -1.1153, -1.3347, -0.9346, -0.0814|980
78|0.7301, 0.4494, -1.1647, -0.4682, -1.0919, -1.3499, -0.9153, -0.0609|620
79|0.7403, 0.4441, -1.1445, -0.4684, -1.1166, -1.3484, -0.9236, -0.0513|620
80|0.7350, 0.4387, -1.1307, -0.4927, -1.1240, -1.3579, -0.9363, -0.0678|340
81|0.7441, 0.4470, -1.1489, -0.4826, -1.1453, -1.3559, -0.9641, -0.0585|440
82|0.7305, 0.4533, -1.1463, -0.4586, -1.1483, -1.3517, -0.9538, -0.0361|320
83|0.7633, 0.4460, -1.1336, -0.4510, -1.1528, -1.3639, -0.9644, -0.0550|680
84|0.7668, 0.4566, -1.1227, -0.4469, -1.1489, -1.3645, -0.9354, -0.0640|540
85|0.7885, 0.4513, -1.0974, -0.4408, -1.1490, -1.3622, -0.9352, -0.0759|480
86|0.7716, 0.4340, -1.1162, -0.4566, -1.1760, -1.3406, -0.9199, -0.0753|160
87|0.7583, 0.4545, -1.1123, -0.5047, -1.1812, -1.3326, -0.9265, -0.1003|1140
88|0.7719, 0.4665, -1.1374, -0.5414, -1.1492, -1.3266, -0.9109, -0.0748|400
89|0.7684, 0.4668, -1.1460, -0.5235, -1.1310, -1.3148, -0.9198, -0.0817|400
90|0.7789, 0.4573, -1.1304, -0.5524, -1.1236, -1.3327, -0.9051, -0.0816|160
91|0.7861, 0.4541, -1.1390, -0.5387, -1.0982, -1.3284, -0.9122, -0.0854|1220
92|0.7930, 0.4544, -1.1416, -0.5379, -1.0964, -1.3487, -0.9315, -0.0816|320
93|0.7796, 0.4531, -1.1517, -0.5461, -1.1081, -1.3385, -0.9353, -0.0775|1000
94|0.7681, 0.4601, -1.1663, -0.5861, -1.1098, -1.3619, -0.9416, -0.0836|500
95|0.7650, 0.4496, -1.1515, -0.5777, -1.1103, -1.3525, -0.9478, -0.0957|340
96|0.7606, 0.4642, -1.1479, -0.5914, -1.0976, -1.3637, -0.9119, -0.0866|600
97|0.7463, 0.4569, -1.1625, -0.5893, -1.1270, -1.3746, -0.9344, -0.0862|500
98|0.7479, 0.4351, -1.1598, -0.5714, -1.1126, -1.3612, -0.9436, -0.1027|1180
99|0.7395, 0.4187, -1.1232, -0.5683, -1.1110, -1.3530, -0.9387, -0.1110|600
