0|0.6206, 0.6606, -1.2954, -0.7881, 0.1661, 0.7433, -0.7641, 1.2139|40
1|0.7068, 0.6634, -1.2873, -0.8044, 0.0607, 0.7829, -0.7805, 1.1508|40
2|0.7294, 0.6386, -1.2610, -0.8709, 0.0339, 0.7604, -0.7833, 1.0429|40
3|0.6947, 0.6355, -1.2567, -0.9275, -0.0296, 0.7248, -0.7226, 0.9608|320
4|0.7434, 0.6333, -1.1653, -1.0023, -0.1008, 0.7019, -0.7833, 0.9659|320
5|0.8189, 0.5895, -1.1221, -1.0143, -0.0885, 0.6660, -0.7862, 1.0036|40
6|0.8323, 0.5070, -1.1795, -1.1354, -0.0992, 0.5643, -0.7443, 0.9804|320
7|0.7788, 0.4395, -1.0497, -1.2447, -0.0882, 0.5691, -0.7264, 1.0094|160
8|0.8252, 0.4425, -0.9852, -1.3518, -0.0384, 0.5254, -0.6900, 1.0493|200
9|0.8745, 0.4185, -0.9669, -1.3978, -0.0813, 0.4790, -0.6316, 1.1205|600
10|0.8904, 0.4705, -0.9441, -1.3844, -0.0283, 0.3732, -0.6099, 1.1605|140
11|0.9349, 0.4503, -0.9948, -1.4106, 0.0082, 0.3073, -0.5015, 1.1295|620
12|0.9107, 0.3206, -1.0548, -1.3795, 0.0194, 0.2709, -0.5705, 1.2269|560
13|0.9428, 0.3231, -1.0610, -1.3606, 0.1309, 0.2034, -0.4901, 1.1575|760
14|0.9847, 0.2584, -1.0606, -1.3928, 0.1520, 0.2023, -0.3977, 1.1459|420
15|1.0052, 0.1703, -1.0631, -1.3898, 0.1534, 0.1739, -0.4090, 1.1171|640
16|1.0378, 0.1208, -1.0911, -1.3393, 0.0824, 0.0807, -0.3685, 1.1428|500
17|0.9824, 0.1066, -1.1267, -1.3232, 0.0609, 0.0259, -0.3958, 1.1606|120
18|1.0084, 0.0468, -1.1715, -1.4045, 0.0323, 0.0016, -0.4700, 1.1089|220
19|1.0162, -0.0391, -1.1789, -1.3475, 0.0722, -0.0605, -0.3316, 1.0868|140
20|1.0169, -0.0388, -1.1402, -1.2861, 0.0616, -0.0036, -0.3640, 1.1120|720
21|1.0543, -0.1761, -1.1142, -1.2630, 0.0386, -0.0893, -0.3087, 1.1546|120
22|1.0529, -0.2909, -1.0685, -1.2025, 0.0960, -0.0126, -0.3307, 1.0893|560
23|1.1295, -0.3779, -1.0197, -1.2342, 0.0612, -0.1156, -0.3025, 1.1353|2080
24|1.2006, -0.3783, -1.0425, -1.2040, 0.0238, -0.1489, -0.3277, 1.0560|1540
25|1.2676, -0.3914, -1.0913, -1.2293, -0.0755, -0.1262, -0.2667, 1.0039|1260
26|1.3154, -0.4745, -1.1209, -1.1308, -0.1567, -0.1181, -0.2199, 0.9801|1140
27|1.2834, -0.5445, -1.1507, -1.1416, -0.2004, -0.1802, -0.2369, 0.9346|1140
28|1.2899, -0.5314, -1.0832, -1.1306, -0.1635, -0.1171, -0.2649, 1.0486|760
29|1.2656, -0.5994, -1.1470, -1.0594, -0.0767, -0.1859, -0.2400, 1.0032|2800
30|1.2006, -0.5600, -1.0305, -1.0415, -0.0428, -0.1873, -0.2734, 1.0075|1000
31|1.1293, -0.5974, -0.9699, -1.0904, -0.1129, -0.1465, -0.2252, 0.9506|2800
