0|0.4453, 0.4557, 0.0192, 0.0492, 0.5234, -0.2584, 0.7745, -0.9700|0
1|0.4436, 0.4491, 0.0105, 0.0421, 0.5146, -0.2676, 0.7714, -0.9872|0
2|0.4499, 0.4504, 0.0065, 0.0223, 0.5018, -0.2655, 0.7629, -0.9900|0
3|0.4507, 0.4501, -0.0019, 0.0116, 0.4953, -0.2548, 0.7520, -1.0091|0
4|0.4521, 0.4445, -0.0250, -0.0175, 0.4825, -0.2533, 0.7515, -1.0096|0
5|0.4515, 0.4537, -0.0337, -0.0352, 0.4740, -0.2601, 0.7507, -1.0209|0
6|0.4503, 0.4669, -0.0459, -0.0565, 0.4604, -0.2615, 0.7494, -1.0168|0
7|0.4498, 0.4597, -0.0517, -0.0717, 0.4428, -0.2688, 0.7603, -1.0060|40
8|0.4618, 0.4618, -0.0710, -0.0982, 0.4359, -0.2639, 0.7594, -1.0091|120
9|0.4661, 0.4558, -0.0818, -0.1168, 0.4210, -0.2602, 0.7560, -1.0028|40
10|0.4693, 0.4590, -0.1080, -0.1342, 0.3951, -0.2805, 0.7501, -1.0091|40
11|0.4731, 0.4343, -0.1136, -0.1563, 0.3925, -0.2757, 0.7475, -1.0122|0
12|0.4662, 0.4339, -0.1252, -0.1832, 0.3760, -0.2757, 0.7516, -1.0181|120
13|0.4601, 0.4372, -0.1376, -0.2024, 0.3576, -0.2779, 0.7365, -1.0238|40
14|0.4647, 0.4370, -0.1514, -0.2124, 0.3596, -0.2779, 0.7445, -1.0247|120
15|0.4598, 0.4324, -0.1768, -0.2277, 0.3540, -0.2903, 0.7419, -1.0226|80
16|0.4745, 0.4249, -0.2114, -0.2406, 0.3391, -0.2730, 0.7345, -1.0105|40
17|0.4825, 0.4188, -0.2251, -0.2554, 0.3275, -0.2774, 0.7292, -1.0086|120
18|0.4805, 0.4101, -0.2383, -0.2756, 0.3186, -0.2770, 0.7321, -0.9948|320
19|0.4856, 0.4123, -0.2468, -0.2817, 0.3032, -0.2900, 0.7192, -0.9915|40
20|0.4831, 0.4037, -0.2484, -0.2930, 0.2958, -0.2839, 0.7118, -1.0080|120
21|0.4942, 0.3948, -0.2648, -0.3084, 0.2898, -0.2757, 0.7024, -0.9970|160
22|0.5129, 0.3856, -0.2797, -0.3148, 0.2847, -0.2761, 0.6927, -0.9888|240
23|0.5207, 0.3767, -0.2895, -0.3319, 0.2790, -0.2845, 0.7056, -0.9897|280
24|0.5135, 0.3711, -0.2927, -0.3475, 0.2653, -0.2873, 0.6995, -0.9861|320
25|0.5145, 0.3625, -0.3093, -0.3518, 0.2615, -0.2903, 0.6853, -0.9874|460
26|0.5062, 0.3622, -0.3086, -0.3656, 0.2609, -0.2814, 0.6720, -0.9894|360
27|0.5165, 0.3522, -0.3189, -0.3585, 0.2590, -0.2857, 0.6642, -0.9848|300
28|0.5248, 0.3455, -0.3163, -0.3616, 0.2608, -0.2873, 0.6602, -0.9848|160
29|0.5433, 0.3456, -0.3408, -0.3721, 0.2647, -0.2922, 0.6721, -0.9943|200
30|0.5406, 0.3406, -0.3515, -0.3754, 0.2556, -0.2917, 0.6725, -0.9982|520
31|0.5457, 0.3349, -0.3591, -0.3738, 0.2649, -0.3020, 0.6708, -0.9985|160
