0|-0.5551, -0.3826, -0.3585, -1.1254, 0.6908, 0.0576, 0.0822, -0.1091|260
1|-0.5454, -0.3887, -0.3664, -1.1375, 0.6638, 0.0488, 0.0817, -0.0968|680
2|-0.5350, -0.3996, -0.3792, -1.1443, 0.6639, 0.0577, 0.0987, -0.0878|240
3|-0.5166, -0.4202, -0.3905, -1.1531, 0.6426, 0.0391, 0.1053, -0.0749|80
4|-0.4965, -0.4246, -0.4180, -1.1658, 0.6320, 0.0327, 0.1071, -0.0875|40
5|-0.4812, -0.4429, -0.4217, -1.1826, 0.6102, 0.0184, 0.1101, -0.0836|360
6|-0.4774, -0.4460, -0.4300, -1.1814, 0.6035, 0.0118, 0.1305, -0.0786|280
7|-0.4718, -0.4720, -0.4515, -1.1748, 0.5940, 0.0245, 0.1262, -0.0985|340
8|-0.4627, -0.4907, -0.4727, -1.1617, 0.5552, 0.0304, 0.1313, -0.0992|660
9|-0.4657, -0.4918, -0.4747, -1.1620, 0.5516, 0.0338, 0.1183, -0.0871|320
10|-0.4665, -0.5087, -0.4798, -1.1764, 0.5454, 0.0276, 0.1239, -0.0932|300
11|-0.4700, -0.5330, -0.5122, -1.1701, 0.5269, 0.0145, 0.1348, -0.0990|200
12|-0.4572, -0.5304, -0.5167, -1.1690, 0.5235, 0.0059, 0.1415, -0.0873|160
13|-0.4455, -0.5273, -0.5396, -1.1428, 0.5119, 0.0004, 0.1499, -0.0748|920
14|-0.4307, -0.5382, -0.5621, -1.1564, 0.5081, 0.0017, 0.1589, -0.0723|400
15|-0.4390, -0.5345, -0.5726, -1.1549, 0.4892, 0.0151, 0.1652, -0.0646|1080
16|-0.4198, -0.5438, -0.5744, -1.1490, 0.4786, 0.0200, 0.1775, -0.0689|280
17|-0.4052, -0.5379, -0.5929, -1.1606, 0.4923, 0.0177, 0.1750, -0.0675|80
18|-0.4147, -0.5629, -0.5854, -1.1635, 0.4877, 0.0141, 0.1840, -0.0616|560
19|-0.3969, -0.5685, -0.5808, -1.1545, 0.4885, 0.0207, 0.1896, -0.0512|420
20|-0.4049, -0.5919, -0.5940, -1.1565, 0.4893, 0.0201, 0.1947, -0.0427|520
21|-0.4048, -0.5978, -0.6210, -1.1609, 0.4827, 0.0093, 0.2026, -0.0423|580
22|-0.3983, -0.6109, -0.6324, -1.1557, 0.4859, -0.0053, 0.2182, -0.0431|440
23|-0.4040, -0.6193, -0.6481, -1.1360, 0.4708, -0.0264, 0.2180, -0.0238|40
24|-0.3878, -0.6225, -0.6500, -1.1398, 0.4555, -0.0420, 0.2409, -0.0103|840
25|-0.3852, -0.6264, -0.6593, -1.1328, 0.4617, -0.0469, 0.2456, 0.0013|300
26|-0.3812, -0.6341, -0.6873, -1.1356, 0.4513, -0.0500, 0.2348, -0.0109|500
27|-0.3826, -0.6297, -0.7059, -1.1281, 0.4374, -0.0374, 0.2534, -0.0015|440
28|-0.3736, -0.6317, -0.7189, -1.1083, 0.4423, -0.0389, 0.2545, -0.0104|240
29|-0.3793, -0.6475, -0.7361, -1.1173, 0.4392, -0.0493, 0.2636, -0.0072|680
30|-0.3677, -0.6702, -0.7353, -1.1133, 0.4357, -0.0366, 0.2663, -0.0145|80
31|-0.3727, -0.6780, -0.7395, -1.1060, 0.4437, -0.0413, 0.2742, -0.0078|760
