0|0.0277, -0.3108, 0.0799, -0.3243, -1.1977, -1.0708, -1.2668, 0.2211|80
1|0.0387, -0.3149, 0.0669, -0.3218, -1.1919, -1.0766, -1.2702, 0.2224|200
2|0.0402, -0.3140, 0.0576, -0.3322, -1.1876, -1.0827, -1.2589, 0.2247|0
3|0.0440, -0.3223, 0.0452, -0.3259, -1.1748, -1.0877, -1.2542, 0.2190|80
4|0.0514, -0.3124, 0.0314, -0.3224, -1.1695, -1.0874, -1.2591, 0.2231|80
5|0.0578, -0.3171, 0.0099, -0.3182, -1.1668, -1.0913, -1.2561, 0.2227|440
6|0.0515, -0.3132, 0.0005, -0.3142, -1.1606, -1.0924, -1.2603, 0.2228|280
7|0.0489, -0.3088, -0.0106, -0.3092, -1.1666, -1.0911, -1.2510, 0.2216|120
8|0.0454, -0.3158, -0.0278, -0.3111, -1.1615, -1.0889, -1.2454, 0.2234|360
9|0.0429, -0.3225, -0.0448, -0.3027, -1.1586, -1.0883, -1.2420, 0.2246|120
10|0.0408, -0.3315, -0.0610, -0.3013, -1.1546, -1.0847, -1.2437, 0.2271|0
11|0.0470, -0.3319, -0.0719, -0.3004, -1.1450, -1.0897, -1.2467, 0.2246|360
12|0.0553, -0.3331, -0.0799, -0.2960, -1.1408, -1.0807, -1.2459, 0.2182|360
13|0.0549, -0.3396, -0.0920, -0.3034, -1.1489, -1.0778, -1.2502, 0.2114|160
14|0.0616, -0.3498, -0.1064, -0.3035, -1.1459, -1.0851, -1.2437, 0.2032|620
15|0.0604, -0.3536, -0.1105, -0.3007, -1.1474, -1.0853, -1.2535, 0.2086|260
16|0.0673, -0.3573, -0.1124, -0.3016, -1.1475, -1.0720, -1.2507, 0.2138|340
17|0.0664, -0.3598, -0.1187, -0.3035, -1.1531, -1.0761, -1.2536, 0.2200|280
18|0.0690, -0.3629, -0.1242, -0.2968, -1.1466, -1.0769, -1.2549, 0.2104|200
19|0.0720, -0.3625, -0.1353, -0.2897, -1.1483, -1.0810, -1.2507, 0.2090|760
20|0.0824, -0.3751, -0.1562, -0.2886, -1.1457, -1.0817, -1.2476, 0.2078|400
21|0.0877, -0.3772, -0.1694, -0.2832, -1.1459, -1.0820, -1.2446, 0.2114|160
22|0.0939, -0.3597, -0.1781, -0.2818, -1.1424, -1.0858, -1.2487, 0.2048|40
23|0.0912, -0.3604, -0.1832, -0.2794, -1.1427, -1.0837, -1.2446, 0.1980|120
24|0.0865, -0.3704, -0.1878, -0.2715, -1.1426, -1.0796, -1.2514, 0.1873|620
25|0.0927, -0.3804, -0.2010, -0.2708, -1.1433, -1.0799, -1.2601, 0.1797|320
26|0.0884, -0.3815, -0.2136, -0.2667, -1.1503, -1.0718, -1.2618, 0.1844|240
27|0.0933, -0.3942, -0.2188, -0.2606, -1.1519, -1.0723, -1.2557, 0.1827|560
28|0.0922, -0.3980, -0.2295, -0.2627, -1.1535, -1.0634, -1.2551, 0.1863|320
29|0.1046, -0.4044, -0.2375, -0.2650, -1.1479, -1.0638, -1.2496, 0.1848|580
30|0.1043, -0.4042, -0.2501, -0.2574, -1.1545, -1.0598, -1.2573, 0.1797|400
31|0.1089, -0.4112, -0.2591, -0.2475, -1.1563, -1.0613, -1.2599, 0.1702|640
