0|0.7196, 0.3534, -0.3252, -0.1344, -0.4309, -0.8295, -0.3460, 1.0058|480
1|0.7261, 0.3464, -0.3428, -0.1762, -0.4407, -0.8427, -0.3629, 0.9831|200
2|0.7314, 0.3277, -0.3868, -0.2078, -0.4680, -0.8532, -0.3620, 0.9530|320
3|0.7412, 0.3113, -0.4079, -0.2461, -0.4753, -0.8702, -0.3638, 0.9218|580
4|0.7567, 0.2838, -0.4327, -0.2755, -0.4894, -0.8743, -0.3587, 0.8927|460
5|0.7704, 0.2604, -0.4452, -0.3036, -0.4997, -0.8876, -0.3730, 0.8809|620
6|0.7788, 0.2556, -0.4775, -0.3311, -0.4949, -0.8930, -0.3746, 0.8554|40
7|0.7977, 0.2289, -0.4913, -0.3629, -0.4856, -0.9013, -0.3729, 0.8628|280
8|0.8004, 0.2041, -0.5197, -0.3828, -0.4818, -0.8865, -0.3628, 0.8385|440
9|0.8054, 0.1739, -0.5243, -0.4129, -0.4793, -0.8762, -0.3634, 0.8239|360
10|0.8000, 0.1632, -0.5458, -0.4236, -0.4855, -0.8665, -0.3612, 0.8224|540
11|0.8055, 0.1545, -0.5727, -0.4372, -0.4914, -0.8590, -0.3553, 0.8308|180
12|0.8129, 0.1332, -0.5811, -0.4681, -0.4933, -0.8713, -0.3549, 0.8069|520
13|0.8166, 0.1103, -0.5974, -0.5087, -0.4960, -0.8607, -0.3493, 0.7930|80
14|0.8218, 0.0889, -0.6138, -0.5217, -0.5128, -0.8603, -0.3582, 0.7772|1600
15|0.8335, 0.0767, -0.6253, -0.5309, -0.5065, -0.8470, -0.3529, 0.7620|940
16|0.8236, 0.0573, -0.6397, -0.5309, -0.5114, -0.8517, -0.3762, 0.7510|800
17|0.8281, 0.0383, -0.6488, -0.5356, -0.5188, -0.8476, -0.3739, 0.7435|380
18|0.8475, 0.0103, -0.6727, -0.5396, -0.5141, -0.8411, -0.3770, 0.7421|760
19|0.8473, -0.0269, -0.6728, -0.5418, -0.5139, -0.8529, -0.3770, 0.7450|920
20|0.8696, -0.0461, -0.6814, -0.5590, -0.5310, -0.8606, -0.3817, 0.7311|1100
21|0.8594, -0.0742, -0.6828, -0.5677, -0.5331, -0.8592, -0.3837, 0.7303|460
22|0.8652, -0.0976, -0.6805, -0.5757, -0.5378, -0.8552, -0.3854, 0.7306|420
23|0.8699, -0.1219, -0.7057, -0.5925, -0.5440, -0.8507, -0.3711, 0.7251|940
24|0.8858, -0.1332, -0.7197, -0.6022, -0.5559, -0.8563, -0.3650, 0.7176|320
25|0.8904, -0.1388, -0.7384, -0.6004, -0.5555, -0.8464, -0.3797, 0.7187|1540
26|0.8938, -0.1570, -0.7578, -0.6227, -0.5480, -0.8443, -0.3724, 0.7073|620
27|0.9015, -0.1907, -0.7639, -0.6247, -0.5419, -0.8388, -0.3603, 0.7089|860
28|0.9052, -0.2267, -0.7657, -0.6302, -0.5287, -0.8405, -0.3609, 0.6910|1520
29|0.9208, -0.2492, -0.7657, -0.6140, -0.5097, -0.8332, -0.3466, 0.6716|1900
30|0.9498, -0.2737, -0.7717, -0.6020, -0.5142, -0.8110, -0.3391, 0.6596|1120
31|0.9621, -0.2983, -0.7659, -0.6046, -0.5242, -0.7986, -0.3450, 0.6543|560
