0|1.4896, 0.9286, -0.8201, -0.0443, -1.2257, -0.3357, 0.8765, -1.0034|120
1|1.4900, 0.9220, -0.8258, -0.0536, -1.2298, -0.3371, 0.8811, -1.0145|120
2|1.4855, 0.9283, -0.8241, -0.0653, -1.2342, -0.3336, 0.8773, -1.0158|300
3|1.4866, 0.9286, -0.8250, -0.0708, -1.2309, -0.3456, 0.8627, -1.0213|160
4|1.4837, 0.9344, -0.8281, -0.0843, -1.2168, -0.3555, 0.8622, -1.0172|180
5|1.4883, 0.9351, -0.8357, -0.0919, -1.2125, -0.3583, 0.8616, -1.0171|240
6|1.4841, 0.9341, -0.8376, -0.1123, -1.2181, -0.3611, 0.8576, -1.0123|280
7|1.4905, 0.9296, -0.8388, -0.1244, -1.2134, -0.3581, 0.8485, -1.0111|340
8|1.4896, 0.9254, -0.8454, -0.1477, -1.2083, -0.3583, 0.8376, -1.0152|0
9|1.4874, 0.9174, -0.8459, -0.1604, -1.2103, -0.3572, 0.8343, -1.0176|240
10|1.4776, 0.9180, -0.8454, -0.1624, -1.2127, -0.3640, 0.8386, -1.0251|80
11|1.4806, 0.9131, -0.8363, -0.1719, -1.2149, -0.3672, 0.8341, -1.0259|380
12|1.4783, 0.9096, -0.8369, -0.1921, -1.2185, -0.3760, 0.8370, -1.0254|120
13|1.4745, 0.9093, -0.8414, -0.2037, -1.2230, -0.3782, 0.8294, -1.0245|160
14|1.4771, 0.9073, -0.8427, -0.2152, -1.2235, -0.3762, 0.8249, -1.0200|600
15|1.4828, 0.9059, -0.8374, -0.2240, -1.2187, -0.3794, 0.8225, -1.0152|120
16|1.4794, 0.9071, -0.8365, -0.2375, -1.2224, -0.3796, 0.8168, -1.0121|300
17|1.4882, 0.9042, -0.8354, -0.2407, -1.2237, -0.3884, 0.8061, -1.0190|400
18|1.4962, 0.9033, -0.8380, -0.2488, -1.2233, -0.3877, 0.8045, -1.0186|320
19|1.4980, 0.9027, -0.8384, -0.2614, -1.2196, -0.3864, 0.8067, -1.0195|120
20|1.4966, 0.8927, -0.8339, -0.2728, -1.2173, -0.3886, 0.8010, -1.0126|440
21|1.5046, 0.8946, -0.8311, -0.2866, -1.2218, -0.3923, 0.8000, -1.0120|200
22|1.5023, 0.8919, -0.8336, -0.3013, -1.2271, -0.3945, 0.7947, -1.0132|660
23|1.5050, 0.8984, -0.8319, -0.3186, -1.2272, -0.3968, 0.7957, -1.0099|200
24|1.5097, 0.9015, -0.8314, -0.3301, -1.2227, -0.4093, 0.8008, -1.0151|660
25|1.5177, 0.9034, -0.8305, -0.3371, -1.2151, -0.4085, 0.7999, -1.0132|340
26|1.5186, 0.8875, -0.8353, -0.3449, -1.2131, -0.4078, 0.7944, -1.0176|700
27|1.5249, 0.8830, -0.8356, -0.3470, -1.2232, -0.4182, 0.7918, -1.0166|80
28|1.5135, 0.8823, -0.8322, -0.3447, -1.2103, -0.4276, 0.7979, -1.0178|320
29|1.5087, 0.8764, -0.8244, -0.3528, -1.2131, -0.4272, 0.7914, -1.0231|540
30|1.5091, 0.8676, -0.8189, -0.3673, -1.2228, -0.4233, 0.7837, -1.0266|500
31|1.5059, 0.8660, -0.8169, -0.3718, -1.2213, -0.4211, 0.7819, -1.0263|680
