0|0.3798, 0.4896, 1.2056, -0.8748, -0.4182, -1.3590, 0.6914, 1.1951|0
1|0.3777, 0.4935, 1.1995, -0.8870, -0.3986, -1.3595, 0.6963, 1.2038|0
2|0.3689, 0.5081, 1.1973, -0.9198, -0.4021, -1.3504, 0.7004, 1.2260|0
3|0.3545, 0.5172, 1.1938, -0.9200, -0.4080, -1.3599, 0.6959, 1.2172|0
4|0.3661, 0.5117, 1.1867, -0.9504, -0.4180, -1.3645, 0.7014, 1.1947|0
5|0.3471, 0.5032, 1.1623, -0.9571, -0.4006, -1.3774, 0.6983, 1.1893|40
6|0.3429, 0.5062, 1.1486, -0.9586, -0.4027, -1.3912, 0.6953, 1.1907|0
7|0.3532, 0.4883, 1.1297, -0.9748, -0.4102, -1.3972, 0.6849, 1.2121|0
8|0.3726, 0.4811, 1.1204, -0.9771, -0.3968, -1.4226, 0.7006, 1.2189|0
9|0.3836, 0.4867, 1.1133, -0.9829, -0.3920, -1.4172, 0.7117, 1.2234|0
10|0.3911, 0.4834, 1.1052, -0.9846, -0.3925, -1.4183, 0.7212, 1.2161|0
11|0.3761, 0.4895, 1.0940, -0.9819, -0.4008, -1.4102, 0.7455, 1.2118|0
12|0.3921, 0.4839, 1.0846, -0.9824, -0.4057, -1.4182, 0.7470, 1.2168|40
13|0.3805, 0.4808, 1.0857, -1.0020, -0.4211, -1.4127, 0.7398, 1.2181|0
14|0.3841, 0.4885, 1.0859, -0.9941, -0.4114, -1.4177, 0.7297, 1.2179|0
15|0.3901, 0.4821, 1.0776, -1.0149, -0.4227, -1.4389, 0.7447, 1.2274|0
16|0.4012, 0.4733, 1.0811, -1.0169, -0.4189, -1.4333, 0.7515, 1.2224|0
17|0.4074, 0.4708, 1.0726, -1.0359, -0.4245, -1.4490, 0.7203, 1.2210|80
18|0.4160, 0.4718, 1.0566, -1.0277, -0.4242, -1.4411, 0.6960, 1.2065|40
19|0.4063, 0.4529, 1.0381, -1.0436, -0.4289, -1.4418, 0.6964, 1.1907|0
20|0.4167, 0.4463, 1.0299, -1.0359, -0.4425, -1.4497, 0.6963, 1.1897|0
21|0.4374, 0.4539, 1.0123, -1.0300, -0.4522, -1.4613, 0.7036, 1.1777|0
22|0.4411, 0.4639, 0.9936, -1.0273, -0.4492, -1.4496, 0.7164, 1.1665|0
23|0.4469, 0.4747, 0.9790, -1.0306, -0.4633, -1.4494, 0.7219, 1.1608|0
24|0.4299, 0.4655, 0.9592, -1.0554, -0.4674, -1.4566, 0.7238, 1.1613|0
25|0.4501, 0.4644, 0.9296, -1.0722, -0.4706, -1.4671, 0.7391, 1.1745|0
26|0.4495, 0.4572, 0.9256, -1.0625, -0.4696, -1.4844, 0.7386, 1.1911|0
27|0.4627, 0.4642, 0.9213, -1.0639, -0.4936, -1.4642, 0.7361, 1.2074|0
28|0.4581, 0.4756, 0.9012, -1.0640, -0.5012, -1.4833, 0.7508, 1.2011|0
29|0.4746, 0.4672, 0.8788, -1.0570, -0.4844, -1.4951, 0.7561, 1.1987|0
30|0.4767, 0.4827, 0.8729, -1.0591, -0.4905, -1.5039, 0.7722, 1.1870|0
31|0.4773, 0.4679, 0.8695, -1.0770, -0.4852, -1.5289, 0.7664, 1.1872|0
32|0.4755, 0.4795, 0.8777, -1.0651, -0.4935, -1.5341, 0.7680, 1.1778|0
33|0.4697, 0.4800, 0.8821, -1.0644, -0.4931, -1.5268, 0.7682, 1.1810|0
34|0.4788, 0.4852, 0.8743, -1.0798, -0.5035, -1.5416, 0.7645, 1.1698|0
35|0.4655, 0.5052, 0.8773, -1.0823, -0.5111, -1.5424, 0.7598, 1.1583|0
36|0.4551, 0.5083, 0.8659, -1.0846, -0.5132, -1.5500, 0.7562, 1.1452|0
37|0.4627, 0.5182, 0.8589, -1.0877, -0.5189, -1.5723, 0.7531, 1.1414|40
38|0.4717, 0.5027, 0.8627, -1.0767, -0.5207, -1.5637, 0.7542, 1.1379|0
39|0.4576, 0.5190, 0.8695, -1.0770, -0.5144, -1.5687, 0.7660, 1.1342|0
40|0.4553, 0.5098, 0.8714, -1.0832, -0.5142, -1.5565, 0.7507, 1.1458|0
41|0.4426, 0.5152, 0.8494, -1.0748, -0.5196, -1.5682, 0.7534, 1.1310|40
42|0.4315, 0.5197, 0.8231, -1.0654, -0.5408, -1.5774, 0.7493, 1.1400|0
43|0.4234, 0.5103, 0.8165, -1.0693, -0.5302, -1.5751, 0.7539, 1.1618|40
44|0.4242, 0.5050, 0.8070, -1.0813, -0.5261, -1.5728, 0.7549, 1.1711|0
45|0.4433, 0.4953, 0.7717, -1.0855, -0.5285, -1.5621, 0.7652, 1.1684|0
46|0.4434, 0.4860, 0.7670, -1.1029, -0.5368, -1.5639, 0.7746, 1.1558|0
47|0.4537, 0.4947, 0.7607, -1.1216, -0.5544, -1.5750, 0.7749, 1.1399|40
48|0.4531, 0.4970, 0.7356, -1.1307, -0.5573, -1.5903, 0.7839, 1.1424|0
49|0.4408, 0.5218, 0.7176, -1.1451, -0.5701, -1.6037, 0.7836, 1.1377|0
50|0.4359, 0.5138, 0.7009, -1.1654, -0.5741, -1.6067, 0.7884, 1.1333|40
51|0.4436, 0.5225, 0.6988, -1.1549, -0.5663, -1.6093, 0.8102, 1.1273|0
52|0.4604, 0.5252, 0.6726, -1.1366, -0.5743, -1.5966, 0.8137, 1.1383|0
53|0.4488, 0.5240, 0.6635, -1.1339, -0.5783, -1.5966, 0.8061, 1.1423|0
54|0.4461, 0.5169, 0.6405, -1.1234, -0.5785, -1.5941, 0.8058, 1.1365|0
55|0.4456, 0.5099, 0.6336, -1.1527, -0.5796, -1.5974, 0.8104, 1.1260|0
56|0.4437, 0.5128, 0.6253, -1.1453, -0.5699, -1.5970, 0.8014, 1.1001|40
57|0.4601, 0.4867, 0.6324, -1.1364, -0.5628, -1.5924, 0.7823, 1.0995|40
58|0.4616, 0.4698, 0.6157, -1.1530, -0.5740, -1.5863, 0.7708, 1.0881|0
59|0.4531, 0.4525, 0.6077, -1.1640, -0.5649, -1.5996, 0.7717, 1.1003|0
60|0.4526, 0.4642, 0.5886, -1.1694, -0.5805, -1.6169, 0.7650, 1.1010|40
61|0.4364, 0.4772, 0.5807, -1.1772, -0.5906, -1.6145, 0.7638, 1.0949|0
62|0.4525, 0.4705, 0.5628, -1.1753, -0.5837, -1.6090, 0.7651, 1.0803|40
63|0.4681, 0.4700, 0.5415, -1.2031, -0.5855, -1.6239, 0.7686, 1.0741|0
