0|0.9521, 0.4204, -1.3554, 0.2191, 0.1068, 0.3056, 0.1657, 0.8148|0
0|-0.3654, -0.5704, 1.1224, -1.2038, -0.5983, -0.0005, -0.6859, -0.7972|0
0|0.6272, -0.7535, 1.3195, 0.1356, 0.1829, -0.7436, 1.4691, 0.6045|0
0|1.3795, -0.5225, -1.1356, 0.4179, 1.2392, -1.0202, 0.9267, 1.3386|0
0|1.3239, -0.3313, -0.8081, 1.0997, -0.9548, 0.7490, 1.0230, 1.3202|0
0|0.8298, -1.1653, 1.1951, 0.8112, -0.3041, -0.5171, 0.4633, -1.2238|0
0|-1.3138, 0.2277, 1.1528, 0.9084, 0.0031, -0.2899, 0.7323, 0.9932|0
0|1.4011, 0.5719, -1.3064, 0.4926, 1.0453, 1.1268, 0.2263, -0.4812|0
0|1.2024, 0.7745, 1.4400, -0.0403, 1.1382, 1.0784, 1.0102, -0.3144|0
0|-1.0359, 0.5486, -0.6914, 0.1669, -0.5548, 0.7585, -0.6454, -1.3977|0
0|-1.4962, 0.7459, -0.6323, 1.1517, -0.5449, -0.0081, -1.3577, 0.5811|0
0|-0.5921, -0.0585, -1.4638, 1.3860, 1.4291, 0.3740, -0.4905, -0.1131|80
