0|-1.3979, -0.2192, -0.0480, 0.3407, -0.7173, 0.6428, 0.4984, 0.7884|0
1|-1.4045, -0.2123, -0.0643, 0.3289, -0.7188, 0.6613, 0.4786, 0.8026|0
2|-1.4121, -0.2080, -0.0760, 0.3496, -0.7353, 0.6530, 0.4626, 0.8125|0
3|-1.3940, -0.2200, -0.0908, 0.3384, -0.7298, 0.6234, 0.4580, 0.7991|0
4|-1.3920, -0.2241, -0.1125, 0.3232, -0.7314, 0.6237, 0.4570, 0.7960|0
5|-1.3815, -0.2154, -0.1023, 0.3355, -0.7276, 0.6292, 0.4598, 0.7876|0
6|-1.3750, -0.2066, -0.1088, 0.3394, -0.7367, 0.6332, 0.4656, 0.7964|0
7|-1.3837, -0.2011, -0.1285, 0.3087, -0.7405, 0.6288, 0.4666, 0.8076|0
8|-1.3878, -0.1949, -0.1435, 0.2898, -0.7520, 0.6263, 0.4700, 0.8150|0
9|-1.3779, -0.1948, -0.1404, 0.2647, -0.7638, 0.6275, 0.4752, 0.8357|0
10|-1.3863, -0.2015, -0.1411, 0.2584, -0.7543, 0.6233, 0.4658, 0.8447|0
11|-1.3883, -0.2138, -0.1559, 0.2351, -0.7462, 0.6267, 0.4752, 0.8444|0
12|-1.3847, -0.2061, -0.1860, 0.2283, -0.7639, 0.6247, 0.4810, 0.8436|0
13|-1.3867, -0.2079, -0.1856, 0.2288, -0.7795, 0.6171, 0.4696, 0.8418|0
14|-1.3883, -0.1976, -0.2278, 0.2235, -0.7848, 0.6079, 0.4812, 0.8404|0
15|-1.3931, -0.2162, -0.2406, 0.2206, -0.7758, 0.5927, 0.4862, 0.8569|0
16|-1.4054, -0.2224, -0.2530, 0.2085, -0.7892, 0.5719, 0.5029, 0.8534|0
17|-1.4069, -0.2356, -0.2655, 0.2066, -0.8072, 0.5670, 0.5001, 0.8440|0
18|-1.4046, -0.2298, -0.2791, 0.2092, -0.8210, 0.5688, 0.4988, 0.8427|0
19|-1.4039, -0.2298, -0.2866, 0.1846, -0.8318, 0.5565, 0.5073, 0.8511|280
20|-1.4210, -0.2306, -0.3061, 0.1750, -0.8404, 0.5558, 0.5056, 0.8610|0
21|-1.4328, -0.2359, -0.3136, 0.1749, -0.8592, 0.5379, 0.4857, 0.8514|0
22|-1.4322, -0.2258, -0.3148, 0.1846, -0.8591, 0.5172, 0.4863, 0.8399|0
23|-1.4452, -0.2196, -0.3270, 0.1750, -0.8585, 0.5089, 0.4890, 0.8507|0
24|-1.4588, -0.2290, -0.3310, 0.1646, -0.8582, 0.5073, 0.4760, 0.8480|0
25|-1.4626, -0.2429, -0.3329, 0.1499, -0.8620, 0.5008, 0.4653, 0.8477|0
26|-1.4587, -0.2448, -0.3430, 0.1263, -0.8542, 0.4886, 0.4563, 0.8491|0
27|-1.4450, -0.2626, -0.3549, 0.1430, -0.8563, 0.4737, 0.4706, 0.8485|40
28|-1.4406, -0.2780, -0.3540, 0.1362, -0.8706, 0.4789, 0.4598, 0.8437|0
29|-1.4233, -0.2704, -0.3597, 0.1180, -0.8765, 0.4725, 0.4445, 0.8249|0
30|-1.4111, -0.2581, -0.3608, 0.1384, -0.8843, 0.4663, 0.4206, 0.8409|0
31|-1.3902, -0.2676, -0.3817, 0.1158, -0.8909, 0.4524, 0.4060, 0.8279|0
