0|-1.0067, -1.1948, -0.1747, -1.0293, 1.0414, 0.8993, -1.2375, -0.2682|0
1|-0.9967, -1.2250, -0.1851, -1.0758, 1.0114, 0.8906, -1.2090, -0.2702|0
2|-1.0066, -1.2213, -0.2070, -1.1006, 0.9917, 0.8882, -1.1983, -0.2597|0
3|-0.9965, -1.2113, -0.1945, -1.1569, 0.9840, 0.8647, -1.1729, -0.2938|0
4|-1.0201, -1.2190, -0.1974, -1.1642, 0.9605, 0.8366, -1.1792, -0.2911|0
5|-0.9977, -1.2371, -0.2282, -1.1754, 0.9345, 0.8192, -1.1540, -0.3018|160
6|-0.9821, -1.2367, -0.2262, -1.2022, 0.9079, 0.7974, -1.1858, -0.3349|40
7|-0.9715, -1.2228, -0.2419, -1.2329, 0.8586, 0.7539, -1.1859, -0.3297|220
8|-0.9411, -1.2344, -0.2328, -1.2965, 0.8249, 0.7211, -1.1945, -0.3584|80
9|-0.9470, -1.2547, -0.2752, -1.3287, 0.8092, 0.6741, -1.1825, -0.3582|220
10|-0.9376, -1.2611, -0.2872, -1.3336, 0.7621, 0.6301, -1.1655, -0.3838|160
11|-0.9251, -1.2641, -0.2809, -1.3672, 0.7576, 0.6172, -1.1680, -0.3794|80
12|-0.9297, -1.2747, -0.2767, -1.3971, 0.7244, 0.5842, -1.1608, -0.3778|200
13|-0.9233, -1.2721, -0.3217, -1.4241, 0.6942, 0.5653, -1.1371, -0.3708|80
14|-0.9039, -1.2868, -0.3230, -1.4688, 0.6884, 0.5506, -1.1633, -0.3858|120
15|-0.9000, -1.2738, -0.3543, -1.4809, 0.6485, 0.5164, -1.1554, -0.4038|100
16|-0.8586, -1.2836, -0.3780, -1.4725, 0.6354, 0.5249, -1.1346, -0.3990|40
17|-0.8645, -1.2886, -0.3923, -1.4724, 0.6060, 0.4993, -1.0899, -0.4173|380
18|-0.8531, -1.2987, -0.4104, -1.4887, 0.5860, 0.4882, -1.0982, -0.4412|200
19|-0.8576, -1.3326, -0.4451, -1.4872, 0.5676, 0.4639, -1.0724, -0.4490|420
20|-0.8276, -1.3287, -0.4491, -1.5067, 0.5590, 0.4871, -1.0634, -0.4536|320
21|-0.8199, -1.3322, -0.4859, -1.5130, 0.5449, 0.4783, -1.0776, -0.4527|160
22|-0.8025, -1.3379, -0.4992, -1.5280, 0.5514, 0.4896, -1.0864, -0.4531|480
23|-0.7935, -1.3509, -0.5236, -1.5364, 0.5416, 0.4610, -1.0786, -0.4435|280
24|-0.7683, -1.3552, -0.5247, -1.5284, 0.5129, 0.4336, -1.0922, -0.4253|120
25|-0.7256, -1.3571, -0.5417, -1.5466, 0.5050, 0.4560, -1.0992, -0.3922|80
26|-0.7189, -1.3883, -0.5329, -1.5258, 0.4813, 0.4519, -1.0855, -0.3918|120
27|-0.7081, -1.3932, -0.5455, -1.5291, 0.4787, 0.4495, -1.0866, -0.3615|220
28|-0.6806, -1.3813, -0.5290, -1.5294, 0.4712, 0.4392, -1.0801, -0.3597|80
29|-0.6666, -1.4014, -0.5469, -1.5421, 0.4638, 0.4195, -1.0833, -0.3485|160
30|-0.6702, -1.4135, -0.5507, -1.5383, 0.4601, 0.4143, -1.0862, -0.3704|40
31|-0.6291, -1.4060, -0.5662, -1.5186, 0.4321, 0.4202, -1.1035, -0.3749|520
