0|1.3603, 0.7255, -0.7766, -0.8980, -0.6501, 0.5611, -1.0855, 1.0480|380
1|1.3614, 0.7072, -0.7725, -0.8911, -0.6509, 0.5535, -1.0811, 1.0394|540
2|1.3571, 0.7119, -0.7948, -0.8979, -0.6539, 0.5575, -1.0788, 1.0397|460
3|1.3670, 0.7103, -0.8001, -0.8816, -0.6683, 0.5485, -1.0822, 1.0356|40
4|1.3630, 0.6987, -0.8100, -0.8860, -0.6707, 0.5468, -1.0748, 1.0299|340
5|1.3772, 0.6954, -0.8203, -0.8869, -0.6620, 0.5387, -1.0624, 1.0271|80
6|1.3714, 0.6995, -0.8382, -0.8986, -0.6386, 0.5280, -1.0557, 1.0454|240
7|1.3838, 0.7090, -0.8430, -0.9053, -0.6407, 0.5111, -1.0404, 1.0529|260
8|1.3869, 0.6956, -0.8768, -0.9215, -0.6309, 0.5006, -1.0254, 1.0408|400
9|1.3861, 0.6785, -0.8806, -0.9203, -0.6337, 0.4999, -1.0282, 1.0262|120
10|1.3757, 0.6991, -0.8830, -0.9415, -0.6366, 0.4973, -1.0354, 1.0322|280
11|1.3834, 0.6971, -0.9124, -0.9653, -0.6279, 0.4940, -1.0233, 1.0348|760
12|1.3730, 0.7121, -0.9284, -0.9746, -0.6289, 0.4765, -1.0144, 1.0445|400
13|1.3830, 0.7038, -0.9228, -0.9828, -0.6224, 0.4657, -0.9998, 1.0427|120
14|1.3716, 0.7032, -0.9436, -0.9899, -0.6332, 0.4579, -1.0058, 1.0488|620
15|1.3669, 0.7114, -0.9482, -0.9961, -0.6212, 0.4355, -1.0080, 1.0273|120
16|1.3576, 0.7109, -0.9539, -0.9979, -0.6237, 0.4311, -0.9918, 1.0492|80
17|1.3645, 0.7080, -0.9472, -1.0171, -0.6195, 0.4246, -0.9901, 1.0553|740
18|1.3621, 0.7047, -0.9560, -1.0386, -0.6071, 0.4204, -1.0031, 1.0461|580
19|1.3557, 0.6907, -0.9569, -1.0359, -0.6049, 0.3938, -1.0017, 1.0432|720
20|1.3662, 0.7114, -0.9485, -1.0331, -0.6118, 0.3908, -0.9957, 1.0368|280
21|1.3713, 0.7036, -0.9605, -1.0273, -0.6107, 0.3959, -0.9831, 1.0322|420
22|1.3748, 0.7051, -0.9580, -1.0347, -0.6096, 0.3936, -0.9853, 1.0240|200
23|1.3730, 0.7031, -0.9618, -1.0310, -0.5904, 0.4042, -0.9851, 1.0296|160
24|1.3716, 0.6927, -0.9476, -1.0499, -0.5921, 0.4026, -1.0063, 1.0301|880
25|1.3738, 0.6878, -0.9469, -1.0510, -0.5887, 0.3890, -0.9863, 1.0291|160
26|1.3782, 0.6646, -0.9578, -1.0466, -0.5800, 0.3817, -0.9769, 1.0267|80
27|1.3717, 0.6762, -0.9698, -1.0542, -0.5710, 0.3826, -0.9750, 1.0282|300
28|1.3703, 0.6579, -0.9744, -1.0783, -0.5616, 0.3610, -0.9636, 1.0355|500
29|1.3743, 0.6407, -0.9665, -1.0816, -0.5592, 0.3688, -0.9669, 1.0461|1120
30|1.3727, 0.6565, -0.9640, -1.0712, -0.5629, 0.3591, -0.9675, 1.0295|260
31|1.3686, 0.6714, -0.9736, -1.0736, -0.5620, 0.3676, -0.9763, 1.0255|240
32|1.3844, 0.6602, -0.9715, -1.0795, -0.5514, 0.3581, -0.9564, 1.0229|340
33|1.4037, 0.6627, -0.9613, -1.0935, -0.5489, 0.3668, -0.9612, 1.0362|560
34|1.4115, 0.6487, -0.9640, -1.0954, -0.5462, 0.3835, -0.9485, 1.0219|40
35|1.4018, 0.6321, -0.9683, -1.1097, -0.5566, 0.3659, -0.9459, 1.0243|160
36|1.4111, 0.6123, -0.9885, -1.1123, -0.5642, 0.3626, -0.9341, 1.0364|1100
37|1.4016, 0.6184, -0.9901, -1.1297, -0.5581, 0.3566, -0.9239, 1.0187|760
38|1.4172, 0.6477, -0.9796, -1.1498, -0.5513, 0.3265, -0.9231, 1.0184|280
39|1.4307, 0.6379, -0.9868, -1.1375, -0.5468, 0.3297, -0.9167, 1.0192|240
40|1.4472, 0.6248, -0.9966, -1.1359, -0.5474, 0.3317, -0.9074, 0.9974|360
41|1.4596, 0.6226, -0.9926, -1.1479, -0.5381, 0.3270, -0.9101, 0.9877|560
42|1.4428, 0.6091, -1.0033, -1.1635, -0.5367, 0.3162, -0.9208, 0.9899|320
43|1.4415, 0.5948, -1.0059, -1.1805, -0.5263, 0.3274, -0.9041, 0.9878|680
44|1.4566, 0.5949, -0.9913, -1.1832, -0.5405, 0.3147, -0.9181, 0.9859|1120
45|1.4668, 0.5841, -0.9790, -1.2051, -0.5470, 0.3169, -0.9072, 1.0007|640
46|1.4629, 0.5776, -0.9788, -1.2072, -0.5454, 0.3194, -0.9123, 0.9925|500
47|1.4494, 0.5702, -0.9647, -1.2155, -0.5481, 0.3283, -0.9013, 0.9900|600
48|1.4533, 0.5503, -0.9597, -1.2155, -0.5543, 0.3242, -0.8982, 0.9808|1600
49|1.4556, 0.5478, -0.9685, -1.2158, -0.5586, 0.3102, -0.8858, 0.9943|420
50|1.4672, 0.5355, -0.9586, -1.2232, -0.5722, 0.2828, -0.8759, 0.9952|360
51|1.4647, 0.5206, -0.9696, -1.2258, -0.5681, 0.2800, -0.8740, 1.0029|340
52|1.4742, 0.5146, -0.9636, -1.2152, -0.5520, 0.2727, -0.8795, 1.0220|460
53|1.4731, 0.5122, -0.9615, -1.2313, -0.5698, 0.2678, -0.8785, 1.0285|80
54|1.4705, 0.5088, -0.9687, -1.2366, -0.5591, 0.2760, -0.8685, 1.0436|240
55|1.4718, 0.5085, -0.9825, -1.2382, -0.5588, 0.2575, -0.8698, 1.0429|260
56|1.4764, 0.4921, -0.9903, -1.2257, -0.5562, 0.2604, -0.8846, 1.0536|1020
57|1.4932, 0.5022, -1.0017, -1.2315, -0.5509, 0.2637, -0.8908, 1.0529|240
58|1.4760, 0.5117, -1.0011, -1.2336, -0.5628, 0.2560, -0.8929, 1.0637|380
59|1.4918, 0.5082, -1.0084, -1.2384, -0.5426, 0.2499, -0.9082, 1.0782|500
60|1.5112, 0.5026, -1.0093, -1.2392, -0.5371, 0.2450, -0.8991, 1.0805|580
61|1.5060, 0.4921, -1.0074, -1.2216, -0.5507, 0.2259, -0.8973, 1.0820|240
62|1.5177, 0.4910, -1.0288, -1.2246, -0.5530, 0.2279, -0.8875, 1.0779|1640
63|1.5062, 0.4973, -1.0312, -1.2271, -0.5435, 0.2205, -0.8789, 1.0520|200
64|1.4982, 0.4979, -1.0304, -1.2130, -0.5389, 0.2094, -0.8787, 1.0662|0
65|1.4777, 0.5020, -1.0267, -1.2148, -0.5377, 0.1916, -0.8909, 1.0564|1380
66|1.4862, 0.4943, -1.0268, -1.2225, -0.5336, 0.1964, -0.8896, 1.0564|1000
67|1.4945, 0.4894, -1.0343, -1.2223, -0.5221, 0.1984, -0.8762, 1.0560|700
68|1.4916, 0.4828, -1.0384, -1.2112, -0.5320, 0.1892, -0.8895, 1.0696|280
69|1.5008, 0.4954, -1.0477, -1.2084, -0.5210, 0.2050, -0.9003, 1.0554|80
70|1.5171, 0.4841, -1.0399, -1.2162, -0.5059, 0.1965, -0.8846, 1.0530|300
71|1.5077, 0.4784, -1.0419, -1.2114, -0.5071, 0.1790, -0.8742, 1.0576|320
72|1.5160, 0.4637, -1.0384, -1.2275, -0.5162, 0.1615, -0.8843, 1.0544|760
73|1.5285, 0.4657, -1.0448, -1.2320, -0.5032, 0.1635, -0.8651, 1.0561|580
74|1.5262, 0.4714, -1.0407, -1.2294, -0.4961, 0.1621, -0.8736, 1.0614|160
75|1.5221, 0.4582, -1.0416, -1.2450, -0.5040, 0.1751, -0.8747, 1.0636|240
76|1.5207, 0.4566, -1.0466, -1.2429, -0.5090, 0.1827, -0.8650, 1.0615|580
77|1.5155, 0.4537, -1.0445, -1.2431, -0.4992, 0.1783, -0.8493, 1.0568|560
78|1.5292, 0.4493, -1.0565, -1.2421, -0.5046, 0.1773, -0.8628, 1.0507|40
79|1.5395, 0.4503, -1.0690, -1.2539, -0.5080, 0.1812, -0.8657, 1.0562|380
80|1.5576, 0.4606, -1.0635, -1.2467, -0.5102, 0.1750, -0.8608, 1.0542|160
81|1.5727, 0.4535, -1.0601, -1.2430, -0.5201, 0.1689, -0.8619, 1.0402|160
82|1.5923, 0.4441, -1.0753, -1.2637, -0.5253, 0.1606, -0.8610, 1.0429|700
83|1.6046, 0.4179, -1.0996, -1.2576, -0.5247, 0.1616, -0.8635, 1.0538|860
84|1.6162, 0.4233, -1.0987, -1.2620, -0.5163, 0.1579, -0.8588, 1.0428|80
85|1.6227, 0.4113, -1.1003, -1.2645, -0.5180, 0.1352, -0.8666, 1.0311|600
86|1.6350, 0.4029, -1.0995, -1.2519, -0.5125, 0.1285, -0.8429, 1.0292|560
87|1.6498, 0.3896, -1.0904, -1.2520, -0.4826, 0.1362, -0.8347, 1.0382|80
88|1.6424, 0.3808, -1.0932, -1.2399, -0.4900, 0.1275, -0.8109, 1.0381|1160
89|1.6521, 0.3803, -1.0865, -1.2498, -0.5022, 0.1166, -0.7940, 1.0355|560
90|1.6583, 0.3703, -1.0869, -1.2493, -0.4902, 0.1190, -0.7835, 1.0227|480
91|1.6691, 0.3548, -1.1097, -1.2411, -0.4685, 0.0918, -0.7868, 1.0091|240
92|1.6594, 0.3541, -1.1140, -1.2412, -0.4795, 0.0814, -0.7869, 1.0041|520
93|1.6585, 0.3553, -1.1368, -1.2189, -0.4595, 0.0681, -0.7927, 1.0142|420
94|1.6564, 0.3457, -1.1401, -1.2241, -0.4449, 0.0689, -0.8080, 1.0204|600
95|1.6565, 0.3288, -1.1384, -1.2126, -0.4401, 0.0514, -0.8093, 1.0171|80
96|1.6692, 0.3265, -1.1335, -1.2237, -0.4583, 0.0501, -0.8066, 1.0009|1320
97|1.6812, 0.3187, -1.1326, -1.2455, -0.4710, 0.0505, -0.8012, 1.0064|760
98|1.6780, 0.3064, -1.1292, -1.2335, -0.4638, 0.0484, -0.7937, 1.0184|1140
99|1.6760, 0.2998, -1.1238, -1.2461, -0.4541, 0.0473, -0.7995, 1.0041|160
