0|-1.0341, 1.3738, -1.3639, -1.0099, 0.6313, 0.7834, -0.3335, 0.9081|40
1|-1.0709, 1.3050, -1.3754, -1.0645, 0.5794, 0.7782, -0.2466, 0.9005|0
2|-1.0677, 1.2632, -1.3538, -1.1539, 0.5434, 0.7234, -0.2705, 0.8253|0
3|-1.0108, 1.2716, -1.2420, -1.2397, 0.4468, 0.6629, -0.2341, 0.8315|780
4|-0.9499, 1.2877, -1.2360, -1.2067, 0.4680, 0.6525, -0.2902, 0.8576|40
5|-0.8866, 1.3535, -1.1952, -1.2597, 0.3707, 0.6230, -0.3050, 0.7900|40
6|-0.8570, 1.3856, -1.1553, -1.3043, 0.3250, 0.5777, -0.3968, 0.8062|280
7|-0.8080, 1.3417, -1.1611, -1.2900, 0.4351, 0.5536, -0.3000, 0.8133|260
8|-0.7626, 1.3912, -1.2220, -1.3292, 0.3924, 0.5706, -0.2773, 0.7362|240
9|-0.7184, 1.3087, -1.2280, -1.3799, 0.4286, 0.5999, -0.2465, 0.6518|40
10|-0.7027, 1.3915, -1.2687, -1.4137, 0.3860, 0.5439, -0.2163, 0.6121|0
11|-0.6855, 1.3627, -1.3039, -1.3880, 0.3802, 0.4967, -0.3296, 0.6608|620
12|-0.6606, 1.4182, -1.2914, -1.3955, 0.3769, 0.4806, -0.3001, 0.6708|40
13|-0.5684, 1.4758, -1.2480, -1.5036, 0.3718, 0.4600, -0.2834, 0.6836|0
14|-0.5488, 1.4761, -1.2655, -1.5874, 0.2850, 0.3941, -0.2782, 0.6164|320
15|-0.5278, 1.4915, -1.2759, -1.7419, 0.2865, 0.4220, -0.2780, 0.6244|420
16|-0.5012, 1.5105, -1.2940, -1.7746, 0.1852, 0.3578, -0.2458, 0.6432|0
17|-0.5112, 1.5050, -1.3357, -1.7546, 0.1603, 0.3627, -0.2299, 0.7007|80
18|-0.5529, 1.4065, -1.3593, -1.6693, 0.2302, 0.2901, -0.1728, 0.6830|40
19|-0.5249, 1.3406, -1.3412, -1.6663, 0.2016, 0.2694, -0.2511, 0.7251|160
20|-0.5248, 1.3065, -1.3026, -1.6643, 0.1721, 0.2435, -0.2308, 0.7317|260
21|-0.5386, 1.2507, -1.3202, -1.6633, 0.1215, 0.2873, -0.2054, 0.7721|240
22|-0.4351, 1.2201, -1.3178, -1.7452, 0.1799, 0.2325, -0.1191, 0.7940|120
23|-0.4918, 1.1698, -1.3611, -1.8102, 0.3156, 0.2260, -0.1405, 0.8417|80
24|-0.4944, 1.1505, -1.3102, -1.9031, 0.2410, 0.2022, -0.0638, 0.8698|40
25|-0.4548, 1.1002, -1.2946, -1.9552, 0.1482, 0.1362, 0.0073, 0.8402|240
26|-0.3911, 1.0915, -1.3378, -2.0504, 0.1852, 0.1109, -0.0155, 0.7751|180
27|-0.3647, 1.0137, -1.3228, -2.0240, 0.2099, 0.0485, -0.0287, 0.8455|780
28|-0.2999, 0.9401, -1.3970, -1.9994, 0.1740, 0.0744, -0.0492, 0.8969|340
29|-0.2751, 0.9277, -1.4492, -2.0116, 0.2486, 0.0329, -0.0573, 0.8501|280
30|-0.2335, 0.8567, -1.4535, -1.9501, 0.3164, 0.0361, 0.0238, 0.8666|800
31|-0.2295, 0.7926, -1.5448, -2.0002, 0.3510, 0.0445, 0.0484, 0.8203|500
32|-0.2281, 0.8074, -1.5770, -2.0038, 0.3371, 0.0310, 0.1645, 0.7376|120
33|-0.1884, 0.7838, -1.5492, -2.0386, 0.4027, -0.0411, 0.2338, 0.6706|440
34|-0.2088, 0.8183, -1.5626, -2.1332, 0.4372, -0.0847, 0.1821, 0.6356|160
35|-0.1254, 0.7870, -1.5573, -2.0975, 0.4519, -0.1472, 0.0632, 0.6553|240
36|-0.0526, 0.8342, -1.5525, -2.1240, 0.4049, -0.1522, 0.0470, 0.6514|100
37|-0.0850, 0.9077, -1.5446, -2.0536, 0.4028, -0.2662, 0.0388, 0.7220|180
38|-0.0587, 0.8543, -1.4726, -2.0833, 0.3458, -0.2994, 0.1608, 0.6973|580
39|-0.1416, 0.7927, -1.5594, -2.1277, 0.4268, -0.2940, 0.1923, 0.7238|180
40|-0.1174, 0.7407, -1.5741, -2.0357, 0.4026, -0.3120, 0.2148, 0.6703|800
41|-0.1067, 0.6830, -1.4945, -2.0245, 0.4133, -0.3747, 0.2314, 0.6281|420
42|-0.1527, 0.6576, -1.4159, -2.0900, 0.4198, -0.4088, 0.2495, 0.6240|440
43|-0.0155, 0.5999, -1.4734, -2.0715, 0.5296, -0.4715, 0.2240, 0.6491|1540
44|-0.0719, 0.6064, -1.5716, -2.0146, 0.4677, -0.4539, 0.1011, 0.6964|260
45|-0.0869, 0.5769, -1.5956, -1.9982, 0.3692, -0.4808, 0.0830, 0.7405|160
46|-0.0366, 0.5909, -1.6156, -2.0258, 0.3170, -0.5463, 0.1847, 0.7599|200
47|-0.0265, 0.5667, -1.6206, -2.0161, 0.3150, -0.5775, 0.2402, 0.8291|980
48|0.0188, 0.5476, -1.6873, -2.0092, 0.3772, -0.5650, 0.1798, 0.8057|440
49|-0.0012, 0.5420, -1.7063, -1.9835, 0.3846, -0.5315, 0.2493, 0.7375|480
50|-0.0274, 0.5192, -1.7023, -1.9969, 0.4222, -0.5084, 0.2807, 0.7088|660
51|-0.0341, 0.4731, -1.7069, -1.9211, 0.4276, -0.5270, 0.3073, 0.6724|120
52|-0.0245, 0.4892, -1.7207, -1.8956, 0.3783, -0.5029, 0.2167, 0.7176|120
53|-0.0168, 0.5083, -1.7117, -1.8918, 0.3567, -0.5796, 0.2332, 0.7323|440
54|0.0158, 0.4583, -1.7837, -1.9162, 0.2571, -0.6036, 0.2103, 0.7744|680
55|0.1081, 0.4241, -1.8340, -1.8981, 0.2201, -0.5318, 0.2103, 0.7010|900
56|0.0968, 0.3884, -1.8378, -1.8334, 0.2701, -0.4373, 0.2215, 0.6893|720
57|0.0819, 0.2635, -1.8795, -1.8658, 0.2933, -0.4444, 0.2120, 0.7298|240
58|0.1639, 0.2465, -1.8320, -1.8340, 0.3277, -0.4313, 0.2045, 0.7548|200
59|0.1735, 0.3078, -1.8766, -1.8709, 0.2894, -0.4143, 0.1449, 0.7658|160
60|0.2610, 0.2870, -1.8471, -1.8011, 0.2503, -0.4463, 0.1616, 0.7644|580
61|0.3160, 0.2934, -1.7720, -1.8455, 0.3480, -0.4247, 0.1405, 0.8035|220
62|0.3190, 0.3662, -1.7390, -1.8429, 0.3349, -0.4720, 0.2288, 0.8429|380
63|0.3183, 0.4108, -1.6668, -1.8606, 0.3466, -0.4995, 0.2348, 0.7942|360
64|0.3388, 0.3424, -1.6696, -1.8551, 0.2559, -0.4766, 0.2141, 0.7336|2340
65|0.3863, 0.3750, -1.6359, -1.9323, 0.3274, -0.5199, 0.2923, 0.7151|1160
66|0.3534, 0.4328, -1.5933, -1.9635, 0.3950, -0.5732, 0.2563, 0.7572|200
67|0.3946, 0.4028, -1.6938, -1.9307, 0.3699, -0.6977, 0.2368, 0.8277|840
68|0.3904, 0.3957, -1.7313, -1.9935, 0.3303, -0.7359, 0.2495, 0.8436|860
69|0.4007, 0.4289, -1.7183, -1.8976, 0.2748, -0.7308, 0.3131, 0.8137|2780
70|0.4881, 0.3759, -1.7417, -1.8433, 0.2711, -0.7772, 0.2906, 0.8323|580
71|0.4505, 0.3973, -1.8886, -1.8288, 0.3499, -0.8010, 0.1865, 0.7613|1000
72|0.5302, 0.4326, -1.8805, -1.7567, 0.4207, -0.8329, 0.1283, 0.7977|460
73|0.5487, 0.4407, -1.9461, -1.7320, 0.4018, -0.7679, 0.1390, 0.8131|560
74|0.6386, 0.3884, -2.0001, -1.6645, 0.3556, -0.7502, 0.1160, 0.8345|860
75|0.6974, 0.2474, -2.0210, -1.6539, 0.3574, -0.8997, 0.0290, 0.8784|360
76|0.6341, 0.2490, -1.9959, -1.6569, 0.3153, -0.8940, 0.0269, 0.8184|240
77|0.6580, 0.1910, -1.9748, -1.6500, 0.4380, -0.8731, 0.0352, 0.8806|360
78|0.6718, 0.1273, -2.0000, -1.6406, 0.4805, -0.9343, -0.0268, 0.8515|680
79|0.7062, 0.0826, -1.9941, -1.5293, 0.5398, -0.9104, -0.0536, 0.7972|1400
80|0.7366, 0.0783, -2.0480, -1.5676, 0.5191, -0.9187, -0.1096, 0.8728|280
81|0.6735, 0.0560, -2.0204, -1.5759, 0.4783, -0.9078, -0.0614, 0.9228|1080
82|0.6519, 0.1000, -2.0091, -1.5637, 0.4524, -0.9250, -0.1581, 0.9813|200
83|0.6844, 0.1777, -2.0450, -1.5861, 0.3913, -0.9667, -0.1412, 0.9563|920
84|0.6103, 0.1560, -2.1219, -1.6535, 0.4583, -0.9169, -0.1312, 0.9646|80
85|0.6757, 0.1202, -2.0388, -1.6459, 0.4367, -0.8847, -0.0814, 0.9552|2620
86|0.6782, 0.1113, -2.0146, -1.7021, 0.4150, -0.9295, -0.0874, 1.0114|1060
87|0.6674, 0.1711, -2.0272, -1.7191, 0.3837, -0.9776, -0.0602, 1.0075|340
88|0.6853, 0.1206, -1.9840, -1.7316, 0.3947, -0.9893, -0.0281, 0.9679|220
89|0.7522, 0.0692, -2.0148, -1.7037, 0.3163, -0.9849, 0.0093, 0.9201|0
90|0.7279, 0.0689, -2.0085, -1.6729, 0.2407, -0.9614, -0.1357, 1.0046|1640
91|0.7061, -0.0056, -2.0017, -1.7175, 0.1996, -1.0887, -0.1259, 0.9823|1860
92|0.7862, -0.0251, -1.9226, -1.6961, 0.2075, -1.1176, -0.1226, 0.9163|2060
93|0.8342, -0.0617, -1.8797, -1.7042, 0.1536, -1.0582, -0.1618, 0.8806|920
94|0.9254, -0.1055, -1.8049, -1.7121, 0.1307, -1.0715, -0.1207, 0.8461|760
95|0.9162, -0.1698, -1.7745, -1.7351, 0.1562, -1.0658, -0.0903, 0.8604|400
96|0.9451, -0.2570, -1.7412, -1.6825, 0.1988, -1.0601, -0.0615, 0.7862|1540
97|0.9825, -0.2573, -1.6271, -1.6782, 0.1823, -1.0350, -0.0367, 0.7493|480
98|1.0282, -0.3300, -1.6270, -1.5844, 0.1251, -0.9925, -0.0068, 0.7812|2820
99|1.0781, -0.3826, -1.7263, -1.5103, 0.1224, -0.8970, -0.0811, 0.7830|2560
