0|-0.1576, -0.5444, -0.0665, 0.8769, -0.5024, -1.3638, -1.3872, 1.1263|40
1|-0.1348, -0.5507, -0.0676, 0.8520, -0.5204, -1.3777, -1.3908, 1.1405|0
2|-0.1331, -0.5393, -0.0670, 0.8527, -0.5111, -1.3860, -1.4021, 1.1298|0
3|-0.1156, -0.5397, -0.0869, 0.8157, -0.5329, -1.3921, -1.4021, 1.1122|0
4|-0.1113, -0.5386, -0.0924, 0.8239, -0.5428, -1.3762, -1.4144, 1.0930|0
5|-0.1209, -0.5579, -0.0891, 0.8080, -0.5507, -1.3409, -1.4310, 1.0839|0
6|-0.1139, -0.5560, -0.0708, 0.8090, -0.5524, -1.3293, -1.4447, 1.0863|0
7|-0.1191, -0.5509, -0.0845, 0.7956, -0.5662, -1.2945, -1.4453, 1.0747|0
8|-0.1304, -0.5641, -0.0736, 0.7704, -0.5897, -1.2911, -1.4533, 1.0702|0
9|-0.1071, -0.5246, -0.0924, 0.7568, -0.6117, -1.2763, -1.4593, 1.0970|0
10|-0.1265, -0.5228, -0.1113, 0.7674, -0.5970, -1.2721, -1.4304, 1.1145|0
11|-0.1254, -0.5386, -0.1174, 0.7828, -0.6343, -1.2713, -1.4354, 1.1251|0
12|-0.1427, -0.5501, -0.1529, 0.7725, -0.6502, -1.2578, -1.4340, 1.1485|0
13|-0.1427, -0.5381, -0.1587, 0.7494, -0.6619, -1.2691, -1.4286, 1.1622|40
14|-0.1627, -0.5217, -0.1671, 0.7349, -0.6637, -1.2730, -1.4244, 1.1505|0
15|-0.1610, -0.5313, -0.1868, 0.7429, -0.6919, -1.2687, -1.4450, 1.1551|0
16|-0.1570, -0.5186, -0.2178, 0.7355, -0.7020, -1.2856, -1.4938, 1.1563|0
17|-0.1462, -0.4850, -0.2454, 0.7324, -0.7429, -1.3011, -1.4930, 1.1760|40
18|-0.1242, -0.4937, -0.2439, 0.7219, -0.7724, -1.3204, -1.4887, 1.2013|40
19|-0.1048, -0.4714, -0.2775, 0.6636, -0.8086, -1.3009, -1.4892, 1.2011|0
20|-0.0743, -0.4783, -0.2971, 0.6212, -0.8168, -1.2964, -1.4820, 1.1824|0
21|-0.0746, -0.4859, -0.3152, 0.5943, -0.8249, -1.2998, -1.4973, 1.1687|120
22|-0.0652, -0.4809, -0.3164, 0.5733, -0.8301, -1.3239, -1.5107, 1.1562|0
23|-0.0877, -0.4671, -0.3144, 0.5498, -0.8698, -1.3390, -1.5056, 1.1550|40
24|-0.1032, -0.4587, -0.3743, 0.5006, -0.8800, -1.3087, -1.5025, 1.1183|0
25|-0.1036, -0.4701, -0.3946, 0.4800, -0.8886, -1.3503, -1.5138, 1.1203|40
26|-0.1156, -0.4745, -0.3876, 0.4512, -0.9030, -1.3504, -1.5208, 1.1116|80
27|-0.1032, -0.4964, -0.3722, 0.4194, -0.9163, -1.3550, -1.5094, 1.1185|0
28|-0.0913, -0.5075, -0.3679, 0.3564, -0.9369, -1.3477, -1.5322, 1.0910|160
29|-0.0805, -0.5245, -0.3685, 0.3138, -0.9375, -1.3599, -1.5258, 1.0956|40
30|-0.0210, -0.5266, -0.3883, 0.2547, -0.9590, -1.3764, -1.5270, 1.0627|180
31|-0.0098, -0.5406, -0.3955, 0.2055, -0.9412, -1.3838, -1.5254, 1.0459|260
32|-0.0215, -0.5629, -0.3970, 0.1315, -0.9230, -1.3707, -1.5106, 1.0349|340
33|-0.0045, -0.5949, -0.4464, 0.1006, -0.9306, -1.3998, -1.5039, 1.0021|180
34|0.0099, -0.6071, -0.4575, 0.0442, -0.9653, -1.4293, -1.5094, 0.9900|320
35|0.0268, -0.6378, -0.4652, 0.0049, -0.9854, -1.4516, -1.5128, 0.9751|740
36|0.0614, -0.6465, -0.4727, -0.0305, -0.9849, -1.4752, -1.5230, 0.9627|360
37|0.0691, -0.6783, -0.4428, -0.0586, -0.9973, -1.4827, -1.5262, 0.9460|600
38|0.0939, -0.7010, -0.4748, -0.0764, -1.0004, -1.4997, -1.4982, 0.9122|360
39|0.1172, -0.6969, -0.4691, -0.0908, -0.9950, -1.5083, -1.4899, 0.8928|400
40|0.1058, -0.7101, -0.5050, -0.1019, -0.9852, -1.5162, -1.4858, 0.9128|500
41|0.1047, -0.7331, -0.5305, -0.0915, -1.0162, -1.5124, -1.4954, 0.8816|360
42|0.1191, -0.7540, -0.5153, -0.1120, -1.0246, -1.5137, -1.4841, 0.8728|640
43|0.1229, -0.7602, -0.5269, -0.1271, -1.0400, -1.5261, -1.4992, 0.8859|760
44|0.1202, -0.7898, -0.5529, -0.1478, -1.0558, -1.5033, -1.5143, 0.8504|720
45|0.1158, -0.8120, -0.5653, -0.1703, -1.0637, -1.4998, -1.4899, 0.8357|540
46|0.1233, -0.8339, -0.5945, -0.2283, -1.0755, -1.5209, -1.4865, 0.8483|840
47|0.1227, -0.8676, -0.6150, -0.2630, -1.0681, -1.5188, -1.4855, 0.8356|80
48|0.1391, -0.8875, -0.6242, -0.2703, -1.0532, -1.5299, -1.4956, 0.8296|700
49|0.1492, -0.9001, -0.6243, -0.3014, -1.0258, -1.5557, -1.4730, 0.8270|640
50|0.1283, -0.8972, -0.6247, -0.3289, -1.0405, -1.5669, -1.4673, 0.8296|760
51|0.1642, -0.9021, -0.6392, -0.3549, -1.0492, -1.5779, -1.4372, 0.8509|820
52|0.2026, -0.9259, -0.6655, -0.3599, -1.0283, -1.6007, -1.4500, 0.8786|1940
53|0.1871, -0.9594, -0.6710, -0.3578, -1.0409, -1.5934, -1.4287, 0.8517|160
54|0.2007, -0.9539, -0.6747, -0.3465, -1.0395, -1.6004, -1.4393, 0.8485|1280
55|0.1971, -0.9629, -0.6519, -0.3535, -1.0355, -1.5992, -1.4526, 0.8617|320
56|0.1853, -0.9499, -0.6655, -0.3721, -1.0072, -1.6155, -1.4608, 0.8542|680
57|0.1963, -0.9843, -0.6991, -0.3769, -1.0216, -1.6328, -1.4553, 0.8523|160
58|0.2042, -1.0126, -0.7048, -0.3438, -0.9998, -1.6167, -1.4520, 0.8371|500
59|0.2259, -1.0322, -0.7133, -0.3318, -1.0116, -1.6605, -1.4583, 0.8401|280
60|0.2329, -1.0675, -0.7156, -0.3597, -1.0125, -1.6554, -1.4445, 0.8515|1140
61|0.2221, -1.0882, -0.7104, -0.3231, -1.0133, -1.6331, -1.4531, 0.8403|800
62|0.2266, -1.0846, -0.7091, -0.3148, -0.9900, -1.6351, -1.4448, 0.8161|700
63|0.2245, -1.0985, -0.7149, -0.3261, -0.9960, -1.6349, -1.4486, 0.8224|400
64|0.2332, -1.0998, -0.7390, -0.3245, -1.0042, -1.6341, -1.4372, 0.8125|1360
65|0.2596, -1.0914, -0.7528, -0.3374, -1.0006, -1.6647, -1.4391, 0.7929|660
66|0.2459, -1.1271, -0.7517, -0.3286, -0.9919, -1.6496, -1.4345, 0.7916|1520
67|0.2370, -1.1213, -0.7341, -0.3563, -0.9768, -1.6619, -1.4291, 0.7427|1680
68|0.2130, -1.1575, -0.7585, -0.3669, -0.9913, -1.6702, -1.4276, 0.7530|700
69|0.2161, -1.1494, -0.7552, -0.3663, -0.9801, -1.6639, -1.4101, 0.7417|1100
70|0.2171, -1.1737, -0.7430, -0.3805, -0.9666, -1.6359, -1.4332, 0.7267|3340
71|0.2264, -1.1936, -0.7409, -0.3565, -0.9232, -1.6656, -1.4226, 0.7294|2540
72|0.2174, -1.2142, -0.7526, -0.3677, -0.9072, -1.6398, -1.4138, 0.7193|1020
73|0.1906, -1.2312, -0.7786, -0.3585, -0.9082, -1.6044, -1.3967, 0.7293|520
74|0.2113, -1.2319, -0.7765, -0.3635, -0.8744, -1.5954, -1.3741, 0.7186|1080
75|0.1928, -1.2552, -0.7862, -0.3595, -0.8721, -1.5803, -1.3723, 0.7397|700
76|0.1943, -1.2696, -0.8006, -0.3801, -0.8884, -1.5923, -1.3623, 0.7437|620
77|0.1844, -1.2747, -0.8132, -0.3853, -0.9002, -1.5789, -1.3473, 0.7378|900
78|0.2067, -1.3102, -0.8123, -0.3902, -0.9067, -1.6009, -1.3259, 0.7392|1240
79|0.1904, -1.3207, -0.8012, -0.3837, -0.9402, -1.5896, -1.3213, 0.7118|740
80|0.2088, -1.3446, -0.8081, -0.3936, -0.9292, -1.5972, -1.3045, 0.6720|600
81|0.2349, -1.3448, -0.7901, -0.4029, -0.9276, -1.5979, -1.3007, 0.6653|2380
82|0.2473, -1.3632, -0.8060, -0.3956, -0.9499, -1.5945, -1.3184, 0.6708|280
83|0.2252, -1.3918, -0.8129, -0.4034, -0.9596, -1.6010, -1.3170, 0.7023|360
84|0.2273, -1.4211, -0.8005, -0.4031, -0.9462, -1.6099, -1.2956, 0.6934|1860
85|0.2312, -1.4450, -0.7958, -0.3949, -0.9399, -1.6194, -1.2986, 0.7168|1420
86|0.2188, -1.4748, -0.8007, -0.3745, -0.9307, -1.6164, -1.2983, 0.7248|420
87|0.2157, -1.4624, -0.8064, -0.3667, -0.9468, -1.6006, -1.2960, 0.7133|1620
88|0.2587, -1.4571, -0.8058, -0.3637, -0.9567, -1.6130, -1.2995, 0.7225|1040
89|0.2546, -1.4605, -0.8053, -0.3471, -0.9328, -1.6102, -1.2732, 0.7188|1540
90|0.2596, -1.4664, -0.8087, -0.3567, -0.9304, -1.5890, -1.2547, 0.7287|300
91|0.3002, -1.4855, -0.8445, -0.3708, -0.9251, -1.5754, -1.2621, 0.7237|1180
92|0.2989, -1.5285, -0.8457, -0.3813, -0.9230, -1.5497, -1.2484, 0.6970|840
93|0.2849, -1.5433, -0.8748, -0.3947, -0.9022, -1.5576, -1.2443, 0.7199|840
94|0.2869, -1.5846, -0.8560, -0.4238, -0.9029, -1.5478, -1.2124, 0.7285|1460
95|0.2846, -1.6067, -0.8241, -0.4366, -0.8998, -1.5109, -1.1950, 0.7516|900
96|0.2777, -1.6244, -0.8175, -0.4281, -0.9171, -1.4942, -1.1907, 0.7198|820
97|0.2815, -1.6695, -0.8219, -0.4298, -0.8789, -1.4764, -1.1875, 0.7155|1020
98|0.2944, -1.6777, -0.8193, -0.4286, -0.8933, -1.4626, -1.1585, 0.6951|2060
99|0.2627, -1.6819, -0.8088, -0.4216, -0.9086, -1.4603, -1.1432, 0.6987|820
