0|0.7529, -0.2063, 0.0765, 0.6089, -0.6217, -0.2470, -0.4384, 1.1831|0
1|0.7682, -0.2415, 0.0641, 0.6050, -0.6265, -0.2507, -0.4280, 1.1428|0
2|0.7613, -0.2624, 0.0270, 0.5648, -0.6477, -0.2953, -0.4285, 1.1409|0
3|0.7508, -0.2732, 0.0215, 0.5380, -0.6471, -0.3126, -0.4263, 1.1431|0
4|0.7710, -0.3027, -0.0102, 0.5218, -0.6235, -0.3253, -0.4379, 1.1688|40
5|0.7811, -0.3313, -0.0562, 0.5011, -0.6453, -0.3303, -0.4057, 1.1994|0
6|0.7851, -0.3359, -0.1045, 0.4708, -0.6375, -0.3384, -0.4138, 1.2006|40
7|0.8118, -0.3276, -0.1631, 0.4640, -0.6597, -0.3829, -0.3893, 1.2056|80
8|0.7847, -0.3157, -0.2147, 0.4417, -0.6694, -0.3931, -0.3897, 1.1788|0
9|0.7845, -0.2715, -0.2459, 0.3987, -0.6736, -0.3788, -0.4029, 1.1796|40
10|0.7782, -0.2882, -0.2411, 0.3307, -0.6806, -0.3825, -0.4184, 1.2203|0
11|0.7970, -0.3093, -0.2796, 0.2734, -0.6976, -0.4001, -0.4386, 1.1946|40
12|0.7976, -0.3243, -0.2778, 0.2312, -0.6965, -0.3871, -0.4416, 1.1065|120
13|0.7946, -0.3424, -0.3021, 0.1846, -0.6941, -0.4190, -0.4004, 1.0969|80
14|0.8295, -0.3584, -0.3478, 0.1407, -0.6975, -0.3954, -0.3762, 1.0640|180
15|0.8516, -0.3358, -0.3554, 0.0611, -0.7033, -0.3854, -0.3987, 1.0551|80
16|0.8409, -0.3734, -0.3951, 0.0126, -0.7454, -0.4146, -0.3803, 1.0220|80
17|0.8287, -0.3998, -0.3809, -0.0523, -0.7417, -0.4210, -0.3546, 0.9873|240
18|0.8101, -0.4466, -0.3613, -0.1389, -0.7233, -0.4378, -0.3789, 0.9707|160
19|0.7976, -0.4783, -0.3724, -0.2014, -0.6952, -0.4730, -0.4054, 0.9156|840
20|0.8022, -0.4780, -0.3516, -0.2658, -0.6926, -0.4903, -0.4045, 0.8945|280
21|0.8174, -0.5211, -0.3497, -0.3284, -0.6890, -0.4879, -0.3810, 0.8727|720
22|0.8442, -0.5635, -0.3848, -0.3757, -0.6909, -0.4875, -0.3641, 0.8425|1040
23|0.8179, -0.5999, -0.3866, -0.4111, -0.6459, -0.4948, -0.3693, 0.8257|1000
24|0.8481, -0.6300, -0.3994, -0.3982, -0.6346, -0.4955, -0.3540, 0.7824|1480
25|0.8571, -0.6207, -0.4362, -0.4155, -0.6274, -0.4841, -0.3453, 0.7801|2100
26|0.8913, -0.6464, -0.4310, -0.4317, -0.5970, -0.4765, -0.3399, 0.7779|540
27|0.8872, -0.6600, -0.4473, -0.4331, -0.5870, -0.5056, -0.3239, 0.7589|1760
28|0.8962, -0.7155, -0.4424, -0.4428, -0.5571, -0.4987, -0.3264, 0.7283|500
29|0.9327, -0.7504, -0.4680, -0.4612, -0.5793, -0.4896, -0.3163, 0.7123|1040
30|0.9414, -0.7326, -0.5011, -0.4589, -0.5633, -0.4474, -0.3177, 0.6727|2320
31|0.9441, -0.7567, -0.4926, -0.4317, -0.5451, -0.4687, -0.3192, 0.6587|1800
32|0.9729, -0.7944, -0.4810, -0.4269, -0.5028, -0.4634, -0.3127, 0.6596|1060
33|0.9566, -0.8101, -0.4794, -0.4231, -0.4674, -0.4378, -0.3018, 0.6180|3160
34|0.9552, -0.8235, -0.4870, -0.4251, -0.4366, -0.3821, -0.3145, 0.5974|3480
35|0.9307, -0.8692, -0.4947, -0.3970, -0.4453, -0.3405, -0.2954, 0.5704|1520
36|0.9459, -0.9083, -0.4725, -0.3981, -0.4683, -0.3103, -0.3002, 0.5249|2840
37|0.9238, -0.9609, -0.4234, -0.3537, -0.4582, -0.2927, -0.3149, 0.5013|440
38|0.9120, -0.9582, -0.4278, -0.3687, -0.4424, -0.2748, -0.3202, 0.4883|3340
39|0.9178, -0.9878, -0.4160, -0.3869, -0.4144, -0.2381, -0.2943, 0.4572|1480
40|0.9545, -1.0585, -0.4206, -0.3960, -0.3763, -0.2369, -0.2689, 0.4720|4720
41|0.9784, -1.1015, -0.3847, -0.3726, -0.3511, -0.2218, -0.2373, 0.4293|400
42|0.9615, -1.1143, -0.3667, -0.3645, -0.3433, -0.2284, -0.2215, 0.4203|2420
43|0.9769, -1.1583, -0.3547, -0.3439, -0.3162, -0.2286, -0.2415, 0.4279|1240
44|1.0003, -1.1618, -0.3123, -0.3469, -0.3100, -0.2289, -0.2203, 0.4395|2020
45|1.0009, -1.1921, -0.2883, -0.3169, -0.2863, -0.1889, -0.2077, 0.4013|5660
46|1.0081, -1.2272, -0.2602, -0.3363, -0.2862, -0.1673, -0.2117, 0.3833|15760
47|1.0160, -1.2876, -0.2266, -0.3234, -0.2688, -0.1088, -0.1919, 0.3849|1240
48|0.9849, -1.2985, -0.2251, -0.3453, -0.2326, -0.0971, -0.1427, 0.3436|1360
49|0.9913, -1.3183, -0.2154, -0.3110, -0.1847, -0.0954, -0.1589, 0.3280|16500
50|1.0094, -1.3504, -0.2075, -0.3014, -0.1508, -0.0403, -0.1603, 0.3271|53720
51|1.0235, -1.3868, -0.1884, -0.2896, -0.1255, -0.0376, -0.1280, 0.2822|20140
52|1.0286, -1.4247, -0.1549, -0.2675, -0.1226, 0.0171, -0.0583, 0.2683|37780
53|0.9852, -1.4225, -0.1355, -0.2556, -0.1201, 0.0398, -0.0272, 0.2321|9980
54|0.9889, -1.4521, -0.1422, -0.2709, -0.1128, 0.0394, -0.0195, 0.2078|76380
55|0.9776, -1.4678, -0.1412, -0.2538, -0.0625, 0.0214, -0.0367, 0.1772|201820
56|0.9585, -1.4882, -0.1219, -0.2262, -0.0523, 0.0312, -0.0537, 0.1898|28880
57|0.9701, -1.5410, -0.1126, -0.2278, -0.0558, 0.0385, -0.0465, 0.1541|33840
58|0.9708, -1.5972, -0.1037, -0.2554, -0.0574, 0.0304, -0.0195, 0.1789|66360
59|0.9615, -1.6466, -0.0930, -0.2550, -0.0618, 0.0396, -0.0399, 0.1653|15880
60|0.9431, -1.6841, -0.1071, -0.2639, -0.0612, 0.0300, -0.0115, 0.1618|55460
61|0.8987, -1.6957, -0.1176, -0.2562, -0.0653, 0.0223, -0.0218, 0.1491|192380
62|0.8993, -1.6931, -0.0976, -0.2496, -0.0715, 0.0249, -0.0113, 0.1490|8120
63|0.9091, -1.7205, -0.0954, -0.2427, -0.0668, 0.0270, -0.0269, 0.1227|118840
64|0.9229, -1.7461, -0.1090, -0.2531, -0.0885, 0.0464, -0.0088, 0.1188|106440
65|0.8919, -1.7536, -0.1179, -0.2452, -0.0804, 0.0281, -0.0267, 0.1021|328620
66|0.8926, -1.8011, -0.0943, -0.2666, -0.0658, 0.0394, -0.0297, 0.1072|80220
67|0.8717, -1.8106, -0.1060, -0.2721, -0.0312, 0.0352, -0.0650, 0.0977|56540
68|0.8987, -1.8300, -0.1077, -0.2683, -0.0151, 0.0078, -0.0485, 0.1181|52600
69|0.9189, -1.8374, -0.1044, -0.2352, -0.0440, 0.0204, -0.0422, 0.1330|60020
70|0.9235, -1.8673, -0.1044, -0.2689, -0.0497, -0.0041, -0.0174, 0.1168|19380
71|0.9249, -1.8781, -0.1020, -0.2257, -0.0747, -0.0061, -0.0149, 0.1339|70440
72|0.9102, -1.8575, -0.0786, -0.2523, -0.0691, 0.0068, -0.0161, 0.1591|299600
73|0.9261, -1.8901, -0.0920, -0.2693, -0.0831, -0.0013, -0.0328, 0.1544|88380
74|0.9207, -1.9224, -0.0921, -0.2294, -0.0754, -0.0115, -0.0525, 0.1338|131920
75|0.9446, -1.9022, -0.0680, -0.2483, -0.0894, -0.0299, -0.0326, 0.1117|98500
76|0.9464, -1.9117, -0.0639, -0.2420, -0.0736, -0.0255, -0.0092, 0.0808|34420
77|0.9456, -1.9107, -0.0636, -0.2057, -0.0844, 0.0128, -0.0307, 0.0828|56840
78|0.9518, -1.9349, -0.0646, -0.2155, -0.0308, 0.0084, -0.0242, 0.1062|143940
79|0.9423, -1.9143, -0.0787, -0.2522, -0.0586, -0.0098, -0.0308, 0.1239|134740
80|0.9453, -1.9127, -0.1260, -0.2581, -0.0406, 0.0325, -0.0445, 0.1031|171520
81|0.9152, -1.8908, -0.0754, -0.2647, -0.0249, 0.0436, -0.0368, 0.0944|75080
82|0.9148, -1.9288, -0.0879, -0.2499, -0.0770, 0.0559, -0.0298, 0.1066|164940
83|0.8968, -1.9464, -0.0709, -0.2682, -0.0559, 0.0788, -0.0357, 0.0869|406900
84|0.9167, -1.9910, -0.0755, -0.2825, -0.0594, 0.0911, 0.0002, 0.0939|78820
85|0.9217, -1.9704, -0.0961, -0.2872, -0.0410, 0.0733, 0.0243, 0.1043|309740
86|0.9045, -1.9766, -0.0888, -0.3036, -0.0234, 0.0705, 0.0300, 0.1254|152540
87|0.8812, -2.0126, -0.0789, -0.2875, -0.0156, 0.0837, 0.0702, 0.1433|202940
88|0.8970, -2.0236, -0.0838, -0.3144, -0.0190, 0.0544, 0.0441, 0.1499|85320
89|0.8682, -1.9899, -0.1118, -0.2890, -0.0095, 0.0687, 0.0382, 0.1686|15080
90|0.8518, -1.9971, -0.1038, -0.2819, -0.0393, 0.0644, 0.0074, 0.1588|261620
91|0.8372, -1.9929, -0.1074, -0.3056, -0.0166, 0.0563, -0.0173, 0.1089|294100
92|0.8327, -2.0406, -0.0992, -0.2643, -0.0276, 0.0539, -0.0498, 0.1331|167800
93|0.8388, -2.0163, -0.0637, -0.2805, -0.0441, 0.0557, -0.0375, 0.1212|212360
94|0.8324, -2.0300, -0.0748, -0.2467, -0.0610, 0.0327, -0.0457, 0.1208|174820
95|0.8240, -2.0109, -0.0979, -0.2545, -0.0752, 0.0364, -0.0443, 0.1124|205660
96|0.8465, -2.0232, -0.0833, -0.2463, -0.0661, 0.0490, -0.0304, 0.0663|198920
97|0.8357, -2.0352, -0.0895, -0.2572, -0.0641, 0.0456, -0.0362, 0.0741|34700
98|0.8288, -2.0406, -0.0755, -0.2705, -0.0728, 0.0372, -0.0028, 0.0721|387240
99|0.8638, -2.0685, -0.1073, -0.2293, -0.0609, 0.0490, -0.0205, 0.0831|331420
