0|-0.8269, -0.1922, -0.5245, -1.2303, -0.9146, 0.2428, 0.3155, 1.0429|200
1|-0.8264, -0.1878, -0.5211, -1.2238, -0.9198, 0.2510, 0.3099, 1.0455|240
2|-0.8310, -0.1852, -0.5227, -1.2180, -0.9205, 0.2452, 0.3170, 1.0433|280
3|-0.8241, -0.1870, -0.5218, -1.2235, -0.9237, 0.2480, 0.3132, 1.0362|160
4|-0.8153, -0.1914, -0.5255, -1.2317, -0.9124, 0.2420, 0.3125, 1.0220|80
5|-0.8074, -0.1925, -0.5258, -1.2269, -0.9099, 0.2306, 0.3135, 1.0286|200
6|-0.8003, -0.1950, -0.5232, -1.2234, -0.9069, 0.2283, 0.3142, 1.0287|300
7|-0.7959, -0.1984, -0.5280, -1.2247, -0.8945, 0.2267, 0.3091, 1.0186|160
8|-0.7943, -0.2015, -0.5287, -1.2286, -0.8849, 0.2219, 0.3066, 1.0204|80
9|-0.7962, -0.2017, -0.5271, -1.2294, -0.8838, 0.2199, 0.3130, 1.0155|80
10|-0.7914, -0.2077, -0.5332, -1.2320, -0.8845, 0.2209, 0.3084, 1.0132|80
11|-0.7837, -0.2085, -0.5337, -1.2335, -0.8890, 0.2208, 0.3065, 1.0049|160
12|-0.7821, -0.2111, -0.5432, -1.2266, -0.8857, 0.2271, 0.3121, 1.0025|220
13|-0.7844, -0.2092, -0.5455, -1.2227, -0.8801, 0.2251, 0.3069, 1.0116|280
14|-0.7840, -0.2088, -0.5548, -1.2304, -0.8820, 0.2181, 0.2975, 1.0072|160
15|-0.7820, -0.2135, -0.5569, -1.2348, -0.8840, 0.2236, 0.2950, 0.9973|40
16|-0.7837, -0.2128, -0.5613, -1.2339, -0.8818, 0.2204, 0.2956, 0.9933|80
17|-0.7817, -0.2254, -0.5714, -1.2340, -0.8834, 0.2234, 0.2906, 0.9929|360
18|-0.7736, -0.2234, -0.5779, -1.2358, -0.8808, 0.2157, 0.2931, 1.0053|180
19|-0.7733, -0.2170, -0.5802, -1.2422, -0.8849, 0.2137, 0.2873, 0.9963|260
20|-0.7676, -0.2162, -0.5915, -1.2417, -0.8852, 0.2138, 0.2902, 1.0014|980
21|-0.7641, -0.2170, -0.6008, -1.2467, -0.8804, 0.2018, 0.2857, 0.9988|160
22|-0.7597, -0.2288, -0.6048, -1.2548, -0.8833, 0.1918, 0.2878, 0.9989|380
23|-0.7668, -0.2263, -0.6055, -1.2571, -0.8883, 0.1910, 0.2900, 0.9973|120
24|-0.7656, -0.2279, -0.6000, -1.2543, -0.8980, 0.1865, 0.2968, 0.9979|600
25|-0.7621, -0.2257, -0.6056, -1.2479, -0.9052, 0.1881, 0.2931, 0.9913|200
26|-0.7572, -0.2254, -0.6101, -1.2495, -0.9127, 0.1828, 0.2969, 0.9832|80
27|-0.7487, -0.2338, -0.6096, -1.2424, -0.9059, 0.1822, 0.3011, 0.9828|240
28|-0.7455, -0.2363, -0.6115, -1.2401, -0.9067, 0.1771, 0.3135, 0.9759|300
29|-0.7482, -0.2428, -0.6080, -1.2465, -0.9012, 0.1748, 0.3099, 0.9691|80
30|-0.7475, -0.2443, -0.6125, -1.2454, -0.9048, 0.1717, 0.3148, 0.9728|400
31|-0.7391, -0.2459, -0.6161, -1.2450, -0.9117, 0.1658, 0.3328, 0.9769|120
32|-0.7334, -0.2539, -0.6195, -1.2511, -0.9163, 0.1610, 0.3365, 0.9812|220
33|-0.7340, -0.2584, -0.6225, -1.2501, -0.9188, 0.1523, 0.3324, 0.9788|780
34|-0.7331, -0.2639, -0.6221, -1.2527, -0.9147, 0.1508, 0.3320, 0.9799|340
35|-0.7367, -0.2709, -0.6235, -1.2414, -0.9110, 0.1599, 0.3341, 0.9726|240
36|-0.7374, -0.2734, -0.6179, -1.2343, -0.9162, 0.1570, 0.3394, 0.9673|420
37|-0.7391, -0.2741, -0.6209, -1.2354, -0.9198, 0.1546, 0.3435, 0.9670|820
38|-0.7328, -0.2690, -0.6208, -1.2378, -0.9136, 0.1569, 0.3438, 0.9653|320
39|-0.7350, -0.2700, -0.6238, -1.2389, -0.9127, 0.1548, 0.3474, 0.9734|380
40|-0.7380, -0.2720, -0.6284, -1.2470, -0.9211, 0.1524, 0.3451, 0.9720|80
41|-0.7348, -0.2757, -0.6306, -1.2532, -0.9210, 0.1549, 0.3412, 0.9791|680
42|-0.7330, -0.2864, -0.6312, -1.2518, -0.9222, 0.1611, 0.3395, 0.9768|320
43|-0.7235, -0.2924, -0.6405, -1.2538, -0.9163, 0.1620, 0.3399, 0.9827|320
44|-0.7240, -0.2856, -0.6451, -1.2495, -0.9070, 0.1631, 0.3392, 0.9803|440
45|-0.7250, -0.2847, -0.6450, -1.2535, -0.9032, 0.1624, 0.3427, 0.9834|160
46|-0.7253, -0.2962, -0.6484, -1.2523, -0.9065, 0.1621, 0.3386, 0.9771|320
47|-0.7192, -0.2991, -0.6632, -1.2513, -0.9077, 0.1651, 0.3391, 0.9652|300
48|-0.7239, -0.2958, -0.6592, -1.2483, -0.8997, 0.1571, 0.3480, 0.9608|340
49|-0.7209, -0.2943, -0.6645, -1.2454, -0.9027, 0.1573, 0.3481, 0.9557|240
50|-0.7243, -0.2960, -0.6738, -1.2516, -0.9084, 0.1606, 0.3414, 0.9612|220
51|-0.7236, -0.3011, -0.6732, -1.2515, -0.9130, 0.1635, 0.3488, 0.9601|240
52|-0.7213, -0.3019, -0.6808, -1.2555, -0.9100, 0.1692, 0.3384, 0.9635|320
53|-0.7142, -0.3090, -0.6826, -1.2536, -0.9134, 0.1642, 0.3438, 0.9568|240
54|-0.7127, -0.3041, -0.6889, -1.2496, -0.9113, 0.1627, 0.3379, 0.9667|320
55|-0.7127, -0.3105, -0.6935, -1.2452, -0.9075, 0.1603, 0.3443, 0.9657|200
56|-0.7032, -0.3090, -0.7113, -1.2460, -0.9116, 0.1572, 0.3384, 0.9750|80
57|-0.7073, -0.3104, -0.7170, -1.2436, -0.9073, 0.1549, 0.3440, 0.9727|340
58|-0.6973, -0.3103, -0.7147, -1.2410, -0.9022, 0.1483, 0.3388, 0.9700|580
59|-0.6837, -0.3167, -0.7034, -1.2487, -0.9108, 0.1481, 0.3378, 0.9633|100
60|-0.6785, -0.3174, -0.7044, -1.2517, -0.9145, 0.1334, 0.3410, 0.9653|420
61|-0.6787, -0.3263, -0.7116, -1.2458, -0.9192, 0.1351, 0.3376, 0.9613|360
62|-0.6755, -0.3308, -0.7108, -1.2510, -0.9210, 0.1344, 0.3384, 0.9608|320
63|-0.6742, -0.3346, -0.7206, -1.2571, -0.9166, 0.1328, 0.3375, 0.9605|120
64|-0.6738, -0.3400, -0.7198, -1.2573, -0.9210, 0.1399, 0.3363, 0.9660|400
65|-0.6640, -0.3404, -0.7233, -1.2557, -0.9171, 0.1396, 0.3327, 0.9646|720
66|-0.6575, -0.3388, -0.7258, -1.2550, -0.9194, 0.1344, 0.3225, 0.9587|500
67|-0.6626, -0.3387, -0.7188, -1.2580, -0.9169, 0.1348, 0.3273, 0.9524|1240
68|-0.6559, -0.3387, -0.7215, -1.2585, -0.9204, 0.1382, 0.3180, 0.9418|1080
69|-0.6558, -0.3317, -0.7202, -1.2624, -0.9213, 0.1327, 0.3294, 0.9490|300
70|-0.6590, -0.3350, -0.7131, -1.2572, -0.9228, 0.1259, 0.3188, 0.9482|700
71|-0.6595, -0.3347, -0.7067, -1.2566, -0.9312, 0.1194, 0.3142, 0.9512|1200
72|-0.6498, -0.3412, -0.7120, -1.2542, -0.9388, 0.1177, 0.3145, 0.9466|600
73|-0.6438, -0.3423, -0.7179, -1.2583, -0.9405, 0.1203, 0.3083, 0.9423|420
74|-0.6424, -0.3446, -0.7131, -1.2520, -0.9357, 0.1335, 0.3078, 0.9354|560
75|-0.6424, -0.3435, -0.7154, -1.2540, -0.9381, 0.1389, 0.3069, 0.9237|200
76|-0.6280, -0.3422, -0.7253, -1.2547, -0.9306, 0.1382, 0.3029, 0.9204|560
77|-0.6209, -0.3353, -0.7244, -1.2528, -0.9371, 0.1338, 0.3110, 0.9150|660
78|-0.6125, -0.3384, -0.7292, -1.2545, -0.9338, 0.1309, 0.3146, 0.9187|200
79|-0.6147, -0.3382, -0.7336, -1.2519, -0.9361, 0.1428, 0.3168, 0.9115|380
80|-0.6045, -0.3405, -0.7331, -1.2550, -0.9340, 0.1341, 0.3140, 0.9154|360
81|-0.5941, -0.3426, -0.7293, -1.2486, -0.9253, 0.1306, 0.3126, 0.9160|0
82|-0.5900, -0.3495, -0.7339, -1.2392, -0.9260, 0.1322, 0.3130, 0.9234|640
83|-0.5847, -0.3544, -0.7437, -1.2378, -0.9187, 0.1318, 0.3162, 0.9280|360
84|-0.5808, -0.3520, -0.7450, -1.2427, -0.9124, 0.1275, 0.3088, 0.9205|520
85|-0.5867, -0.3539, -0.7442, -1.2327, -0.9030, 0.1245, 0.3173, 0.9112|160
86|-0.5790, -0.3530, -0.7457, -1.2292, -0.9012, 0.1174, 0.3133, 0.9090|680
87|-0.5798, -0.3556, -0.7441, -1.2356, -0.8982, 0.1206, 0.3123, 0.9109|80
88|-0.5758, -0.3539, -0.7470, -1.2390, -0.8898, 0.1127, 0.3129, 0.9052|140
89|-0.5714, -0.3543, -0.7463, -1.2444, -0.8789, 0.1144, 0.3119, 0.9042|700
90|-0.5681, -0.3596, -0.7407, -1.2514, -0.8713, 0.1096, 0.3178, 0.9089|560
91|-0.5689, -0.3599, -0.7355, -1.2563, -0.8681, 0.1105, 0.3185, 0.9050|720
92|-0.5603, -0.3580, -0.7403, -1.2479, -0.8561, 0.1187, 0.3243, 0.9035|520
93|-0.5480, -0.3629, -0.7383, -1.2493, -0.8623, 0.1236, 0.3201, 0.9019|260
94|-0.5394, -0.3669, -0.7424, -1.2501, -0.8546, 0.1270, 0.3132, 0.8940|300
95|-0.5436, -0.3752, -0.7360, -1.2613, -0.8583, 0.1305, 0.3176, 0.9002|720
96|-0.5449, -0.3720, -0.7419, -1.2627, -0.8502, 0.1318, 0.3129, 0.8991|480
97|-0.5400, -0.3804, -0.7435, -1.2613, -0.8438, 0.1232, 0.3171, 0.8939|240
98|-0.5348, -0.3783, -0.7444, -1.2555, -0.8423, 0.1187, 0.3168, 0.8895|400
99|-0.5371, -0.3857, -0.7509, -1.2607, -0.8405, 0.1209, 0.3118, 0.8930|220
