0|0.6891, -0.2628, 0.4232, -0.6504, -1.3787, -0.3648, 1.3787, 0.3344|0
1|0.6890, -0.2620, 0.4111, -0.6608, -1.3810, -0.3723, 1.3753, 0.3334|40
2|0.6888, -0.2644, 0.3935, -0.6746, -1.3830, -0.3740, 1.3806, 0.3236|40
3|0.6921, -0.2704, 0.3748, -0.6796, -1.3796, -0.3799, 1.3827, 0.3253|40
4|0.6920, -0.2730, 0.3576, -0.6922, -1.3873, -0.3814, 1.3874, 0.3313|40
5|0.6969, -0.2785, 0.3332, -0.6969, -1.3954, -0.3852, 1.3921, 0.3279|0
6|0.7020, -0.2861, 0.3112, -0.6957, -1.3940, -0.3775, 1.3878, 0.3257|0
7|0.7027, -0.2874, 0.2894, -0.7042, -1.3896, -0.3843, 1.3938, 0.3235|0
8|0.7046, -0.2930, 0.2696, -0.7131, -1.3952, -0.3964, 1.3887, 0.3201|80
9|0.7047, -0.3046, 0.2526, -0.7197, -1.3956, -0.3918, 1.3853, 0.3163|0
10|0.7037, -0.3214, 0.2273, -0.7297, -1.3998, -0.4002, 1.3882, 0.3084|0
11|0.7170, -0.3335, 0.1995, -0.7343, -1.4119, -0.4079, 1.3830, 0.3078|120
12|0.7221, -0.3417, 0.1736, -0.7383, -1.4057, -0.4199, 1.3799, 0.3065|120
13|0.7255, -0.3465, 0.1379, -0.7414, -1.4042, -0.4211, 1.3805, 0.3028|200
14|0.7230, -0.3573, 0.1157, -0.7496, -1.4024, -0.4267, 1.3827, 0.2918|0
15|0.7212, -0.3668, 0.0901, -0.7536, -1.4003, -0.4313, 1.3757, 0.2871|180
16|0.7240, -0.3694, 0.0602, -0.7524, -1.4032, -0.4391, 1.3730, 0.2838|40
17|0.7288, -0.3728, 0.0398, -0.7560, -1.4004, -0.4383, 1.3763, 0.2808|80
18|0.7329, -0.3701, 0.0148, -0.7587, -1.3972, -0.4483, 1.3755, 0.2731|200
19|0.7308, -0.3836, -0.0097, -0.7682, -1.4047, -0.4510, 1.3654, 0.2783|120
20|0.7316, -0.3945, -0.0369, -0.7725, -1.4024, -0.4556, 1.3550, 0.2789|440
21|0.7387, -0.4031, -0.0588, -0.7699, -1.4022, -0.4534, 1.3495, 0.2808|200
22|0.7345, -0.4027, -0.0791, -0.7693, -1.4000, -0.4469, 1.3498, 0.2785|200
23|0.7364, -0.4162, -0.1016, -0.7749, -1.4050, -0.4506, 1.3403, 0.2908|280
24|0.7454, -0.4335, -0.1220, -0.7758, -1.4043, -0.4516, 1.3324, 0.2952|400
25|0.7448, -0.4510, -0.1411, -0.7737, -1.4043, -0.4510, 1.3264, 0.2904|280
26|0.7514, -0.4559, -0.1559, -0.7715, -1.4086, -0.4502, 1.3206, 0.2898|600
27|0.7524, -0.4668, -0.1702, -0.7706, -1.4035, -0.4521, 1.3153, 0.2832|440
28|0.7575, -0.4741, -0.1880, -0.7712, -1.4062, -0.4479, 1.3136, 0.2872|440
29|0.7603, -0.4733, -0.2003, -0.7718, -1.4017, -0.4382, 1.3043, 0.2715|560
30|0.7598, -0.4775, -0.2146, -0.7694, -1.3949, -0.4332, 1.2840, 0.2707|240
31|0.7650, -0.4851, -0.2304, -0.7710, -1.3862, -0.4311, 1.2769, 0.2758|280
32|0.7671, -0.4962, -0.2465, -0.7674, -1.3976, -0.4256, 1.2684, 0.2775|640
33|0.7758, -0.5017, -0.2596, -0.7681, -1.3977, -0.4231, 1.2575, 0.2767|280
34|0.7851, -0.5128, -0.2695, -0.7736, -1.3922, -0.4200, 1.2479, 0.2768|320
35|0.7919, -0.5231, -0.2701, -0.7720, -1.3903, -0.4142, 1.2415, 0.2827|1140
36|0.7895, -0.5303, -0.2692, -0.7787, -1.3958, -0.4187, 1.2346, 0.2848|360
37|0.7978, -0.5373, -0.2848, -0.7775, -1.3901, -0.4100, 1.2263, 0.2877|560
38|0.8019, -0.5476, -0.2940, -0.7752, -1.3907, -0.4093, 1.2267, 0.2855|520
39|0.8044, -0.5561, -0.2996, -0.7728, -1.3830, -0.4059, 1.2183, 0.2938|420
40|0.8088, -0.5626, -0.3157, -0.7663, -1.3832, -0.4046, 1.2133, 0.2982|400
41|0.8151, -0.5665, -0.3337, -0.7721, -1.3870, -0.4099, 1.2042, 0.2931|1040
42|0.8245, -0.5815, -0.3434, -0.7726, -1.3892, -0.3996, 1.1922, 0.2879|620
43|0.8180, -0.5986, -0.3569, -0.7645, -1.3846, -0.4075, 1.1936, 0.2881|820
44|0.8199, -0.6067, -0.3646, -0.7612, -1.3701, -0.4024, 1.1911, 0.2901|280
45|0.8207, -0.6144, -0.3724, -0.7690, -1.3760, -0.3940, 1.1796, 0.2966|440
46|0.8200, -0.6203, -0.3816, -0.7646, -1.3753, -0.3933, 1.1631, 0.2977|240
47|0.8201, -0.6326, -0.3927, -0.7719, -1.3748, -0.3795, 1.1505, 0.3072|440
48|0.8230, -0.6394, -0.4046, -0.7712, -1.3745, -0.3813, 1.1478, 0.3077|980
49|0.8253, -0.6481, -0.4174, -0.7803, -1.3716, -0.3808, 1.1414, 0.3057|620
50|0.8211, -0.6430, -0.4253, -0.7843, -1.3714, -0.3789, 1.1312, 0.3040|440
51|0.8255, -0.6487, -0.4390, -0.7869, -1.3694, -0.3845, 1.1222, 0.3024|1200
52|0.8263, -0.6561, -0.4474, -0.7941, -1.3715, -0.3869, 1.1145, 0.2936|1260
53|0.8385, -0.6638, -0.4645, -0.7890, -1.3722, -0.3901, 1.1051, 0.2948|700
54|0.8440, -0.6651, -0.4629, -0.7881, -1.3680, -0.3854, 1.0972, 0.2970|680
55|0.8444, -0.6756, -0.4698, -0.7969, -1.3699, -0.3778, 1.0854, 0.2976|1240
56|0.8465, -0.6857, -0.4651, -0.7965, -1.3752, -0.3742, 1.0794, 0.3053|560
57|0.8508, -0.6969, -0.4757, -0.7974, -1.3673, -0.3784, 1.0741, 0.3043|560
58|0.8491, -0.6972, -0.4791, -0.7978, -1.3742, -0.3729, 1.0745, 0.3055|300
59|0.8580, -0.7072, -0.4870, -0.7961, -1.3671, -0.3753, 1.0692, 0.2980|440
60|0.8554, -0.7107, -0.4933, -0.8039, -1.3602, -0.3842, 1.0595, 0.2939|740
61|0.8612, -0.7146, -0.4985, -0.7958, -1.3558, -0.3737, 1.0521, 0.2942|1060
62|0.8594, -0.7141, -0.5039, -0.7838, -1.3603, -0.3792, 1.0480, 0.2952|1080
63|0.8581, -0.7183, -0.5083, -0.7825, -1.3625, -0.3761, 1.0417, 0.2980|1040
64|0.8615, -0.7258, -0.5150, -0.7885, -1.3725, -0.3747, 1.0318, 0.3005|500
65|0.8629, -0.7253, -0.5163, -0.7948, -1.3750, -0.3723, 1.0323, 0.2902|2180
66|0.8698, -0.7283, -0.5200, -0.7848, -1.3669, -0.3753, 1.0208, 0.2967|800
67|0.8586, -0.7452, -0.5282, -0.7887, -1.3617, -0.3747, 1.0056, 0.2880|560
68|0.8661, -0.7523, -0.5308, -0.7870, -1.3594, -0.3699, 1.0032, 0.2854|480
69|0.8687, -0.7612, -0.5452, -0.7782, -1.3611, -0.3660, 0.9928, 0.2858|600
70|0.8692, -0.7637, -0.5400, -0.7759, -1.3671, -0.3591, 0.9889, 0.2857|880
71|0.8686, -0.7700, -0.5378, -0.7664, -1.3756, -0.3515, 0.9870, 0.2856|1500
72|0.8615, -0.7817, -0.5484, -0.7674, -1.3696, -0.3472, 0.9833, 0.2950|1820
73|0.8590, -0.7751, -0.5550, -0.7594, -1.3773, -0.3483, 0.9744, 0.3012|1800
74|0.8570, -0.7836, -0.5630, -0.7476, -1.3838, -0.3509, 0.9672, 0.3031|680
75|0.8665, -0.7875, -0.5593, -0.7456, -1.3893, -0.3575, 0.9623, 0.3053|1020
76|0.8743, -0.7935, -0.5677, -0.7454, -1.3931, -0.3563, 0.9561, 0.3034|860
77|0.8881, -0.7980, -0.5722, -0.7419, -1.3896, -0.3495, 0.9520, 0.2954|240
78|0.8876, -0.8117, -0.5690, -0.7479, -1.3871, -0.3380, 0.9422, 0.2951|460
79|0.8849, -0.8151, -0.5678, -0.7457, -1.3885, -0.3392, 0.9467, 0.2929|1260
80|0.8825, -0.8222, -0.5633, -0.7393, -1.3975, -0.3392, 0.9430, 0.2983|500
81|0.8851, -0.8243, -0.5615, -0.7365, -1.3896, -0.3450, 0.9416, 0.2984|1040
82|0.8849, -0.8293, -0.5586, -0.7312, -1.3907, -0.3515, 0.9329, 0.3010|1020
83|0.8942, -0.8334, -0.5626, -0.7281, -1.3872, -0.3466, 0.9311, 0.3057|760
84|0.8988, -0.8411, -0.5691, -0.7288, -1.3817, -0.3413, 0.9179, 0.3072|880
85|0.9046, -0.8506, -0.5673, -0.7329, -1.3875, -0.3403, 0.9146, 0.3068|120
86|0.9068, -0.8516, -0.5699, -0.7263, -1.3916, -0.3437, 0.9145, 0.3081|1580
87|0.9043, -0.8540, -0.5637, -0.7303, -1.3992, -0.3478, 0.9010, 0.3040|2440
88|0.8976, -0.8513, -0.5675, -0.7369, -1.3971, -0.3463, 0.8930, 0.3096|740
89|0.9022, -0.8550, -0.5643, -0.7398, -1.3964, -0.3458, 0.8854, 0.3105|1180
90|0.9002, -0.8667, -0.5644, -0.7403, -1.3926, -0.3486, 0.8840, 0.3122|760
91|0.9029, -0.8760, -0.5644, -0.7389, -1.3882, -0.3438, 0.8907, 0.3145|580
92|0.8938, -0.8746, -0.5668, -0.7406, -1.3830, -0.3444, 0.8887, 0.3220|2900
93|0.8898, -0.8837, -0.5659, -0.7315, -1.3876, -0.3413, 0.8866, 0.3165|600
94|0.8913, -0.8875, -0.5742, -0.7369, -1.3833, -0.3382, 0.8775, 0.3215|400
95|0.9006, -0.8920, -0.5734, -0.7394, -1.3795, -0.3375, 0.8710, 0.3176|740
96|0.9003, -0.8923, -0.5730, -0.7388, -1.3785, -0.3345, 0.8630, 0.3215|480
97|0.8961, -0.8904, -0.5830, -0.7373, -1.3799, -0.3329, 0.8584, 0.3295|520
98|0.9043, -0.9009, -0.5848, -0.7310, -1.3754, -0.3295, 0.8548, 0.3369|600
99|0.9124, -0.9108, -0.5915, -0.7243, -1.3758, -0.3321, 0.8448, 0.3393|320
