0|-0.1286, 1.3404, -1.0521, 1.3090, -1.2263, 0.3182, 1.0250, 1.2076|0
1|-0.1267, 1.3430, -1.0423, 1.3002, -1.2314, 0.3224, 1.0223, 1.2137|0
2|-0.1157, 1.3376, -1.0388, 1.3058, -1.2358, 0.3156, 1.0135, 1.2182|0
3|-0.1165, 1.3343, -1.0462, 1.3067, -1.2350, 0.3180, 1.0092, 1.2244|0
4|-0.1133, 1.3414, -1.0490, 1.3116, -1.2417, 0.3146, 1.0102, 1.2215|0
5|-0.1052, 1.3358, -1.0547, 1.3109, -1.2449, 0.3178, 1.0148, 1.2065|0
6|-0.1034, 1.3319, -1.0534, 1.3059, -1.2499, 0.3290, 1.0132, 1.2063|0
7|-0.1044, 1.3335, -1.0434, 1.3043, -1.2339, 0.3366, 1.0147, 1.2053|0
8|-0.1106, 1.3229, -1.0407, 1.3090, -1.2291, 0.3477, 1.0033, 1.2116|0
9|-0.1086, 1.3192, -1.0373, 1.2967, -1.2369, 0.3571, 0.9937, 1.2075|0
10|-0.0995, 1.3167, -1.0300, 1.2961, -1.2457, 0.3583, 0.9993, 1.2004|0
11|-0.0905, 1.3134, -1.0195, 1.2945, -1.2383, 0.3549, 1.0038, 1.1874|0
12|-0.0842, 1.3118, -1.0287, 1.2918, -1.2405, 0.3401, 1.0006, 1.1858|0
13|-0.0776, 1.3052, -1.0299, 1.2892, -1.2346, 0.3368, 0.9907, 1.1892|0
14|-0.0799, 1.3013, -1.0311, 1.2914, -1.2425, 0.3373, 0.9872, 1.2011|0
15|-0.0898, 1.3069, -1.0237, 1.2854, -1.2363, 0.3324, 0.9811, 1.1937|0
16|-0.0918, 1.3174, -1.0180, 1.2828, -1.2418, 0.3323, 0.9768, 1.1917|0
17|-0.1101, 1.3225, -1.0275, 1.2724, -1.2454, 0.3256, 0.9786, 1.1788|0
18|-0.1098, 1.3091, -1.0251, 1.2621, -1.2492, 0.3253, 0.9816, 1.1806|80
19|-0.1065, 1.3024, -1.0223, 1.2551, -1.2508, 0.3173, 0.9849, 1.1796|0
20|-0.1005, 1.2964, -1.0146, 1.2619, -1.2598, 0.3224, 0.9935, 1.1850|0
21|-0.0999, 1.3042, -1.0166, 1.2569, -1.2672, 0.3200, 0.9959, 1.1813|0
22|-0.1099, 1.2941, -1.0239, 1.2521, -1.2699, 0.3367, 0.9937, 1.1739|0
23|-0.1097, 1.3036, -1.0343, 1.2509, -1.2699, 0.3381, 0.9887, 1.1739|40
24|-0.1098, 1.2989, -1.0323, 1.2523, -1.2830, 0.3345, 0.9794, 1.1676|0
25|-0.1159, 1.3029, -1.0474, 1.2621, -1.2867, 0.3265, 0.9866, 1.1628|0
26|-0.1153, 1.2950, -1.0494, 1.2538, -1.3075, 0.3170, 0.9849, 1.1553|0
27|-0.1300, 1.2872, -1.0409, 1.2404, -1.3114, 0.3032, 0.9957, 1.1466|0
28|-0.1242, 1.2904, -1.0399, 1.2277, -1.3164, 0.2982, 1.0022, 1.1509|0
29|-0.1256, 1.3032, -1.0453, 1.2274, -1.3200, 0.2902, 1.0030, 1.1511|0
30|-0.1210, 1.3038, -1.0499, 1.2378, -1.3200, 0.2924, 0.9940, 1.1646|0
31|-0.1239, 1.3035, -1.0544, 1.2434, -1.3201, 0.2938, 0.9949, 1.1692|0
32|-0.1107, 1.2973, -1.0431, 1.2282, -1.3232, 0.2989, 0.9966, 1.1730|0
33|-0.1195, 1.2889, -1.0478, 1.2338, -1.3168, 0.2816, 1.0032, 1.1713|0
34|-0.1073, 1.2859, -1.0456, 1.2316, -1.3168, 0.2717, 1.0101, 1.1832|0
35|-0.1084, 1.2905, -1.0421, 1.2347, -1.3070, 0.2709, 1.0023, 1.1881|0
36|-0.1091, 1.2925, -1.0467, 1.2358, -1.3126, 0.2656, 1.0073, 1.1852|0
37|-0.1058, 1.2917, -1.0498, 1.2353, -1.3180, 0.2641, 0.9973, 1.1896|40
38|-0.1162, 1.2978, -1.0498, 1.2385, -1.3207, 0.2691, 0.9863, 1.1879|0
39|-0.1252, 1.2879, -1.0656, 1.2398, -1.3219, 0.2824, 0.9832, 1.1758|0
40|-0.1381, 1.2882, -1.0678, 1.2363, -1.3168, 0.2826, 0.9798, 1.1843|0
41|-0.1428, 1.3002, -1.0546, 1.2395, -1.3209, 0.2847, 0.9774, 1.1887|0
42|-0.1476, 1.3063, -1.0628, 1.2392, -1.3175, 0.2920, 0.9817, 1.1776|0
43|-0.1407, 1.3238, -1.0580, 1.2426, -1.3143, 0.2895, 0.9751, 1.1783|0
44|-0.1346, 1.3218, -1.0538, 1.2302, -1.3219, 0.2914, 0.9620, 1.1850|0
45|-0.1415, 1.3167, -1.0562, 1.2185, -1.3225, 0.3074, 0.9472, 1.1820|0
46|-0.1501, 1.3156, -1.0637, 1.2189, -1.3317, 0.3177, 0.9502, 1.1826|0
47|-0.1472, 1.3081, -1.0564, 1.2173, -1.3420, 0.3164, 0.9544, 1.1920|0
48|-0.1452, 1.3122, -1.0552, 1.2088, -1.3553, 0.3201, 0.9555, 1.1974|0
49|-0.1509, 1.3125, -1.0600, 1.2068, -1.3530, 0.3172, 0.9563, 1.1865|80
50|-0.1524, 1.3168, -1.0561, 1.2045, -1.3486, 0.3026, 0.9518, 1.1896|0
51|-0.1517, 1.3168, -1.0517, 1.2137, -1.3546, 0.3012, 0.9654, 1.1914|0
52|-0.1341, 1.3231, -1.0542, 1.2097, -1.3509, 0.3099, 0.9667, 1.1935|0
53|-0.1369, 1.3248, -1.0484, 1.2013, -1.3510, 0.3071, 0.9747, 1.2011|0
54|-0.1393, 1.3287, -1.0552, 1.2016, -1.3517, 0.3018, 0.9684, 1.2050|40
55|-0.1335, 1.3148, -1.0524, 1.2026, -1.3635, 0.3074, 0.9692, 1.2111|0
56|-0.1362, 1.3203, -1.0459, 1.2085, -1.3631, 0.3111, 0.9753, 1.2093|80
57|-0.1410, 1.3165, -1.0483, 1.2094, -1.3633, 0.3114, 0.9803, 1.2147|0
58|-0.1424, 1.3256, -1.0539, 1.2173, -1.3683, 0.3197, 0.9855, 1.2115|0
59|-0.1282, 1.3280, -1.0601, 1.2171, -1.3761, 0.3306, 0.9800, 1.2140|0
60|-0.1234, 1.3140, -1.0551, 1.2139, -1.3752, 0.3387, 0.9790, 1.2204|0
61|-0.1247, 1.3172, -1.0575, 1.2201, -1.3849, 0.3380, 0.9783, 1.2155|80
62|-0.1183, 1.3386, -1.0612, 1.2196, -1.3913, 0.3395, 0.9851, 1.2211|0
63|-0.1193, 1.3330, -1.0576, 1.2144, -1.3986, 0.3432, 0.9851, 1.2119|0
64|-0.1307, 1.3394, -1.0530, 1.2095, -1.3873, 0.3514, 0.9800, 1.2234|40
65|-0.1327, 1.3395, -1.0527, 1.2120, -1.3920, 0.3584, 0.9724, 1.2072|0
66|-0.1377, 1.3429, -1.0484, 1.2262, -1.3830, 0.3667, 0.9733, 1.1970|0
67|-0.1373, 1.3462, -1.0401, 1.2236, -1.3959, 0.3661, 0.9686, 1.1894|40
68|-0.1334, 1.3403, -1.0330, 1.2157, -1.3977, 0.3703, 0.9731, 1.1895|0
69|-0.1369, 1.3502, -1.0473, 1.2109, -1.3961, 0.3789, 0.9785, 1.1860|0
70|-0.1424, 1.3589, -1.0385, 1.2075, -1.4053, 0.3779, 0.9918, 1.1897|0
71|-0.1559, 1.3622, -1.0334, 1.2024, -1.4229, 0.3758, 0.9960, 1.1889|0
72|-0.1620, 1.3577, -1.0350, 1.1969, -1.4367, 0.3699, 0.9843, 1.1835|0
73|-0.1569, 1.3507, -1.0208, 1.1983, -1.4371, 0.3761, 0.9791, 1.1785|0
74|-0.1636, 1.3488, -1.0205, 1.1924, -1.4268, 0.3800, 0.9845, 1.1875|0
75|-0.1788, 1.3616, -1.0191, 1.1925, -1.4292, 0.3670, 0.9837, 1.1854|0
76|-0.1819, 1.3630, -1.0224, 1.1963, -1.4401, 0.3760, 0.9770, 1.1893|0
77|-0.1764, 1.3584, -1.0272, 1.1842, -1.4347, 0.3752, 0.9790, 1.1874|0
78|-0.1796, 1.3514, -1.0189, 1.1818, -1.4300, 0.3835, 0.9681, 1.1937|40
79|-0.1868, 1.3513, -1.0114, 1.1826, -1.4275, 0.3825, 0.9716, 1.1905|0
80|-0.1901, 1.3446, -1.0178, 1.1865, -1.4167, 0.3780, 0.9716, 1.1959|0
81|-0.1976, 1.3412, -1.0251, 1.1956, -1.4066, 0.3714, 0.9738, 1.1956|0
82|-0.1921, 1.3472, -1.0215, 1.2014, -1.4086, 0.3551, 0.9656, 1.1917|40
83|-0.1866, 1.3534, -1.0211, 1.1987, -1.4071, 0.3560, 0.9637, 1.2007|40
84|-0.1924, 1.3518, -1.0241, 1.1977, -1.4178, 0.3460, 0.9539, 1.2074|0
85|-0.1870, 1.3526, -1.0204, 1.1905, -1.4084, 0.3428, 0.9646, 1.1922|0
86|-0.1999, 1.3497, -1.0226, 1.1943, -1.4028, 0.3485, 0.9685, 1.1832|0
87|-0.1938, 1.3683, -1.0198, 1.1996, -1.4108, 0.3406, 0.9679, 1.1823|0
88|-0.2030, 1.3703, -1.0258, 1.1851, -1.4200, 0.3385, 0.9610, 1.1963|0
89|-0.2051, 1.3592, -1.0206, 1.1783, -1.4092, 0.3486, 0.9504, 1.1864|0
90|-0.2041, 1.3607, -1.0345, 1.1862, -1.4152, 0.3484, 0.9491, 1.1782|0
91|-0.1955, 1.3596, -1.0238, 1.1969, -1.4172, 0.3467, 0.9512, 1.1649|0
92|-0.1897, 1.3457, -1.0225, 1.1871, -1.4289, 0.3651, 0.9457, 1.1676|0
93|-0.1901, 1.3290, -1.0213, 1.1894, -1.4351, 0.3624, 0.9395, 1.1625|0
94|-0.1761, 1.3236, -1.0248, 1.1890, -1.4396, 0.3731, 0.9441, 1.1614|0
95|-0.1842, 1.3305, -1.0253, 1.1873, -1.4397, 0.3788, 0.9471, 1.1568|0
96|-0.1842, 1.3256, -1.0288, 1.1864, -1.4465, 0.3762, 0.9452, 1.1587|0
97|-0.1904, 1.3210, -1.0352, 1.1831, -1.4485, 0.3784, 0.9439, 1.1645|0
98|-0.1835, 1.3224, -1.0355, 1.1804, -1.4441, 0.3973, 0.9548, 1.1642|0
99|-0.1841, 1.3246, -1.0394, 1.1752, -1.4415, 0.4131, 0.9659, 1.1639|0
