0|0.3422, 0.3717, -0.9624, 1.4395, -1.2930, 0.9556, -0.5508, 1.4658|0
1|0.3567, 0.3930, -0.9777, 1.4477, -1.3271, 0.9523, -0.5528, 1.4584|0
2|0.3814, 0.3929, -0.9745, 1.4639, -1.3279, 0.9688, -0.5416, 1.4753|0
3|0.3655, 0.3870, -0.9505, 1.4624, -1.3386, 0.9612, -0.5394, 1.4502|0
4|0.3521, 0.3652, -0.9551, 1.4648, -1.3352, 0.9529, -0.5583, 1.4425|0
5|0.3384, 0.3632, -0.9375, 1.4793, -1.3588, 0.9711, -0.5610, 1.4514|0
6|0.3555, 0.3442, -0.9162, 1.4668, -1.3726, 0.9632, -0.5600, 1.4593|0
7|0.3602, 0.3161, -0.9452, 1.4693, -1.3663, 0.9591, -0.5565, 1.4822|0
8|0.3569, 0.2962, -0.9455, 1.4778, -1.3454, 0.9578, -0.5487, 1.4773|0
9|0.3487, 0.2806, -0.9367, 1.4895, -1.3559, 0.9324, -0.5363, 1.4900|0
10|0.3514, 0.2356, -0.9184, 1.4797, -1.3821, 0.9290, -0.5474, 1.5222|40
11|0.3538, 0.2441, -0.9405, 1.4619, -1.4051, 0.9302, -0.5457, 1.5410|0
12|0.3547, 0.2432, -0.9455, 1.4689, -1.4144, 0.9348, -0.5476, 1.5385|0
13|0.3497, 0.2570, -0.9520, 1.4768, -1.4296, 0.9203, -0.5459, 1.5350|0
14|0.3555, 0.2439, -0.9274, 1.4947, -1.4358, 0.9196, -0.5154, 1.5430|0
15|0.3301, 0.2316, -0.9344, 1.4746, -1.4475, 0.9145, -0.5325, 1.5592|0
16|0.3201, 0.2439, -0.9429, 1.4627, -1.4447, 0.9178, -0.5281, 1.5449|0
17|0.3292, 0.2524, -0.9525, 1.4788, -1.4311, 0.9159, -0.5068, 1.5420|0
18|0.3109, 0.2369, -0.9627, 1.4654, -1.4446, 0.9080, -0.5191, 1.5463|0
19|0.3250, 0.2265, -0.9554, 1.4604, -1.4653, 0.9156, -0.5006, 1.5525|40
20|0.3094, 0.1896, -0.9757, 1.4545, -1.4715, 0.8946, -0.4729, 1.5639|0
21|0.3256, 0.1766, -0.9503, 1.4468, -1.4823, 0.8857, -0.4773, 1.5732|0
22|0.3414, 0.1851, -0.9489, 1.4351, -1.5036, 0.9101, -0.4625, 1.5793|0
23|0.3466, 0.1763, -0.9722, 1.4296, -1.5201, 0.8852, -0.4495, 1.5861|0
24|0.3619, 0.2028, -0.9548, 1.4061, -1.5393, 0.8823, -0.4594, 1.5946|0
25|0.3489, 0.2141, -0.9617, 1.3802, -1.5652, 0.8815, -0.4729, 1.6174|40
26|0.3643, 0.2080, -0.9887, 1.3976, -1.5732, 0.8608, -0.4700, 1.6115|0
27|0.3821, 0.1728, -0.9879, 1.3775, -1.5807, 0.8846, -0.4605, 1.6039|0
28|0.3873, 0.1724, -1.0109, 1.3729, -1.5828, 0.8651, -0.4745, 1.5913|0
29|0.3889, 0.1642, -1.0244, 1.3411, -1.5768, 0.8688, -0.4637, 1.6087|0
30|0.3983, 0.1607, -1.0129, 1.3233, -1.5950, 0.8512, -0.4743, 1.5968|0
31|0.3989, 0.1662, -1.0161, 1.3448, -1.6064, 0.8767, -0.4659, 1.6042|0
32|0.3802, 0.1621, -1.0195, 1.3177, -1.6150, 0.8937, -0.4598, 1.5926|0
33|0.3661, 0.1633, -1.0286, 1.3184, -1.6001, 0.8745, -0.4794, 1.5935|80
34|0.3654, 0.1733, -1.0196, 1.3138, -1.6052, 0.8656, -0.4974, 1.5742|0
35|0.3847, 0.1663, -0.9949, 1.2950, -1.6048, 0.8879, -0.5096, 1.6030|0
36|0.3708, 0.1751, -0.9733, 1.2812, -1.5918, 0.9188, -0.5018, 1.6017|0
37|0.3853, 0.1473, -0.9756, 1.2732, -1.5684, 0.9200, -0.4763, 1.5951|0
38|0.3745, 0.1456, -0.9893, 1.2600, -1.5797, 0.9320, -0.4818, 1.5926|0
39|0.4083, 0.1373, -0.9976, 1.2681, -1.5809, 0.9174, -0.4937, 1.6295|0
40|0.3724, 0.1435, -1.0130, 1.2579, -1.6033, 0.9226, -0.4964, 1.6338|0
41|0.3648, 0.1611, -1.0518, 1.2302, -1.5833, 0.9313, -0.5124, 1.6315|0
42|0.3582, 0.1715, -1.0252, 1.2404, -1.5721, 0.9334, -0.5304, 1.6583|0
43|0.3472, 0.1530, -1.0344, 1.2340, -1.5582, 0.9249, -0.5208, 1.6318|0
44|0.3346, 0.1379, -1.0361, 1.2085, -1.5461, 0.9120, -0.5364, 1.6110|0
45|0.3359, 0.1276, -1.0401, 1.1948, -1.5670, 0.9143, -0.5464, 1.5903|0
46|0.3471, 0.1167, -1.0577, 1.1998, -1.5728, 0.9056, -0.5406, 1.5907|0
47|0.3504, 0.1044, -1.0600, 1.1973, -1.5663, 0.8996, -0.5374, 1.5863|0
48|0.3342, 0.0791, -1.0624, 1.2005, -1.5542, 0.9168, -0.5353, 1.5969|80
49|0.3545, 0.0638, -1.0686, 1.2061, -1.5271, 0.9188, -0.5131, 1.5906|0
50|0.3397, 0.0561, -1.0551, 1.1955, -1.5137, 0.8931, -0.5292, 1.5872|0
51|0.3586, 0.0636, -1.0568, 1.2003, -1.5345, 0.9305, -0.5409, 1.5721|0
52|0.3501, 0.0850, -1.0823, 1.2063, -1.5115, 0.9459, -0.5695, 1.5832|0
53|0.3576, 0.0881, -1.0985, 1.2000, -1.5405, 0.9479, -0.5519, 1.6039|0
54|0.3664, 0.0808, -1.0983, 1.1815, -1.5364, 0.9533, -0.5358, 1.6141|40
55|0.3696, 0.0752, -1.1003, 1.1779, -1.5376, 0.9615, -0.5443, 1.6425|0
56|0.3839, 0.0770, -1.1096, 1.1862, -1.5459, 0.9697, -0.5464, 1.6408|40
57|0.3816, 0.0602, -1.1205, 1.1879, -1.5711, 0.9635, -0.5800, 1.6689|40
58|0.3980, 0.0397, -1.1217, 1.2000, -1.5621, 0.9442, -0.5808, 1.6751|120
59|0.4074, 0.0357, -1.1274, 1.1960, -1.5542, 0.9417, -0.5886, 1.6698|40
60|0.3928, 0.0455, -1.1131, 1.1972, -1.5383, 0.9405, -0.6081, 1.6643|120
61|0.3776, 0.0390, -1.1271, 1.1794, -1.5462, 0.9332, -0.6263, 1.6834|40
62|0.3925, 0.0412, -1.1253, 1.2104, -1.5420, 0.9337, -0.6044, 1.6741|0
63|0.4052, 0.0325, -1.1354, 1.2129, -1.5256, 0.9326, -0.6133, 1.6475|0
64|0.4044, 0.0083, -1.1265, 1.2308, -1.5280, 0.9438, -0.5865, 1.6582|40
65|0.3934, -0.0090, -1.1268, 1.2459, -1.5411, 0.9375, -0.5923, 1.6757|0
66|0.3816, -0.0125, -1.0947, 1.2174, -1.5576, 0.9464, -0.5877, 1.6838|0
67|0.3633, -0.0059, -1.0823, 1.2178, -1.5373, 0.9684, -0.5874, 1.6781|0
68|0.3610, -0.0220, -1.0919, 1.2292, -1.5315, 0.9776, -0.5941, 1.6917|0
69|0.3833, -0.0035, -1.0682, 1.1908, -1.5404, 0.9736, -0.5671, 1.6934|0
70|0.3744, -0.0031, -1.0736, 1.2134, -1.5798, 0.9676, -0.5321, 1.6640|0
71|0.3821, -0.0299, -1.0792, 1.1990, -1.5838, 0.9673, -0.5335, 1.6808|80
72|0.3743, -0.0295, -1.0674, 1.1861, -1.5827, 0.9278, -0.5375, 1.6569|40
73|0.3619, -0.0237, -1.0761, 1.1750, -1.5860, 0.9081, -0.5503, 1.6518|40
74|0.3437, -0.0363, -1.0795, 1.1645, -1.6036, 0.8958, -0.5686, 1.6287|0
75|0.3528, -0.0465, -1.0826, 1.1564, -1.5964, 0.8805, -0.5644, 1.6278|0
76|0.3594, -0.0332, -1.0910, 1.1476, -1.6178, 0.8654, -0.5608, 1.6316|0
77|0.3192, -0.0506, -1.0784, 1.1288, -1.6316, 0.8824, -0.5405, 1.6189|0
78|0.3160, -0.0202, -1.0815, 1.1284, -1.6158, 0.8903, -0.5482, 1.6217|0
79|0.2874, -0.0608, -1.0844, 1.1242, -1.6245, 0.9154, -0.5459, 1.6215|0
80|0.2861, -0.0616, -1.0967, 1.1188, -1.6417, 0.9107, -0.5599, 1.6209|0
81|0.2958, -0.0578, -1.0838, 1.1307, -1.6270, 0.9200, -0.5605, 1.6313|0
82|0.3145, -0.0633, -1.0706, 1.1233, -1.6569, 0.9202, -0.5610, 1.6323|40
83|0.3163, -0.0758, -1.0868, 1.1050, -1.6683, 0.9306, -0.5499, 1.6198|0
84|0.2932, -0.0597, -1.0932, 1.1031, -1.7019, 0.9186, -0.5474, 1.6205|100
85|0.2731, -0.0369, -1.0898, 1.0828, -1.6942, 0.9127, -0.5193, 1.6121|0
86|0.2685, -0.0343, -1.1031, 1.1175, -1.6767, 0.9106, -0.5245, 1.6015|0
87|0.2737, -0.0512, -1.1158, 1.1232, -1.6858, 0.9114, -0.5212, 1.6224|0
88|0.2678, -0.0388, -1.1067, 1.1310, -1.6909, 0.9005, -0.5219, 1.6217|0
89|0.2736, -0.0360, -1.1042, 1.1438, -1.6948, 0.8838, -0.5194, 1.6128|0
90|0.2701, -0.0331, -1.1078, 1.1278, -1.6864, 0.8870, -0.5128, 1.6182|0
91|0.2846, -0.0270, -1.1038, 1.1294, -1.6907, 0.8729, -0.5038, 1.6068|40
92|0.2734, -0.0033, -1.1181, 1.1403, -1.6904, 0.8675, -0.5132, 1.6112|0
93|0.2798, -0.0022, -1.1084, 1.1213, -1.6833, 0.8822, -0.5015, 1.6166|0
94|0.2701, -0.0165, -1.1325, 1.1190, -1.6836, 0.8872, -0.5023, 1.6097|0
95|0.2860, 0.0049, -1.1318, 1.1113, -1.6873, 0.8793, -0.4938, 1.6047|0
96|0.2879, 0.0145, -1.1378, 1.0998, -1.6840, 0.8651, -0.4984, 1.5881|0
97|0.2655, 0.0093, -1.1559, 1.1017, -1.6783, 0.8798, -0.5003, 1.6006|0
98|0.2554, 0.0078, -1.1738, 1.0898, -1.6744, 0.8598, -0.5005, 1.5983|40
99|0.2374, -0.0045, -1.1703, 1.1002, -1.6880, 0.8464, -0.4740, 1.5951|0
