0|-0.6035, 0.6530, 0.7117, -0.8589, -1.3410, -0.1159, 1.4209, 0.6193|0
1|-0.6289, 0.6458, 0.7085, -0.9666, -1.4658, -0.1321, 1.4090, 0.5802|0
2|-0.5974, 0.6834, 0.7267, -0.9438, -1.4942, -0.0812, 1.3242, 0.5108|0
3|-0.5508, 0.6841, 0.6881, -0.9735, -1.4657, -0.0417, 1.3178, 0.6442|0
4|-0.6224, 0.6580, 0.5940, -0.9616, -1.4679, -0.1075, 1.3039, 0.6421|0
5|-0.5746, 0.6019, 0.5633, -0.9497, -1.4707, -0.1458, 1.2729, 0.6485|0
6|-0.5117, 0.6374, 0.5920, -1.0081, -1.5167, -0.2554, 1.2614, 0.6256|40
7|-0.5177, 0.5721, 0.4915, -0.9400, -1.5675, -0.2443, 1.2950, 0.5824|0
8|-0.5823, 0.4646, 0.4257, -1.0519, -1.6190, -0.1977, 1.2373, 0.5882|0
9|-0.5911, 0.4545, 0.3140, -1.0055, -1.7168, -0.1874, 1.3203, 0.5802|0
10|-0.5658, 0.4318, 0.1674, -0.9914, -1.7906, -0.2479, 1.2568, 0.6291|0
11|-0.5578, 0.4268, 0.1009, -1.0382, -1.7844, -0.2232, 1.1534, 0.5946|80
12|-0.5800, 0.4236, -0.1302, -1.0692, -1.8064, -0.2915, 1.1184, 0.6022|40
13|-0.6502, 0.3730, -0.3189, -1.1410, -1.8121, -0.2979, 1.1142, 0.5553|80
14|-0.5861, 0.3286, -0.4820, -1.0957, -1.8444, -0.3622, 1.0485, 0.5933|120
15|-0.4735, 0.3004, -0.5735, -1.1426, -1.9078, -0.3624, 1.0010, 0.5567|240
16|-0.3812, 0.3287, -0.5953, -1.1083, -1.8599, -0.4030, 0.9844, 0.5357|280
17|-0.3287, 0.1783, -0.6268, -1.1100, -1.7915, -0.4103, 1.0473, 0.5468|620
18|-0.3318, 0.1189, -0.6584, -1.0733, -1.8366, -0.3406, 0.9132, 0.4981|840
19|-0.3095, 0.1450, -0.7162, -1.0717, -1.8553, -0.3775, 0.9354, 0.4738|420
20|-0.3197, 0.1026, -0.8272, -1.0881, -1.9175, -0.4117, 0.9624, 0.5598|200
21|-0.3268, 0.0279, -0.8452, -1.0033, -1.9474, -0.4637, 0.9146, 0.5886|200
22|-0.1907, 0.0215, -0.8878, -1.0198, -1.8961, -0.4775, 0.9455, 0.5898|580
23|-0.2846, 0.0129, -0.8168, -0.9791, -1.8493, -0.4859, 0.9375, 0.6272|320
24|-0.2411, 0.1244, -0.7893, -1.0019, -1.8044, -0.5277, 0.8169, 0.6564|720
25|-0.2488, 0.0365, -0.8101, -1.0681, -1.7754, -0.5676, 0.8651, 0.6630|660
26|-0.2293, -0.0101, -0.8261, -1.0566, -1.8247, -0.6245, 0.8842, 0.6682|780
27|-0.1411, -0.1151, -0.7903, -1.0217, -1.7621, -0.5852, 0.8716, 0.6883|1320
28|-0.1053, -0.2600, -0.8302, -1.0856, -1.8305, -0.5391, 0.8787, 0.7370|600
29|-0.1159, -0.2803, -0.8298, -1.0158, -1.8525, -0.4566, 0.8551, 0.7576|40
30|-0.1064, -0.3458, -0.8665, -0.9431, -1.9747, -0.5460, 0.8044, 0.8544|800
31|-0.0744, -0.2835, -0.8868, -1.0339, -2.0351, -0.4479, 0.7995, 0.8093|500
