0|-0.2977, 0.8448, 0.0769, -1.4944, 1.0879, 0.6058, -1.2155, 0.1471|0
1|-0.2944, 0.8409, 0.0564, -1.5056, 1.0883, 0.5903, -1.2167, 0.1454|0
2|-0.2967, 0.8320, 0.0487, -1.5197, 1.0793, 0.5766, -1.2190, 0.1452|40
3|-0.3002, 0.8413, 0.0303, -1.5289, 1.0599, 0.5633, -1.2122, 0.1386|40
4|-0.2911, 0.8415, 0.0259, -1.5231, 1.0636, 0.5690, -1.2084, 0.1266|40
5|-0.2887, 0.8456, 0.0088, -1.5344, 1.0565, 0.5665, -1.2044, 0.1169|0
6|-0.2904, 0.8441, -0.0160, -1.5464, 1.0498, 0.5553, -1.2109, 0.1119|0
7|-0.2811, 0.8567, -0.0378, -1.5461, 1.0440, 0.5517, -1.2082, 0.1139|40
8|-0.2815, 0.8639, -0.0500, -1.5448, 1.0358, 0.5327, -1.2070, 0.1004|0
9|-0.2779, 0.8482, -0.0702, -1.5522, 1.0361, 0.5239, -1.2068, 0.1007|40
10|-0.2834, 0.8340, -0.0755, -1.5664, 1.0405, 0.5268, -1.1991, 0.0948|0
11|-0.2945, 0.8228, -0.0840, -1.5788, 1.0328, 0.5241, -1.2040, 0.1033|160
12|-0.2841, 0.8194, -0.0966, -1.5929, 1.0295, 0.5240, -1.2017, 0.0983|80
13|-0.3009, 0.8058, -0.1038, -1.5972, 1.0243, 0.5195, -1.1963, 0.0942|0
14|-0.2980, 0.8058, -0.1271, -1.6011, 1.0156, 0.5163, -1.1859, 0.0925|0
15|-0.3016, 0.8149, -0.1525, -1.6051, 1.0056, 0.5137, -1.1792, 0.1085|0
16|-0.3041, 0.8126, -0.1644, -1.5965, 0.9944, 0.5158, -1.1875, 0.1102|180
17|-0.3012, 0.8190, -0.1664, -1.6046, 0.9784, 0.5055, -1.1938, 0.1117|80
18|-0.3055, 0.8131, -0.1914, -1.6108, 0.9738, 0.5033, -1.1823, 0.1074|80
19|-0.3108, 0.8114, -0.1885, -1.6123, 0.9648, 0.5044, -1.1841, 0.0906|160
20|-0.3135, 0.7930, -0.2089, -1.6194, 0.9604, 0.5100, -1.1764, 0.1013|40
21|-0.3160, 0.7914, -0.2167, -1.6117, 0.9536, 0.5061, -1.1863, 0.0915|120
22|-0.2960, 0.7934, -0.2199, -1.6126, 0.9415, 0.4961, -1.1771, 0.0758|200
23|-0.2933, 0.7965, -0.2403, -1.6217, 0.9315, 0.4982, -1.1760, 0.0682|120
24|-0.2897, 0.8047, -0.2611, -1.6304, 0.9293, 0.5024, -1.1564, 0.0816|200
25|-0.2835, 0.8095, -0.2690, -1.6355, 0.9274, 0.5169, -1.1487, 0.0858|40
26|-0.2861, 0.8042, -0.2709, -1.6393, 0.9249, 0.5044, -1.1572, 0.0833|200
27|-0.2847, 0.8012, -0.2804, -1.6549, 0.9232, 0.5005, -1.1627, 0.0906|140
28|-0.2934, 0.8056, -0.2997, -1.6637, 0.9266, 0.5058, -1.1704, 0.0918|80
29|-0.2957, 0.7891, -0.3036, -1.6617, 0.9077, 0.4982, -1.1698, 0.1060|140
30|-0.3008, 0.7797, -0.3123, -1.6608, 0.9033, 0.4891, -1.1758, 0.1092|0
31|-0.3037, 0.7856, -0.3146, -1.6493, 0.9050, 0.4852, -1.1703, 0.0979|80
0|1.2860, -0.0233, -1.0150, -0.8959, -1.2805, 0.0353, -0.8295, 0.6978|980
1|1.2852, -0.0418, -1.0306, -0.8927, -1.2591, 0.0222, -0.8237, 0.6977|240
2|1.2778, -0.0406, -1.0277, -0.9093, -1.2453, 0.0057, -0.8318, 0.6915|1640
3|1.2881, -0.0346, -1.0062, -0.9218, -1.2544, -0.0024, -0.8241, 0.6897|760
4|1.2955, -0.0427, -0.9887, -0.9182, -1.2553, -0.0046, -0.8236, 0.6921|840
5|1.3130, -0.0499, -0.9998, -0.9150, -1.2575, -0.0085, -0.8151, 0.7021|620
6|1.3154, -0.0570, -0.9875, -0.9360, -1.2535, -0.0120, -0.8180, 0.7035|560
7|1.3166, -0.0559, -0.9855, -0.9255, -1.2370, -0.0263, -0.8063, 0.6920|640
8|1.3106, -0.0559, -0.9967, -0.9375, -1.2295, -0.0273, -0.8083, 0.6900|760
9|1.3258, -0.0713, -1.0003, -0.9182, -1.2268, -0.0230, -0.8004, 0.7016|440
10|1.3261, -0.0777, -0.9885, -0.9270, -1.2281, -0.0392, -0.7925, 0.7027|640
11|1.3193, -0.0943, -0.9899, -0.9241, -1.2184, -0.0560, -0.8020, 0.7062|160
12|1.3104, -0.1130, -0.9767, -0.9107, -1.2150, -0.0558, -0.7912, 0.7113|300
13|1.3238, -0.1163, -0.9831, -0.9268, -1.1993, -0.0484, -0.7891, 0.7131|160
14|1.3418, -0.1175, -0.9916, -0.9285, -1.1966, -0.0480, -0.7780, 0.7105|480
15|1.3421, -0.1468, -1.0036, -0.9238, -1.1982, -0.0677, -0.7677, 0.6998|200
16|1.3549, -0.1495, -1.0005, -0.9151, -1.1909, -0.0706, -0.7605, 0.6833|2440
17|1.3574, -0.1736, -0.9962, -0.9144, -1.1833, -0.0855, -0.7500, 0.6787|580
18|1.3627, -0.1783, -0.9867, -0.9003, -1.1626, -0.0817, -0.7379, 0.6751|660
19|1.3727, -0.1677, -0.9777, -0.8910, -1.1621, -0.0823, -0.7058, 0.6736|1260
20|1.3906, -0.1756, -0.9821, -0.8952, -1.1696, -0.0906, -0.7238, 0.6694|560
21|1.3953, -0.1911, -0.9688, -0.9049, -1.1632, -0.0893, -0.7410, 0.6710|80
22|1.4030, -0.2025, -0.9684, -0.9214, -1.1573, -0.0901, -0.7269, 0.6688|580
23|1.3768, -0.1959, -0.9696, -0.9264, -1.1516, -0.0649, -0.7087, 0.6717|740
24|1.3808, -0.2171, -0.9632, -0.9190, -1.1562, -0.0725, -0.6929, 0.6678|280
25|1.3902, -0.2240, -0.9634, -0.8924, -1.1476, -0.0474, -0.6800, 0.6661|1060
26|1.3868, -0.2305, -0.9592, -0.9129, -1.1393, -0.0587, -0.6702, 0.6612|1540
27|1.3983, -0.2452, -0.9408, -0.9100, -1.1451, -0.0707, -0.6762, 0.6641|1240
28|1.4130, -0.2545, -0.9341, -0.9093, -1.1396, -0.0743, -0.6836, 0.6697|800
29|1.4143, -0.2837, -0.9055, -0.9148, -1.1325, -0.0793, -0.6865, 0.6712|960
30|1.4328, -0.2996, -0.9085, -0.9194, -1.1429, -0.0777, -0.6694, 0.6703|1400
31|1.4059, -0.2965, -0.8865, -0.9172, -1.1313, -0.0830, -0.6752, 0.6688|300
