0|-0.3171, 1.0770, 0.0445, -1.1901, 0.9593, 1.0042, -0.5817, -0.6729|0
1|-0.3284, 1.0481, 0.0125, -1.1977, 0.9409, 1.0083, -0.6024, -0.7093|0
2|-0.3453, 1.0482, -0.0102, -1.2304, 0.9490, 0.9942, -0.6110, -0.7139|0
3|-0.3454, 1.0629, -0.0400, -1.2521, 0.9332, 0.9754, -0.5875, -0.7206|0
4|-0.3535, 1.0482, -0.0707, -1.2770, 0.9025, 0.9610, -0.6085, -0.6941|0
5|-0.3391, 1.0262, -0.1205, -1.3273, 0.8846, 0.9573, -0.6120, -0.6873|0
6|-0.3729, 1.0400, -0.1559, -1.3507, 0.8374, 0.9428, -0.6071, -0.6800|0
7|-0.3662, 1.0376, -0.1709, -1.3711, 0.7869, 0.9181, -0.6213, -0.6768|40
8|-0.3471, 1.0269, -0.1957, -1.3943, 0.7735, 0.9046, -0.6172, -0.6989|0
9|-0.3427, 1.0169, -0.2307, -1.4398, 0.7679, 0.8877, -0.6270, -0.6990|80
10|-0.3520, 0.9958, -0.2539, -1.4622, 0.7359, 0.8796, -0.6249, -0.6889|260
11|-0.3574, 0.9810, -0.2952, -1.4689, 0.7172, 0.8748, -0.6425, -0.6959|40
12|-0.3681, 0.9618, -0.3121, -1.4692, 0.6950, 0.8313, -0.6414, -0.7006|160
13|-0.3594, 0.9647, -0.3372, -1.4696, 0.6315, 0.8077, -0.6372, -0.7055|120
14|-0.3529, 0.9695, -0.3572, -1.4725, 0.6064, 0.8103, -0.6296, -0.6943|40
15|-0.3565, 0.9518, -0.4021, -1.4788, 0.5825, 0.8264, -0.6127, -0.7003|120
16|-0.3358, 0.9433, -0.4286, -1.5001, 0.5785, 0.7916, -0.6007, -0.6917|80
17|-0.3297, 0.9318, -0.4659, -1.5176, 0.5697, 0.7581, -0.6142, -0.7037|160
18|-0.2826, 0.9390, -0.4803, -1.5338, 0.5590, 0.7475, -0.6358, -0.7122|360
19|-0.2517, 0.9728, -0.5030, -1.5538, 0.5679, 0.7490, -0.6423, -0.6929|120
20|-0.2558, 0.9724, -0.5139, -1.5397, 0.5512, 0.7398, -0.6114, -0.7195|0
21|-0.2486, 0.9568, -0.5218, -1.5437, 0.5317, 0.7013, -0.6077, -0.7080|40
22|-0.2558, 0.9729, -0.5370, -1.5637, 0.5216, 0.6973, -0.6107, -0.7163|80
23|-0.2719, 0.9611, -0.5463, -1.5777, 0.5073, 0.6868, -0.6120, -0.7037|240
24|-0.2563, 0.9403, -0.5486, -1.5642, 0.5215, 0.6621, -0.5899, -0.7010|200
25|-0.2395, 0.8979, -0.5568, -1.5562, 0.5078, 0.6513, -0.5669, -0.7105|160
26|-0.2281, 0.8789, -0.5957, -1.5780, 0.5185, 0.6656, -0.5602, -0.7246|40
27|-0.2232, 0.8716, -0.6346, -1.5822, 0.5147, 0.6401, -0.5608, -0.7360|120
28|-0.2080, 0.8803, -0.6365, -1.5724, 0.5115, 0.6216, -0.5609, -0.7664|160
29|-0.1848, 0.8612, -0.6263, -1.5761, 0.4981, 0.6178, -0.5462, -0.7417|200
30|-0.1942, 0.8553, -0.6392, -1.5830, 0.4954, 0.6050, -0.5311, -0.7454|200
31|-0.1837, 0.8438, -0.6514, -1.5877, 0.4908, 0.5815, -0.5390, -0.7287|160
