0|-0.2028, -0.8215, -0.0638, -0.1893, -1.1592, -1.3632, 0.6449, -0.7210|120
1|-0.2063, -0.8282, -0.0742, -0.1865, -1.1765, -1.3604, 0.6321, -0.7275|420
2|-0.1907, -0.8273, -0.0948, -0.1815, -1.1690, -1.3622, 0.6219, -0.7268|660
3|-0.1862, -0.8335, -0.1227, -0.1827, -1.1784, -1.3580, 0.6168, -0.7274|320
4|-0.1744, -0.8469, -0.1425, -0.1707, -1.1770, -1.3617, 0.6191, -0.7343|600
5|-0.1592, -0.8533, -0.1441, -0.1726, -1.1786, -1.3634, 0.6128, -0.7325|400
6|-0.1539, -0.8507, -0.1648, -0.1759, -1.1767, -1.3580, 0.6123, -0.7271|160
7|-0.1454, -0.8534, -0.1711, -0.1771, -1.1823, -1.3650, 0.6061, -0.7297|360
8|-0.1289, -0.8597, -0.1792, -0.1862, -1.1967, -1.3765, 0.6023, -0.7284|540
9|-0.1197, -0.8708, -0.1889, -0.1944, -1.2069, -1.3634, 0.6028, -0.7327|480
10|-0.1147, -0.8772, -0.2119, -0.1873, -1.2239, -1.3619, 0.5927, -0.7424|500
11|-0.1116, -0.8696, -0.2313, -0.2006, -1.2276, -1.3642, 0.5912, -0.7187|380
12|-0.1045, -0.8764, -0.2449, -0.1974, -1.2278, -1.3585, 0.5923, -0.6985|240
13|-0.1132, -0.8787, -0.2527, -0.1896, -1.2237, -1.3550, 0.5871, -0.6848|440
14|-0.1225, -0.8817, -0.2538, -0.1831, -1.2236, -1.3437, 0.5866, -0.6828|1180
15|-0.1096, -0.8959, -0.2666, -0.1864, -1.2275, -1.3497, 0.5844, -0.6856|300
16|-0.1006, -0.8980, -0.2881, -0.2001, -1.2154, -1.3440, 0.5794, -0.6838|1100
17|-0.1069, -0.9044, -0.2958, -0.2003, -1.2181, -1.3524, 0.5684, -0.6680|360
18|-0.0979, -0.9144, -0.2966, -0.2009, -1.2153, -1.3494, 0.5687, -0.6864|680
19|-0.1051, -0.9225, -0.3032, -0.1895, -1.2133, -1.3453, 0.5644, -0.6763|1060
20|-0.1081, -0.9228, -0.3107, -0.1868, -1.2151, -1.3421, 0.5656, -0.6676|1000
21|-0.1135, -0.9308, -0.3261, -0.1872, -1.2221, -1.3386, 0.5541, -0.6681|240
22|-0.1204, -0.9273, -0.3221, -0.1725, -1.2394, -1.3333, 0.5405, -0.6652|1060
23|-0.1225, -0.9277, -0.3288, -0.1720, -1.2450, -1.3332, 0.5411, -0.6644|380
24|-0.1091, -0.9345, -0.3451, -0.1739, -1.2465, -1.3342, 0.5459, -0.6526|760
25|-0.1001, -0.9415, -0.3510, -0.1807, -1.2481, -1.3421, 0.5423, -0.6645|940
26|-0.0871, -0.9499, -0.3452, -0.1827, -1.2467, -1.3360, 0.5431, -0.6661|160
27|-0.0812, -0.9442, -0.3463, -0.1718, -1.2478, -1.3424, 0.5492, -0.6550|680
28|-0.0744, -0.9449, -0.3630, -0.1683, -1.2559, -1.3369, 0.5421, -0.6631|800
29|-0.0573, -0.9535, -0.3659, -0.1737, -1.2474, -1.3431, 0.5363, -0.6545|560
30|-0.0494, -0.9548, -0.3722, -0.1583, -1.2409, -1.3366, 0.5336, -0.6554|320
31|-0.0494, -0.9572, -0.3881, -0.1502, -1.2394, -1.3172, 0.5241, -0.6444|620
