0|0.4562, 0.8428, -0.2068, -0.2174, -0.4129, -0.4762, 0.4050, 0.2098|40
1|0.4507, 0.8305, -0.2701, -0.2376, -0.4028, -0.4696, 0.4091, 0.1952|0
2|0.4431, 0.8169, -0.3182, -0.2642, -0.4184, -0.4772, 0.4139, 0.1720|40
3|0.4483, 0.7979, -0.3518, -0.2940, -0.4053, -0.4812, 0.4021, 0.1674|160
4|0.4532, 0.7691, -0.3912, -0.3148, -0.3891, -0.4801, 0.3917, 0.1507|300
5|0.4459, 0.7454, -0.4271, -0.3455, -0.3758, -0.5012, 0.3849, 0.1464|160
6|0.4613, 0.7257, -0.4607, -0.3503, -0.3748, -0.4975, 0.3818, 0.1511|320
7|0.4475, 0.6939, -0.4878, -0.3635, -0.3855, -0.5123, 0.3802, 0.1494|660
8|0.4673, 0.6680, -0.5260, -0.3889, -0.3944, -0.5323, 0.3715, 0.1577|760
9|0.4825, 0.6670, -0.5431, -0.4194, -0.4022, -0.5368, 0.3523, 0.1502|320
10|0.5028, 0.6476, -0.5585, -0.4463, -0.3883, -0.5475, 0.3509, 0.1286|800
11|0.5075, 0.6178, -0.5772, -0.4347, -0.3734, -0.5588, 0.3433, 0.1416|160
12|0.4860, 0.6110, -0.6007, -0.4682, -0.3612, -0.5787, 0.3515, 0.1467|540
13|0.4881, 0.5965, -0.6239, -0.4838, -0.3496, -0.5771, 0.3345, 0.1384|920
14|0.5076, 0.5805, -0.6412, -0.5074, -0.3374, -0.5732, 0.3109, 0.1200|420
15|0.5138, 0.5595, -0.6533, -0.5149, -0.3298, -0.5654, 0.3120, 0.1193|440
16|0.5311, 0.5286, -0.6918, -0.5296, -0.3314, -0.5637, 0.3259, 0.1137|240
17|0.5275, 0.4946, -0.7024, -0.5491, -0.3364, -0.5607, 0.3027, 0.1038|720
18|0.5325, 0.4692, -0.7088, -0.5507, -0.3400, -0.5581, 0.2911, 0.1002|400
19|0.5390, 0.4316, -0.7236, -0.5452, -0.3446, -0.5556, 0.2755, 0.1161|680
20|0.5468, 0.4136, -0.7331, -0.5641, -0.3255, -0.5497, 0.2823, 0.1344|400
21|0.5602, 0.4183, -0.7351, -0.5678, -0.3180, -0.5554, 0.2891, 0.1380|380
22|0.5774, 0.3980, -0.7443, -0.5748, -0.3199, -0.5619, 0.2690, 0.1431|620
23|0.5824, 0.3909, -0.7437, -0.5628, -0.3109, -0.5621, 0.2559, 0.1382|400
24|0.5843, 0.3715, -0.7513, -0.5780, -0.3157, -0.5591, 0.2535, 0.1238|480
25|0.5970, 0.3661, -0.7406, -0.5732, -0.3400, -0.5446, 0.2492, 0.1153|480
26|0.6078, 0.3486, -0.7432, -0.5799, -0.3319, -0.5468, 0.2651, 0.1172|120
27|0.6082, 0.3434, -0.7507, -0.5925, -0.3086, -0.5456, 0.2618, 0.1291|520
28|0.6309, 0.3419, -0.7603, -0.6141, -0.2940, -0.5497, 0.2586, 0.1393|560
29|0.6328, 0.3285, -0.7709, -0.6196, -0.3060, -0.5519, 0.2522, 0.1436|40
30|0.6418, 0.3090, -0.7844, -0.6275, -0.3006, -0.5295, 0.2527, 0.1502|1320
31|0.6589, 0.2723, -0.7668, -0.6163, -0.2864, -0.5341, 0.2431, 0.1572|200
