0|-0.1255, 0.4218, 0.2560, 0.6981, -1.4396, 0.0034, -1.4596, 0.6483|0
1|-0.1307, 0.4235, 0.2454, 0.6914, -1.4391, 0.0045, -1.4695, 0.6589|40
2|-0.1373, 0.4226, 0.2346, 0.6898, -1.4321, 0.0065, -1.4723, 0.6615|0
3|-0.1414, 0.4175, 0.2270, 0.6809, -1.4437, 0.0203, -1.4632, 0.6689|0
4|-0.1393, 0.4157, 0.2296, 0.6959, -1.4392, 0.0307, -1.4823, 0.6600|0
5|-0.1445, 0.4069, 0.2237, 0.7036, -1.4423, 0.0445, -1.4868, 0.6694|0
6|-0.1532, 0.4203, 0.2090, 0.7065, -1.4411, 0.0425, -1.4873, 0.6749|0
7|-0.1587, 0.4306, 0.2120, 0.7306, -1.4373, 0.0561, -1.4825, 0.6807|0
8|-0.1677, 0.4102, 0.2098, 0.7367, -1.4390, 0.0547, -1.4645, 0.7029|0
9|-0.1838, 0.4070, 0.2087, 0.7249, -1.4504, 0.0648, -1.4592, 0.7031|0
10|-0.1717, 0.4308, 0.2125, 0.7261, -1.4501, 0.0712, -1.4633, 0.6925|0
11|-0.1669, 0.4259, 0.2203, 0.7236, -1.4440, 0.0620, -1.4723, 0.6902|0
12|-0.1692, 0.4244, 0.2141, 0.7058, -1.4282, 0.0582, -1.4742, 0.6949|0
13|-0.1619, 0.4193, 0.2055, 0.7091, -1.4289, 0.0626, -1.4784, 0.6827|0
14|-0.1519, 0.4141, 0.1884, 0.7165, -1.4479, 0.0700, -1.4585, 0.6970|0
15|-0.1441, 0.4038, 0.1855, 0.7138, -1.4438, 0.0653, -1.4503, 0.6891|0
16|-0.1575, 0.3882, 0.1721, 0.7016, -1.4399, 0.0795, -1.4605, 0.7011|0
17|-0.1668, 0.3878, 0.1686, 0.6963, -1.4309, 0.0598, -1.4559, 0.7033|0
18|-0.1526, 0.3923, 0.1613, 0.6963, -1.4248, 0.0698, -1.4754, 0.6989|0
19|-0.1475, 0.4041, 0.1762, 0.6988, -1.4161, 0.0690, -1.4882, 0.6992|0
20|-0.1403, 0.4065, 0.1783, 0.6880, -1.3996, 0.0641, -1.4806, 0.6934|0
21|-0.1367, 0.3912, 0.1747, 0.7030, -1.3797, 0.0521, -1.4846, 0.7020|0
22|-0.1331, 0.3952, 0.1599, 0.7150, -1.3687, 0.0448, -1.4918, 0.7026|0
23|-0.1487, 0.3979, 0.1729, 0.7219, -1.3687, 0.0235, -1.5113, 0.7102|0
24|-0.1411, 0.3906, 0.1381, 0.7244, -1.3589, 0.0294, -1.5031, 0.7060|0
25|-0.1351, 0.3987, 0.1232, 0.7459, -1.3548, 0.0205, -1.4994, 0.7055|0
26|-0.1392, 0.3868, 0.1207, 0.7261, -1.3718, 0.0231, -1.4984, 0.7225|0
27|-0.1620, 0.3821, 0.1171, 0.7197, -1.3652, 0.0287, -1.5051, 0.7222|0
28|-0.1708, 0.3869, 0.1277, 0.7224, -1.3848, 0.0389, -1.4990, 0.7139|0
29|-0.1518, 0.3881, 0.1274, 0.7364, -1.3692, 0.0274, -1.4900, 0.7054|0
30|-0.1369, 0.3771, 0.1346, 0.7389, -1.3531, 0.0191, -1.4782, 0.6967|0
31|-0.1413, 0.3877, 0.1349, 0.7147, -1.3478, 0.0158, -1.4602, 0.6927|0
32|-0.1433, 0.3770, 0.1335, 0.7087, -1.3475, 0.0092, -1.4637, 0.7091|0
33|-0.1382, 0.3684, 0.1280, 0.7100, -1.3478, 0.0074, -1.4713, 0.7226|0
34|-0.1370, 0.3725, 0.1193, 0.7248, -1.3327, 0.0093, -1.4737, 0.7250|0
35|-0.1362, 0.3727, 0.1120, 0.7312, -1.3347, 0.0120, -1.4777, 0.7196|0
36|-0.1392, 0.3642, 0.1026, 0.7448, -1.3338, 0.0244, -1.4702, 0.7189|0
37|-0.1544, 0.3616, 0.1072, 0.7494, -1.3390, 0.0273, -1.4648, 0.7349|0
38|-0.1586, 0.3627, 0.1025, 0.7651, -1.3425, 0.0319, -1.4829, 0.7358|0
39|-0.1903, 0.3636, 0.0947, 0.7667, -1.3333, 0.0097, -1.4957, 0.7578|0
40|-0.1773, 0.3689, 0.0791, 0.7549, -1.3197, 0.0061, -1.4763, 0.7610|100
41|-0.1822, 0.3820, 0.0878, 0.7494, -1.3307, 0.0003, -1.4726, 0.7503|0
42|-0.1818, 0.3959, 0.0691, 0.7569, -1.3429, -0.0121, -1.4716, 0.7374|0
43|-0.1935, 0.4045, 0.0595, 0.7656, -1.3208, -0.0137, -1.4754, 0.7433|0
44|-0.1931, 0.4030, 0.0449, 0.7598, -1.3341, -0.0131, -1.4646, 0.7405|0
45|-0.2060, 0.3980, 0.0354, 0.7783, -1.3164, -0.0169, -1.4760, 0.7308|0
46|-0.2008, 0.4014, 0.0298, 0.7981, -1.3288, -0.0203, -1.4771, 0.7304|0
47|-0.1922, 0.3876, 0.0301, 0.7938, -1.3470, -0.0183, -1.4800, 0.7299|40
48|-0.1793, 0.3896, 0.0061, 0.7945, -1.3532, -0.0167, -1.4971, 0.7192|0
49|-0.1852, 0.4018, -0.0025, 0.7975, -1.3419, -0.0325, -1.5192, 0.7257|0
50|-0.2036, 0.4047, -0.0019, 0.7917, -1.3257, -0.0380, -1.5202, 0.7340|0
51|-0.2130, 0.4098, -0.0136, 0.7879, -1.3278, -0.0247, -1.5269, 0.7325|0
52|-0.2089, 0.3952, -0.0109, 0.7704, -1.3186, -0.0260, -1.5254, 0.7237|0
53|-0.2091, 0.3971, -0.0068, 0.7662, -1.3258, -0.0312, -1.5136, 0.7257|40
54|-0.1867, 0.3967, -0.0076, 0.7649, -1.3259, -0.0321, -1.5202, 0.7264|0
55|-0.1879, 0.3957, -0.0043, 0.7520, -1.3312, -0.0235, -1.5145, 0.7375|0
56|-0.1760, 0.3948, -0.0156, 0.7545, -1.3348, -0.0267, -1.5159, 0.7311|0
57|-0.1774, 0.4064, -0.0164, 0.7504, -1.3308, -0.0216, -1.5181, 0.7381|0
58|-0.1674, 0.4219, 0.0033, 0.7574, -1.3198, -0.0046, -1.5166, 0.7457|40
59|-0.1710, 0.4161, 0.0022, 0.7474, -1.3298, -0.0028, -1.5164, 0.7444|0
60|-0.1612, 0.4039, 0.0057, 0.7471, -1.3410, 0.0020, -1.5271, 0.7380|0
61|-0.1496, 0.4035, 0.0001, 0.7414, -1.3524, 0.0069, -1.5037, 0.7491|0
62|-0.1494, 0.4148, -0.0093, 0.7356, -1.3603, 0.0256, -1.4942, 0.7435|0
63|-0.1351, 0.4075, -0.0098, 0.7463, -1.3501, 0.0231, -1.4927, 0.7370|0
