0|0.1767, -1.1259, 0.1582, -1.3002, -0.2373, 0.2395, 0.9490, 0.7437|40
1|0.1894, -1.1436, 0.0933, -1.3049, -0.2298, 0.2478, 0.9606, 0.7443|160
2|0.2032, -1.1423, 0.0519, -1.2907, -0.2283, 0.2343, 0.9585, 0.7451|720
3|0.2149, -1.1532, 0.0084, -1.2720, -0.2325, 0.2337, 0.9604, 0.7413|700
4|0.2259, -1.1665, -0.0593, -1.2649, -0.2263, 0.2392, 0.9537, 0.7284|260
5|0.2318, -1.1774, -0.0938, -1.2660, -0.2123, 0.2196, 0.9421, 0.7349|460
6|0.2422, -1.1894, -0.1160, -1.2480, -0.2161, 0.2289, 0.9415, 0.7497|600
7|0.2547, -1.2192, -0.1613, -1.2324, -0.2131, 0.2341, 0.9464, 0.7585|840
8|0.2699, -1.2335, -0.1963, -1.2158, -0.2052, 0.2496, 0.9345, 0.7528|280
9|0.2685, -1.2573, -0.2131, -1.2098, -0.1977, 0.2645, 0.9170, 0.7686|700
10|0.2663, -1.2704, -0.2330, -1.1989, -0.2040, 0.2791, 0.9084, 0.7683|1060
11|0.2552, -1.2687, -0.2608, -1.1857, -0.2055, 0.2790, 0.9110, 0.7722|1900
12|0.2691, -1.2872, -0.2769, -1.1546, -0.1934, 0.2686, 0.9145, 0.7749|1660
13|0.2744, -1.2998, -0.3114, -1.1306, -0.1654, 0.2835, 0.9084, 0.7821|2480
14|0.2700, -1.3299, -0.3324, -1.1340, -0.1606, 0.2698, 0.9060, 0.7681|280
15|0.2869, -1.3314, -0.3327, -1.1180, -0.1582, 0.2853, 0.9041, 0.7648|940
16|0.2837, -1.3473, -0.3483, -1.1010, -0.1431, 0.2954, 0.8939, 0.7604|960
17|0.2952, -1.3647, -0.3515, -1.0883, -0.1414, 0.2921, 0.8850, 0.7568|1060
18|0.3132, -1.3744, -0.3526, -1.0840, -0.1289, 0.3107, 0.8692, 0.7636|1860
19|0.3291, -1.3959, -0.3602, -1.0796, -0.1223, 0.3037, 0.8673, 0.7629|820
20|0.3326, -1.4172, -0.3691, -1.0581, -0.1042, 0.3161, 0.8599, 0.7644|2020
21|0.3419, -1.4203, -0.3687, -1.0372, -0.0912, 0.3220, 0.8639, 0.7650|1980
22|0.3577, -1.4359, -0.3739, -1.0206, -0.1009, 0.3321, 0.8471, 0.7685|980
23|0.3766, -1.4588, -0.4032, -0.9953, -0.1058, 0.3367, 0.8455, 0.7657|2360
24|0.3642, -1.4796, -0.4109, -0.9886, -0.1039, 0.3359, 0.8406, 0.7590|940
25|0.3803, -1.4982, -0.4186, -0.9804, -0.0993, 0.3443, 0.8284, 0.7536|3460
26|0.3869, -1.5150, -0.4137, -0.9808, -0.0817, 0.3565, 0.8290, 0.7484|3740
27|0.3935, -1.5246, -0.4104, -0.9731, -0.0804, 0.3454, 0.8218, 0.7497|3280
28|0.4024, -1.5256, -0.4064, -0.9703, -0.0760, 0.3487, 0.8068, 0.7386|1200
29|0.3967, -1.5475, -0.4231, -0.9770, -0.0652, 0.3522, 0.7855, 0.7354|2420
30|0.3956, -1.5595, -0.4177, -0.9767, -0.0407, 0.3334, 0.7823, 0.7327|680
31|0.4171, -1.5579, -0.4245, -0.9566, -0.0337, 0.3440, 0.7625, 0.7503|1480
