0|-1.1000, -1.2701, -0.4077, 1.1858, -0.7031, -0.3527, 1.3147, -0.5571|0
1|-1.0982, -1.2769, -0.4072, 1.1817, -0.7116, -0.3557, 1.3193, -0.5598|0
2|-1.1048, -1.2839, -0.4062, 1.1847, -0.7144, -0.3522, 1.3309, -0.5587|0
3|-1.1090, -1.2849, -0.4079, 1.1845, -0.7145, -0.3493, 1.3308, -0.5637|0
4|-1.1027, -1.2870, -0.4106, 1.1864, -0.7144, -0.3513, 1.3314, -0.5526|0
5|-1.1026, -1.2828, -0.4083, 1.1750, -0.7142, -0.3538, 1.3396, -0.5491|0
6|-1.0975, -1.2869, -0.4098, 1.1826, -0.7249, -0.3584, 1.3332, -0.5532|0
7|-1.1065, -1.2960, -0.4131, 1.1799, -0.7218, -0.3599, 1.3303, -0.5561|0
8|-1.1111, -1.2983, -0.4211, 1.1758, -0.7241, -0.3661, 1.3347, -0.5585|0
9|-1.1117, -1.3064, -0.4222, 1.1729, -0.7313, -0.3633, 1.3237, -0.5667|0
10|-1.1139, -1.3016, -0.4096, 1.1673, -0.7216, -0.3681, 1.3201, -0.5594|0
11|-1.1148, -1.2983, -0.4158, 1.1689, -0.7301, -0.3659, 1.3191, -0.5604|0
12|-1.1184, -1.2943, -0.4204, 1.1650, -0.7215, -0.3637, 1.3173, -0.5606|0
13|-1.1126, -1.3053, -0.4188, 1.1670, -0.7180, -0.3648, 1.3164, -0.5710|0
14|-1.1124, -1.3029, -0.4188, 1.1642, -0.7218, -0.3733, 1.3052, -0.5696|0
15|-1.1153, -1.3024, -0.4137, 1.1614, -0.7263, -0.3688, 1.3028, -0.5740|0
16|-1.1222, -1.3070, -0.4165, 1.1612, -0.7302, -0.3748, 1.2953, -0.5743|0
17|-1.1175, -1.3108, -0.4200, 1.1632, -0.7400, -0.3755, 1.2921, -0.5672|0
18|-1.1209, -1.3175, -0.4178, 1.1609, -0.7467, -0.3768, 1.2980, -0.5695|0
19|-1.1225, -1.3204, -0.4278, 1.1585, -0.7540, -0.3744, 1.3000, -0.5646|0
20|-1.1297, -1.3247, -0.4329, 1.1514, -0.7522, -0.3722, 1.2919, -0.5710|0
21|-1.1294, -1.3269, -0.4387, 1.1410, -0.7500, -0.3721, 1.2923, -0.5670|0
22|-1.1409, -1.3237, -0.4437, 1.1261, -0.7507, -0.3745, 1.2853, -0.5624|0
23|-1.1424, -1.3285, -0.4435, 1.1208, -0.7558, -0.3650, 1.2814, -0.5683|0
24|-1.1468, -1.3345, -0.4437, 1.1249, -0.7612, -0.3649, 1.2817, -0.5755|0
25|-1.1400, -1.3385, -0.4473, 1.1184, -0.7647, -0.3627, 1.2838, -0.5743|0
26|-1.1414, -1.3344, -0.4545, 1.1105, -0.7615, -0.3703, 1.2890, -0.5778|0
27|-1.1413, -1.3343, -0.4514, 1.1075, -0.7598, -0.3741, 1.2866, -0.5727|0
28|-1.1333, -1.3412, -0.4524, 1.1017, -0.7585, -0.3722, 1.2714, -0.5720|0
29|-1.1345, -1.3419, -0.4530, 1.1009, -0.7574, -0.3746, 1.2630, -0.5732|0
30|-1.1314, -1.3540, -0.4420, 1.0997, -0.7538, -0.3806, 1.2636, -0.5816|0
31|-1.1299, -1.3544, -0.4410, 1.0954, -0.7532, -0.3842, 1.2571, -0.5835|0
