0|0.5817, -0.7723, -0.3622, 0.3527, -1.1848, 0.3236, 0.6663, 0.3584|0
1|0.5730, -0.7733, -0.3688, 0.3487, -1.1853, 0.3246, 0.6659, 0.3666|0
2|0.5760, -0.7741, -0.3751, 0.3437, -1.1860, 0.3246, 0.6655, 0.3625|0
3|0.5659, -0.7751, -0.3828, 0.3274, -1.1810, 0.3240, 0.6657, 0.3685|0
4|0.5652, -0.7679, -0.3840, 0.3285, -1.1745, 0.3163, 0.6598, 0.3686|0
5|0.5692, -0.7637, -0.3881, 0.3226, -1.1732, 0.3168, 0.6552, 0.3718|260
6|0.5670, -0.7625, -0.3955, 0.3159, -1.1814, 0.3146, 0.6532, 0.3739|40
7|0.5678, -0.7563, -0.3954, 0.3085, -1.1767, 0.3175, 0.6515, 0.3668|180
8|0.5739, -0.7477, -0.3956, 0.2939, -1.1712, 0.3085, 0.6503, 0.3666|0
9|0.5757, -0.7528, -0.3926, 0.2825, -1.1648, 0.3030, 0.6494, 0.3654|100
10|0.5779, -0.7544, -0.4079, 0.2866, -1.1653, 0.2996, 0.6495, 0.3700|0
11|0.5785, -0.7576, -0.4127, 0.2829, -1.1592, 0.2957, 0.6443, 0.3671|80
12|0.5825, -0.7541, -0.4077, 0.2806, -1.1540, 0.2986, 0.6486, 0.3597|0
13|0.5839, -0.7540, -0.4029, 0.2744, -1.1505, 0.2978, 0.6442, 0.3565|80
14|0.5784, -0.7503, -0.4050, 0.2638, -1.1448, 0.2873, 0.6432, 0.3539|80
15|0.5724, -0.7455, -0.4113, 0.2528, -1.1401, 0.2774, 0.6439, 0.3477|0
16|0.5705, -0.7483, -0.4205, 0.2564, -1.1437, 0.2745, 0.6528, 0.3414|180
17|0.5701, -0.7489, -0.4249, 0.2541, -1.1496, 0.2683, 0.6518, 0.3445|120
18|0.5672, -0.7488, -0.4268, 0.2444, -1.1512, 0.2651, 0.6439, 0.3439|0
19|0.5699, -0.7528, -0.4263, 0.2380, -1.1557, 0.2674, 0.6445, 0.3480|80
20|0.5708, -0.7538, -0.4304, 0.2230, -1.1512, 0.2674, 0.6432, 0.3415|80
21|0.5763, -0.7592, -0.4373, 0.2177, -1.1515, 0.2556, 0.6463, 0.3384|80
22|0.5753, -0.7615, -0.4462, 0.2042, -1.1533, 0.2472, 0.6504, 0.3377|0
23|0.5714, -0.7783, -0.4458, 0.1955, -1.1585, 0.2527, 0.6502, 0.3312|0
24|0.5695, -0.7844, -0.4485, 0.1917, -1.1598, 0.2529, 0.6491, 0.3340|0
25|0.5685, -0.7889, -0.4525, 0.1844, -1.1583, 0.2487, 0.6458, 0.3329|0
26|0.5705, -0.7906, -0.4527, 0.1816, -1.1619, 0.2527, 0.6501, 0.3308|0
27|0.5633, -0.7936, -0.4563, 0.1731, -1.1553, 0.2518, 0.6591, 0.3269|120
28|0.5636, -0.7938, -0.4588, 0.1754, -1.1413, 0.2405, 0.6548, 0.3236|40
29|0.5679, -0.7902, -0.4591, 0.1750, -1.1427, 0.2410, 0.6563, 0.3101|40
30|0.5593, -0.7924, -0.4556, 0.1638, -1.1407, 0.2340, 0.6537, 0.3064|40
31|0.5564, -0.7948, -0.4525, 0.1596, -1.1425, 0.2283, 0.6475, 0.3091|40
