0|0.1174, -0.0172, 0.9256, -1.0889, -0.5669, -0.5208, -1.3462, -1.1733|0
1|0.0495, 0.0257, 0.8760, -1.1617, -0.6127, -0.5127, -1.2729, -1.2065|0
2|-0.0567, 0.0254, 0.7848, -1.2380, -0.5306, -0.6045, -1.1969, -1.1791|40
3|-0.0534, 0.0056, 0.7333, -1.2900, -0.4202, -0.6426, -1.2017, -1.2326|40
4|-0.0041, -0.0109, 0.6860, -1.2700, -0.4187, -0.6339, -1.1340, -1.1785|40
5|-0.0618, 0.0722, 0.4791, -1.2996, -0.3900, -0.7066, -1.0760, -1.2013|40
6|-0.1759, 0.0248, 0.4266, -1.2985, -0.4976, -0.6838, -1.1020, -1.1284|0
7|-0.0652, -0.0321, 0.3191, -1.4025, -0.5040, -0.7242, -1.0403, -1.1546|80
8|0.0858, -0.1194, 0.2439, -1.4323, -0.5322, -0.7625, -0.9319, -1.2153|80
9|0.1442, -0.2231, 0.1327, -1.4715, -0.5441, -0.7009, -1.0004, -1.1179|80
10|0.1191, -0.2870, -0.0782, -1.4623, -0.5349, -0.7017, -1.0006, -1.0037|640
11|0.0750, -0.3837, -0.2456, -1.3806, -0.5917, -0.7260, -1.0258, -1.0924|420
12|0.0098, -0.4603, -0.2916, -1.3222, -0.5772, -0.7513, -1.0528, -1.0743|320
13|-0.0137, -0.4895, -0.4029, -1.3561, -0.5717, -0.7402, -1.0993, -1.0425|80
14|0.0465, -0.5056, -0.5466, -1.3002, -0.5823, -0.7649, -1.0599, -0.9789|280
15|0.0261, -0.4403, -0.6695, -1.3081, -0.5764, -0.8159, -1.0762, -0.9141|160
16|0.0705, -0.4928, -0.7903, -1.3089, -0.5236, -0.9441, -1.0729, -0.8272|160
17|0.1566, -0.4894, -0.8248, -1.3089, -0.5622, -0.9610, -1.1215, -0.7767|200
18|0.1078, -0.5179, -0.8535, -1.2758, -0.5482, -0.9691, -1.0823, -0.7923|780
19|0.1308, -0.5794, -0.9191, -1.1720, -0.6460, -1.0263, -1.0006, -0.8493|1020
20|0.2355, -0.6051, -1.0044, -1.1780, -0.6666, -0.9490, -1.0903, -0.8527|640
21|0.2323, -0.6655, -1.0073, -1.1088, -0.6471, -0.9771, -1.0886, -0.7966|1380
22|0.2655, -0.6833, -0.9697, -1.1069, -0.5286, -0.9877, -1.1795, -0.8441|1280
23|0.3371, -0.7805, -1.0535, -1.0379, -0.4705, -1.0006, -1.1424, -0.7895|260
24|0.3077, -0.8273, -1.1040, -1.0453, -0.4970, -1.0323, -1.0880, -0.7388|400
25|0.3228, -0.8368, -1.0926, -1.0314, -0.4654, -1.0163, -1.0518, -0.6583|1100
26|0.3696, -0.8549, -1.2304, -1.0323, -0.4869, -0.9888, -1.0741, -0.6187|560
27|0.3795, -0.7904, -1.2052, -1.0125, -0.5438, -0.9355, -0.9955, -0.6742|660
28|0.3897, -0.8266, -1.1893, -0.9114, -0.4898, -0.8607, -0.9347, -0.6199|840
29|0.4337, -0.8577, -1.1363, -0.9815, -0.4746, -0.9061, -0.9498, -0.5879|1320
30|0.4804, -0.8653, -1.0914, -0.9577, -0.4307, -0.8755, -0.9882, -0.5527|540
31|0.4197, -0.8368, -1.0821, -0.9419, -0.4243, -0.8798, -1.0080, -0.4924|1040
32|0.4258, -0.9158, -1.0579, -0.8738, -0.4663, -0.9489, -1.0075, -0.4547|1800
33|0.4782, -1.0174, -1.0965, -0.8446, -0.4721, -0.9421, -1.0274, -0.4624|2640
34|0.5009, -1.0655, -1.1784, -0.8559, -0.4274, -0.9061, -0.9684, -0.4944|6560
35|0.4844, -1.0113, -1.1592, -0.8076, -0.4244, -0.8734, -0.9576, -0.4533|1020
36|0.5467, -0.9586, -1.1888, -0.7295, -0.4399, -0.9676, -0.9833, -0.5236|400
37|0.5358, -0.9501, -1.2331, -0.7426, -0.4306, -0.9616, -0.9772, -0.5063|380
38|0.5427, -0.9828, -1.2044, -0.6699, -0.5042, -1.0205, -0.9360, -0.4875|80
39|0.5048, -1.0358, -1.1294, -0.6466, -0.4847, -1.0617, -0.9338, -0.4860|1180
40|0.4793, -1.1033, -1.1266, -0.6745, -0.4185, -1.0922, -0.8540, -0.4982|1080
41|0.4205, -1.1569, -1.1366, -0.6558, -0.4539, -1.1313, -0.8358, -0.4763|740
42|0.5346, -1.1046, -1.2093, -0.7240, -0.4973, -1.1614, -0.8405, -0.5079|460
43|0.5419, -1.1291, -1.2124, -0.7143, -0.5059, -1.2723, -0.8403, -0.5339|1300
44|0.4629, -1.1747, -1.2200, -0.7303, -0.4630, -1.4276, -0.8007, -0.5088|1300
45|0.4534, -1.1966, -1.2799, -0.7231, -0.3797, -1.4262, -0.7475, -0.4984|1620
46|0.5869, -1.1847, -1.3278, -0.7246, -0.4438, -1.3791, -0.6916, -0.4376|1580
47|0.6095, -1.1535, -1.4176, -0.7990, -0.4122, -1.3508, -0.6615, -0.4736|540
48|0.7105, -1.2197, -1.3869, -0.7307, -0.3770, -1.3286, -0.7077, -0.4115|1360
49|0.7035, -1.2020, -1.4110, -0.7882, -0.4333, -1.4123, -0.7000, -0.3996|1720
50|0.7009, -1.2034, -1.4219, -0.8611, -0.4617, -1.3968, -0.6341, -0.3833|680
51|0.7460, -1.2209, -1.4185, -0.8558, -0.4130, -1.3359, -0.7601, -0.4276|1060
52|0.7300, -1.2900, -1.3596, -0.8689, -0.3432, -1.3865, -0.8200, -0.3878|1500
53|0.7588, -1.2721, -1.2863, -0.8856, -0.3411, -1.4016, -0.7526, -0.4029|300
54|0.6848, -1.3178, -1.3405, -0.8798, -0.3058, -1.3775, -0.7858, -0.3222|1520
55|0.6849, -1.3298, -1.2941, -0.8953, -0.3124, -1.2866, -0.8533, -0.3829|160
56|0.7333, -1.3968, -1.3084, -0.9519, -0.2878, -1.2528, -0.9123, -0.3902|1820
57|0.7898, -1.4432, -1.2639, -0.9048, -0.3376, -1.2007, -0.7789, -0.2742|800
58|0.7473, -1.4921, -1.2742, -0.8578, -0.3499, -1.2913, -0.7143, -0.2590|2200
59|0.7211, -1.5368, -1.2170, -0.8834, -0.3224, -1.2685, -0.7435, -0.1960|740
60|0.7260, -1.6849, -1.3038, -0.8754, -0.2504, -1.2592, -0.8138, -0.1355|2220
61|0.6173, -1.6967, -1.3103, -0.8454, -0.2477, -1.3516, -0.7985, -0.0849|2020
62|0.6696, -1.7971, -1.3286, -0.8132, -0.2632, -1.2818, -0.7707, -0.1024|520
63|0.6462, -1.7884, -1.3214, -0.8173, -0.3172, -1.2270, -0.8256, -0.0846|1140
64|0.7995, -1.7860, -1.3502, -0.8251, -0.2976, -1.1365, -0.8084, -0.0323|2020
65|0.7226, -1.7965, -1.3505, -0.7894, -0.2904, -1.1384, -0.6586, -0.0620|1100
66|0.7190, -1.7643, -1.2214, -0.7358, -0.3956, -1.0792, -0.6036, -0.1145|1280
67|0.7584, -1.7202, -1.1827, -0.7342, -0.4073, -1.0299, -0.5977, -0.2582|400
68|0.7798, -1.7156, -1.1216, -0.7350, -0.3840, -0.9546, -0.6428, -0.2838|1460
69|0.8174, -1.7084, -1.1228, -0.8289, -0.3886, -0.8500, -0.6953, -0.2264|1140
70|0.8224, -1.7055, -1.1819, -0.7710, -0.3089, -0.8834, -0.7865, -0.2442|4560
71|0.8058, -1.7644, -1.1749, -0.7718, -0.2097, -0.8559, -0.7868, -0.2086|2900
72|0.7738, -1.8140, -1.1732, -0.6751, -0.2615, -0.8316, -0.8547, -0.2262|540
73|0.8030, -1.9199, -1.1117, -0.7670, -0.2395, -0.8005, -0.9398, -0.2405|4540
74|0.8940, -1.9875, -1.1697, -0.7059, -0.2819, -0.7010, -0.9326, -0.1719|460
75|0.9303, -2.0396, -1.1937, -0.6802, -0.1787, -0.6428, -0.9933, -0.1381|4240
76|0.9341, -2.1170, -1.1679, -0.6974, -0.0902, -0.5966, -0.9212, -0.1312|3220
77|0.9652, -2.1208, -1.1728, -0.6645, -0.0832, -0.5783, -0.9314, -0.0823|1120
78|0.9383, -2.1517, -1.2020, -0.7222, -0.1594, -0.6131, -0.8736, -0.0990|1740
79|1.0787, -2.1485, -1.1805, -0.7058, -0.1284, -0.5248, -0.8251, -0.0799|1880
80|1.0500, -2.2113, -1.1634, -0.7772, -0.1445, -0.5716, -0.8490, -0.0254|3960
81|1.0369, -2.2271, -1.1288, -0.7974, -0.1611, -0.5689, -0.8774, 0.0216|1040
82|1.0482, -2.2893, -1.1146, -0.7690, -0.2520, -0.5700, -0.8219, 0.0325|1720
83|1.0397, -2.2763, -1.1367, -0.7320, -0.2829, -0.6278, -0.8020, 0.1050|500
84|1.0708, -2.2938, -1.1343, -0.7175, -0.2680, -0.5883, -0.7879, 0.1931|1700
85|1.1220, -2.3022, -1.0737, -0.7257, -0.2477, -0.5083, -0.7940, 0.2210|6060
86|1.1115, -2.3407, -1.0961, -0.7890, -0.2247, -0.5385, -0.8122, 0.2705|760
87|1.1166, -2.3598, -1.0234, -0.7528, -0.1645, -0.5088, -0.7452, 0.2665|1340
88|1.1097, -2.3870, -0.9042, -0.7001, -0.2289, -0.5285, -0.6635, 0.2974|1780
89|1.1790, -2.3892, -0.9596, -0.7536, -0.1468, -0.4336, -0.6004, 0.2940|1660
90|1.2154, -2.4828, -0.9479, -0.7714, -0.1373, -0.4638, -0.5260, 0.2487|2160
91|1.2547, -2.5522, -0.8862, -0.6681, -0.1366, -0.3820, -0.5769, 0.3009|1440
92|1.3869, -2.5820, -0.8621, -0.6461, -0.1009, -0.3273, -0.5630, 0.2769|8240
93|1.4809, -2.5604, -0.7258, -0.6490, -0.1150, -0.2339, -0.5818, 0.3293|4780
94|1.4781, -2.5674, -0.6406, -0.5988, -0.1087, -0.0733, -0.5313, 0.3668|4900
95|1.4686, -2.6075, -0.5819, -0.4931, -0.0976, -0.0580, -0.4308, 0.2759|17700
96|1.3900, -2.6517, -0.5029, -0.4524, -0.1060, 0.0015, -0.3173, 0.3157|9840
97|1.4069, -2.7582, -0.3531, -0.4943, -0.1716, -0.0630, -0.2946, 0.3625|26500
98|1.4104, -2.8484, -0.2846, -0.3703, -0.1543, -0.0467, -0.3481, 0.3388|9580
99|1.3671, -2.7913, -0.1189, -0.4034, -0.1264, 0.0998, -0.2476, 0.2822|94780
