0|0.4865, 0.8648, 0.1376, -0.6949, -1.1712, -0.2161, -1.3304, -0.3727|40
1|0.4880, 0.8723, 0.1193, -0.6986, -1.1702, -0.2078, -1.3328, -0.3644|120
2|0.4920, 0.8673, 0.1060, -0.6943, -1.1722, -0.2073, -1.3337, -0.3631|120
3|0.4975, 0.8630, 0.0962, -0.6970, -1.1675, -0.2086, -1.3313, -0.3693|40
4|0.4959, 0.8678, 0.0929, -0.7004, -1.1705, -0.2131, -1.3363, -0.3618|40
5|0.4862, 0.8712, 0.0917, -0.7054, -1.1710, -0.2166, -1.3327, -0.3565|0
6|0.4826, 0.8760, 0.0831, -0.7080, -1.1819, -0.2175, -1.3370, -0.3493|120
7|0.4743, 0.8754, 0.0725, -0.7133, -1.1829, -0.2144, -1.3396, -0.3499|80
8|0.4726, 0.8622, 0.0571, -0.7159, -1.1833, -0.2119, -1.3381, -0.3584|120
9|0.4680, 0.8728, 0.0472, -0.7148, -1.1840, -0.2111, -1.3358, -0.3579|40
10|0.4698, 0.8670, 0.0312, -0.7099, -1.1928, -0.2170, -1.3252, -0.3721|40
11|0.4741, 0.8645, 0.0283, -0.7083, -1.1852, -0.2154, -1.3219, -0.3724|80
12|0.4750, 0.8640, 0.0240, -0.7086, -1.1835, -0.2132, -1.3301, -0.3763|0
13|0.4745, 0.8562, 0.0098, -0.7065, -1.1841, -0.2143, -1.3292, -0.3694|160
14|0.4752, 0.8616, 0.0066, -0.7086, -1.1853, -0.2171, -1.3307, -0.3767|40
15|0.4801, 0.8585, -0.0056, -0.7046, -1.1872, -0.2129, -1.3376, -0.3747|40
16|0.4791, 0.8547, -0.0142, -0.7110, -1.1922, -0.2082, -1.3336, -0.3774|80
17|0.4784, 0.8563, -0.0269, -0.6965, -1.1936, -0.2099, -1.3381, -0.3713|40
18|0.4785, 0.8511, -0.0449, -0.6957, -1.1969, -0.2011, -1.3411, -0.3666|40
19|0.4763, 0.8428, -0.0645, -0.6957, -1.1994, -0.1984, -1.3365, -0.3685|40
20|0.4728, 0.8508, -0.0731, -0.6941, -1.2018, -0.1928, -1.3435, -0.3761|0
21|0.4649, 0.8474, -0.0803, -0.6928, -1.1942, -0.1929, -1.3427, -0.3699|40
22|0.4634, 0.8500, -0.0923, -0.6939, -1.1952, -0.1989, -1.3454, -0.3692|40
23|0.4643, 0.8457, -0.1043, -0.6932, -1.1924, -0.2018, -1.3566, -0.3772|40
24|0.4765, 0.8394, -0.1142, -0.6944, -1.1916, -0.2063, -1.3480, -0.3761|0
25|0.4839, 0.8299, -0.1272, -0.6953, -1.1892, -0.2183, -1.3435, -0.3719|80
26|0.4841, 0.8294, -0.1309, -0.7001, -1.1906, -0.2160, -1.3418, -0.3664|40
27|0.4870, 0.8325, -0.1420, -0.6978, -1.1822, -0.2239, -1.3406, -0.3709|0
28|0.4893, 0.8322, -0.1545, -0.6891, -1.1737, -0.2354, -1.3382, -0.3733|120
29|0.4820, 0.8264, -0.1640, -0.6947, -1.1684, -0.2337, -1.3354, -0.3745|80
30|0.4787, 0.8267, -0.1726, -0.6940, -1.1636, -0.2363, -1.3279, -0.3740|80
31|0.4844, 0.8234, -0.1835, -0.6903, -1.1598, -0.2301, -1.3351, -0.3755|40
32|0.4894, 0.8113, -0.1877, -0.6887, -1.1712, -0.2329, -1.3434, -0.3708|80
33|0.4867, 0.8127, -0.1984, -0.6905, -1.1694, -0.2328, -1.3434, -0.3654|120
34|0.4870, 0.8092, -0.2083, -0.6909, -1.1702, -0.2337, -1.3506, -0.3686|0
35|0.4882, 0.8031, -0.2253, -0.6848, -1.1715, -0.2320, -1.3467, -0.3643|120
36|0.4841, 0.8016, -0.2383, -0.6911, -1.1731, -0.2301, -1.3427, -0.3603|80
37|0.4865, 0.8017, -0.2463, -0.6908, -1.1751, -0.2298, -1.3438, -0.3530|80
38|0.4805, 0.8006, -0.2644, -0.6902, -1.1765, -0.2339, -1.3440, -0.3544|0
39|0.4793, 0.8013, -0.2781, -0.6848, -1.1783, -0.2326, -1.3466, -0.3524|200
40|0.4796, 0.8006, -0.2916, -0.6791, -1.1835, -0.2419, -1.3413, -0.3570|120
41|0.4804, 0.7939, -0.2986, -0.6790, -1.1885, -0.2433, -1.3400, -0.3543|40
42|0.4848, 0.7893, -0.3075, -0.6800, -1.1814, -0.2478, -1.3403, -0.3561|280
43|0.4833, 0.7871, -0.3282, -0.6762, -1.1872, -0.2465, -1.3531, -0.3590|200
44|0.4903, 0.7887, -0.3322, -0.6700, -1.1888, -0.2438, -1.3583, -0.3557|200
45|0.4946, 0.7845, -0.3389, -0.6670, -1.1933, -0.2488, -1.3594, -0.3638|40
46|0.4907, 0.7804, -0.3406, -0.6561, -1.1937, -0.2590, -1.3637, -0.3626|360
47|0.4923, 0.7731, -0.3532, -0.6610, -1.1940, -0.2624, -1.3555, -0.3593|320
48|0.4904, 0.7697, -0.3552, -0.6571, -1.1919, -0.2628, -1.3500, -0.3590|200
49|0.4932, 0.7679, -0.3667, -0.6597, -1.1919, -0.2706, -1.3489, -0.3488|240
50|0.4957, 0.7643, -0.3751, -0.6633, -1.1839, -0.2802, -1.3530, -0.3468|120
51|0.4862, 0.7631, -0.3852, -0.6679, -1.1827, -0.2870, -1.3559, -0.3425|320
52|0.4949, 0.7629, -0.3895, -0.6751, -1.1805, -0.2915, -1.3582, -0.3397|0
53|0.4948, 0.7534, -0.3942, -0.6792, -1.1780, -0.2882, -1.3608, -0.3432|280
54|0.4970, 0.7510, -0.4009, -0.6831, -1.1778, -0.2901, -1.3569, -0.3463|480
55|0.4977, 0.7538, -0.4096, -0.6887, -1.1692, -0.2876, -1.3441, -0.3398|400
56|0.4933, 0.7459, -0.4169, -0.6929, -1.1590, -0.2897, -1.3452, -0.3309|360
57|0.5032, 0.7507, -0.4288, -0.6810, -1.1622, -0.2901, -1.3399, -0.3319|120
58|0.5036, 0.7510, -0.4305, -0.6685, -1.1599, -0.2946, -1.3368, -0.3271|240
59|0.5043, 0.7551, -0.4332, -0.6656, -1.1525, -0.2966, -1.3378, -0.3251|160
60|0.4973, 0.7563, -0.4331, -0.6650, -1.1526, -0.3012, -1.3351, -0.3251|200
61|0.4921, 0.7511, -0.4382, -0.6702, -1.1552, -0.3021, -1.3430, -0.3173|320
62|0.4956, 0.7499, -0.4357, -0.6686, -1.1544, -0.3038, -1.3397, -0.3162|160
63|0.4921, 0.7496, -0.4449, -0.6708, -1.1605, -0.3024, -1.3349, -0.3167|200
64|0.4936, 0.7514, -0.4513, -0.6677, -1.1656, -0.3019, -1.3379, -0.3137|440
65|0.4969, 0.7518, -0.4567, -0.6660, -1.1622, -0.3023, -1.3367, -0.3064|200
66|0.4956, 0.7469, -0.4630, -0.6693, -1.1659, -0.3004, -1.3320, -0.3100|320
67|0.4949, 0.7509, -0.4702, -0.6692, -1.1611, -0.3023, -1.3336, -0.3090|560
68|0.4882, 0.7544, -0.4674, -0.6617, -1.1543, -0.3015, -1.3281, -0.3150|320
69|0.4924, 0.7487, -0.4744, -0.6627, -1.1472, -0.3096, -1.3286, -0.3253|120
70|0.4930, 0.7475, -0.4804, -0.6630, -1.1437, -0.3183, -1.3275, -0.3326|320
71|0.4800, 0.7457, -0.4816, -0.6628, -1.1457, -0.3316, -1.3209, -0.3325|460
72|0.4861, 0.7386, -0.4856, -0.6568, -1.1459, -0.3367, -1.3233, -0.3385|160
73|0.4785, 0.7462, -0.4886, -0.6502, -1.1443, -0.3462, -1.3228, -0.3398|240
74|0.4815, 0.7470, -0.4996, -0.6566, -1.1398, -0.3414, -1.3219, -0.3338|120
75|0.4815, 0.7358, -0.4969, -0.6560, -1.1420, -0.3429, -1.3271, -0.3332|480
76|0.4800, 0.7316, -0.4997, -0.6529, -1.1351, -0.3410, -1.3169, -0.3394|160
77|0.4908, 0.7236, -0.5100, -0.6526, -1.1346, -0.3337, -1.3120, -0.3360|160
78|0.4963, 0.7219, -0.5245, -0.6565, -1.1269, -0.3354, -1.3096, -0.3376|360
79|0.5027, 0.7140, -0.5291, -0.6558, -1.1258, -0.3311, -1.3145, -0.3396|400
80|0.5106, 0.7116, -0.5312, -0.6545, -1.1244, -0.3303, -1.3183, -0.3394|360
81|0.5069, 0.7101, -0.5338, -0.6567, -1.1266, -0.3261, -1.3153, -0.3408|200
82|0.5120, 0.7035, -0.5327, -0.6624, -1.1336, -0.3216, -1.3154, -0.3461|80
83|0.5206, 0.6988, -0.5360, -0.6649, -1.1417, -0.3292, -1.3198, -0.3482|80
84|0.5267, 0.6918, -0.5435, -0.6685, -1.1438, -0.3296, -1.3161, -0.3334|320
85|0.5181, 0.6914, -0.5420, -0.6710, -1.1451, -0.3232, -1.3193, -0.3334|280
86|0.5091, 0.6928, -0.5403, -0.6753, -1.1444, -0.3225, -1.3126, -0.3302|280
87|0.5091, 0.6782, -0.5464, -0.6847, -1.1443, -0.3292, -1.3090, -0.3244|320
88|0.5036, 0.6681, -0.5577, -0.6943, -1.1478, -0.3239, -1.3128, -0.3181|280
89|0.5074, 0.6649, -0.5635, -0.6993, -1.1470, -0.3253, -1.3180, -0.3241|80
90|0.5080, 0.6646, -0.5627, -0.7000, -1.1380, -0.3342, -1.3150, -0.3278|480
91|0.5136, 0.6588, -0.5677, -0.6929, -1.1375, -0.3385, -1.3105, -0.3240|240
92|0.5118, 0.6546, -0.5689, -0.6927, -1.1429, -0.3420, -1.3132, -0.3227|200
93|0.5081, 0.6615, -0.5769, -0.6870, -1.1325, -0.3409, -1.3151, -0.3285|820
94|0.4981, 0.6582, -0.5808, -0.6802, -1.1313, -0.3469, -1.3038, -0.3337|80
95|0.4985, 0.6514, -0.5798, -0.6826, -1.1268, -0.3532, -1.2940, -0.3257|120
96|0.4966, 0.6475, -0.5791, -0.6917, -1.1274, -0.3547, -1.2977, -0.3303|460
97|0.4977, 0.6487, -0.5840, -0.6949, -1.1293, -0.3481, -1.2959, -0.3303|160
98|0.5011, 0.6438, -0.5869, -0.6962, -1.1286, -0.3441, -1.2936, -0.3317|340
99|0.5044, 0.6357, -0.5884, -0.6952, -1.1220, -0.3455, -1.2947, -0.3294|480
