0|-0.9548, -1.1635, -0.3163, -0.6894, 1.2910, -0.3243, 0.0010, 0.6962|0
1|-0.9517, -1.1600, -0.3076, -0.7051, 1.2845, -0.3425, 0.0006, 0.6999|0
2|-0.9564, -1.1559, -0.3163, -0.7051, 1.2853, -0.3392, -0.0094, 0.7006|0
3|-0.9600, -1.1503, -0.3211, -0.7234, 1.2685, -0.3498, -0.0049, 0.7016|0
4|-0.9554, -1.1521, -0.3303, -0.7401, 1.2547, -0.3684, -0.0028, 0.6953|0
5|-0.9503, -1.1497, -0.3343, -0.7554, 1.2431, -0.3835, -0.0057, 0.7016|0
6|-0.9511, -1.1341, -0.3394, -0.7680, 1.2368, -0.4028, -0.0109, 0.6974|0
7|-0.9362, -1.1303, -0.3486, -0.7784, 1.2267, -0.4112, -0.0139, 0.6936|40
8|-0.9263, -1.1228, -0.3462, -0.8000, 1.2112, -0.4077, -0.0177, 0.6875|0
9|-0.9259, -1.1326, -0.3542, -0.8170, 1.1985, -0.4174, -0.0008, 0.6889|40
10|-0.9315, -1.1339, -0.3513, -0.8328, 1.1932, -0.4211, -0.0006, 0.6948|40
11|-0.9224, -1.1315, -0.3521, -0.8467, 1.1849, -0.4288, 0.0023, 0.6882|0
12|-0.8949, -1.1240, -0.3574, -0.8609, 1.1819, -0.4428, 0.0028, 0.6846|0
13|-0.8815, -1.1134, -0.3557, -0.8899, 1.1798, -0.4506, -0.0106, 0.6796|0
14|-0.8834, -1.1066, -0.3654, -0.8956, 1.1667, -0.4646, 0.0056, 0.6645|0
15|-0.8686, -1.1133, -0.3703, -0.9096, 1.1568, -0.4681, 0.0209, 0.6662|100
16|-0.8547, -1.1108, -0.3689, -0.9259, 1.1508, -0.4691, 0.0173, 0.6657|40
17|-0.8493, -1.1186, -0.3752, -0.9433, 1.1429, -0.4810, 0.0208, 0.6594|180
18|-0.8515, -1.1135, -0.3859, -0.9564, 1.1337, -0.4922, 0.0237, 0.6530|0
19|-0.8414, -1.1222, -0.3826, -0.9634, 1.1151, -0.5011, 0.0248, 0.6406|0
20|-0.8338, -1.1396, -0.3950, -0.9682, 1.0973, -0.5145, 0.0282, 0.6453|140
21|-0.8070, -1.1521, -0.4012, -0.9789, 1.0873, -0.5237, 0.0244, 0.6401|0
22|-0.7997, -1.1511, -0.4163, -0.9770, 1.0624, -0.5332, 0.0315, 0.6346|0
23|-0.7849, -1.1620, -0.4257, -0.9843, 1.0575, -0.5409, 0.0313, 0.6296|380
24|-0.7758, -1.1545, -0.4315, -0.9914, 1.0465, -0.5377, 0.0383, 0.6269|40
25|-0.7628, -1.1625, -0.4331, -1.0033, 1.0303, -0.5528, 0.0419, 0.6337|160
26|-0.7548, -1.1498, -0.4458, -1.0079, 1.0261, -0.5590, 0.0438, 0.6270|180
27|-0.7368, -1.1510, -0.4423, -1.0219, 1.0068, -0.5650, 0.0502, 0.6275|120
28|-0.7316, -1.1537, -0.4463, -1.0315, 1.0044, -0.5697, 0.0493, 0.6267|300
29|-0.7354, -1.1547, -0.4480, -1.0433, 0.9957, -0.5691, 0.0552, 0.6291|80
30|-0.7318, -1.1523, -0.4610, -1.0570, 0.9766, -0.5755, 0.0477, 0.6372|80
31|-0.7278, -1.1509, -0.4574, -1.0630, 0.9752, -0.5857, 0.0449, 0.6361|220
32|-0.7255, -1.1529, -0.4622, -1.0542, 0.9681, -0.5816, 0.0414, 0.6247|360
33|-0.7174, -1.1508, -0.4720, -1.0525, 0.9630, -0.5796, 0.0394, 0.6172|0
34|-0.7063, -1.1581, -0.4745, -1.0603, 0.9600, -0.5753, 0.0455, 0.6297|600
35|-0.7091, -1.1608, -0.4797, -1.0749, 0.9574, -0.5773, 0.0435, 0.6212|40
36|-0.6982, -1.1548, -0.4769, -1.0728, 0.9449, -0.5720, 0.0471, 0.6201|120
37|-0.6956, -1.1496, -0.4831, -1.0925, 0.9299, -0.5718, 0.0391, 0.6235|180
38|-0.6992, -1.1418, -0.4851, -1.1031, 0.9331, -0.5824, 0.0336, 0.6215|640
39|-0.6955, -1.1362, -0.4973, -1.1130, 0.9210, -0.5888, 0.0368, 0.6274|80
40|-0.6816, -1.1503, -0.5060, -1.1127, 0.9233, -0.6096, 0.0340, 0.6207|280
41|-0.6641, -1.1461, -0.4991, -1.1083, 0.9172, -0.6052, 0.0457, 0.6198|240
42|-0.6496, -1.1541, -0.4988, -1.1229, 0.9050, -0.6057, 0.0432, 0.6287|760
43|-0.6481, -1.1535, -0.5078, -1.1309, 0.9056, -0.6037, 0.0308, 0.6273|80
44|-0.6537, -1.1700, -0.5226, -1.1353, 0.8873, -0.6022, 0.0383, 0.6231|340
45|-0.6566, -1.1648, -0.5200, -1.1470, 0.8779, -0.6152, 0.0364, 0.6301|200
46|-0.6633, -1.1760, -0.5224, -1.1520, 0.8705, -0.6183, 0.0309, 0.6325|940
47|-0.6575, -1.1725, -0.5203, -1.1648, 0.8516, -0.6340, 0.0311, 0.6384|80
48|-0.6654, -1.1684, -0.5183, -1.1707, 0.8335, -0.6346, 0.0403, 0.6405|600
49|-0.6651, -1.1777, -0.5143, -1.1633, 0.8428, -0.6261, 0.0372, 0.6503|2500
50|-0.6561, -1.1772, -0.5168, -1.1683, 0.8493, -0.6163, 0.0392, 0.6477|760
51|-0.6598, -1.1776, -0.5339, -1.1658, 0.8475, -0.6222, 0.0428, 0.6439|2600
52|-0.6558, -1.1813, -0.5308, -1.1624, 0.8352, -0.6220, 0.0501, 0.6365|380
53|-0.6615, -1.1844, -0.5381, -1.1646, 0.8291, -0.6246, 0.0671, 0.6277|180
54|-0.6651, -1.1866, -0.5426, -1.1618, 0.8303, -0.6244, 0.0615, 0.6227|280
55|-0.6644, -1.1969, -0.5452, -1.1639, 0.8317, -0.6174, 0.0615, 0.6196|240
56|-0.6651, -1.2048, -0.5437, -1.1834, 0.8212, -0.6215, 0.0648, 0.6119|640
57|-0.6616, -1.2082, -0.5402, -1.1888, 0.8074, -0.6209, 0.0660, 0.6193|140
58|-0.6665, -1.2130, -0.5408, -1.1967, 0.8054, -0.6390, 0.0671, 0.6231|420
59|-0.6631, -1.2249, -0.5480, -1.2047, 0.7983, -0.6327, 0.0615, 0.6248|120
60|-0.6578, -1.2263, -0.5437, -1.1915, 0.7962, -0.6278, 0.0733, 0.6138|600
61|-0.6653, -1.2420, -0.5476, -1.1853, 0.7902, -0.6311, 0.0539, 0.6070|340
62|-0.6665, -1.2479, -0.5539, -1.1990, 0.7897, -0.6447, 0.0480, 0.6043|2640
63|-0.6624, -1.2612, -0.5596, -1.1969, 0.7873, -0.6561, 0.0479, 0.5989|80
64|-0.6470, -1.2634, -0.5577, -1.2055, 0.7781, -0.6608, 0.0455, 0.6057|1520
65|-0.6398, -1.2581, -0.5573, -1.2019, 0.7805, -0.6612, 0.0495, 0.6175|660
66|-0.6406, -1.2670, -0.5651, -1.2066, 0.7761, -0.6661, 0.0533, 0.6049|260
67|-0.6181, -1.2694, -0.5637, -1.2052, 0.7688, -0.6720, 0.0609, 0.6032|1120
68|-0.6094, -1.2624, -0.5801, -1.2013, 0.7732, -0.6796, 0.0746, 0.6134|180
69|-0.6027, -1.2624, -0.5734, -1.2126, 0.7709, -0.6723, 0.0673, 0.6200|80
70|-0.6074, -1.2591, -0.5818, -1.2098, 0.7549, -0.6797, 0.0625, 0.6299|840
71|-0.6115, -1.2488, -0.5952, -1.2061, 0.7502, -0.6751, 0.0732, 0.6283|780
72|-0.6021, -1.2456, -0.5987, -1.2213, 0.7483, -0.6742, 0.0745, 0.6366|760
73|-0.6021, -1.2472, -0.5934, -1.2193, 0.7370, -0.6718, 0.0772, 0.6378|800
74|-0.6038, -1.2471, -0.6069, -1.2227, 0.7300, -0.6711, 0.0852, 0.6374|300
75|-0.6038, -1.2504, -0.6170, -1.2093, 0.7197, -0.6680, 0.0918, 0.6310|480
76|-0.6092, -1.2411, -0.6144, -1.1910, 0.7093, -0.6663, 0.0932, 0.6323|140
77|-0.5880, -1.2391, -0.6194, -1.1923, 0.7097, -0.6644, 0.0938, 0.6315|2500
78|-0.5883, -1.2406, -0.6254, -1.1974, 0.7063, -0.6579, 0.1033, 0.6325|360
79|-0.5788, -1.2329, -0.6223, -1.1945, 0.7059, -0.6596, 0.1080, 0.6431|760
80|-0.5648, -1.2266, -0.6263, -1.1976, 0.7048, -0.6600, 0.1002, 0.6400|260
81|-0.5578, -1.2390, -0.6281, -1.1984, 0.7018, -0.6569, 0.1014, 0.6395|660
82|-0.5505, -1.2463, -0.6345, -1.1941, 0.6951, -0.6499, 0.1048, 0.6435|200
83|-0.5432, -1.2475, -0.6464, -1.1916, 0.6983, -0.6578, 0.0993, 0.6337|800
84|-0.5437, -1.2431, -0.6497, -1.1995, 0.6951, -0.6633, 0.0999, 0.6393|300
85|-0.5406, -1.2531, -0.6552, -1.1905, 0.7106, -0.6697, 0.0901, 0.6349|660
86|-0.5351, -1.2578, -0.6590, -1.1891, 0.7107, -0.6730, 0.1009, 0.6443|680
87|-0.5296, -1.2627, -0.6652, -1.1954, 0.7032, -0.6692, 0.0894, 0.6391|160
88|-0.5211, -1.2752, -0.6736, -1.1875, 0.7112, -0.6713, 0.0923, 0.6364|440
89|-0.5031, -1.2786, -0.6757, -1.1995, 0.7017, -0.6505, 0.0935, 0.6364|700
90|-0.5039, -1.2864, -0.6839, -1.2046, 0.6922, -0.6424, 0.1079, 0.6512|1300
91|-0.4946, -1.2820, -0.6779, -1.1883, 0.6838, -0.6326, 0.1134, 0.6514|540
92|-0.4896, -1.2918, -0.6882, -1.1829, 0.6836, -0.6316, 0.1233, 0.6507|1240
93|-0.4972, -1.2938, -0.6862, -1.1800, 0.6836, -0.6354, 0.1255, 0.6403|1060
94|-0.4837, -1.2887, -0.6987, -1.1890, 0.6607, -0.6359, 0.1322, 0.6387|280
95|-0.4779, -1.2881, -0.6944, -1.1874, 0.6580, -0.6189, 0.1352, 0.6429|1020
96|-0.4738, -1.2953, -0.6969, -1.1895, 0.6619, -0.6254, 0.1326, 0.6513|1580
97|-0.4750, -1.2932, -0.7033, -1.1944, 0.6565, -0.6274, 0.1302, 0.6641|200
98|-0.4726, -1.2873, -0.6966, -1.1930, 0.6501, -0.6143, 0.1357, 0.6608|260
99|-0.4792, -1.2926, -0.7107, -1.1938, 0.6475, -0.6304, 0.1321, 0.6635|360
