0|0.7110, -0.8865, -0.7064, -0.5851, -0.3973, -0.8618, 1.3895, -0.2604|980
1|0.7260, -0.8773, -0.7677, -0.5932, -0.4130, -0.8639, 1.4022, -0.2482|960
2|0.7182, -0.8894, -0.7687, -0.6310, -0.4134, -0.8507, 1.3652, -0.2521|1460
3|0.7394, -0.8872, -0.7612, -0.7147, -0.3698, -0.8486, 1.3656, -0.2219|900
4|0.7726, -0.9319, -0.7845, -0.7174, -0.3772, -0.8360, 1.3169, -0.2100|1640
5|0.7995, -0.9506, -0.8085, -0.7355, -0.3675, -0.8190, 1.2779, -0.1921|1380
6|0.8353, -0.9555, -0.8063, -0.7469, -0.3650, -0.7973, 1.2680, -0.1945|2000
7|0.8665, -0.9844, -0.8208, -0.7211, -0.3836, -0.7568, 1.2527, -0.1909|1040
8|0.8867, -0.9652, -0.8771, -0.7151, -0.4186, -0.7509, 1.2465, -0.2038|920
9|0.9076, -0.9688, -0.8709, -0.7009, -0.4080, -0.7563, 1.2127, -0.1889|3600
10|0.9299, -0.9653, -0.8685, -0.6954, -0.4063, -0.7544, 1.2033, -0.1892|900
11|0.9476, -0.9880, -0.8875, -0.7176, -0.4277, -0.7430, 1.1987, -0.1818|1020
12|0.9434, -0.9980, -0.8705, -0.7074, -0.4419, -0.7369, 1.1780, -0.1699|1420
13|0.9145, -1.0087, -0.8420, -0.7087, -0.3960, -0.7264, 1.1627, -0.1607|1120
14|0.9207, -1.0490, -0.8541, -0.7114, -0.4092, -0.7294, 1.1766, -0.1900|1360
15|0.9324, -1.0876, -0.8773, -0.6956, -0.4382, -0.7297, 1.1645, -0.1893|1180
16|0.8912, -1.0830, -0.8515, -0.6922, -0.4170, -0.7375, 1.1362, -0.2068|640
17|0.9203, -1.1053, -0.8394, -0.7018, -0.4041, -0.7408, 1.1078, -0.1873|1840
18|0.8987, -1.1258, -0.8321, -0.6788, -0.3932, -0.7233, 1.0506, -0.1977|520
19|0.8918, -1.1222, -0.7990, -0.6685, -0.3815, -0.7072, 1.0027, -0.1882|480
20|0.9217, -1.1485, -0.7871, -0.6719, -0.3821, -0.7239, 1.0016, -0.1947|560
21|0.9436, -1.1769, -0.7865, -0.6701, -0.3580, -0.7327, 0.9449, -0.1825|1420
22|0.9834, -1.2269, -0.7706, -0.6502, -0.3627, -0.7057, 0.9834, -0.1696|2920
23|0.9918, -1.2394, -0.7804, -0.6640, -0.3388, -0.7164, 0.9540, -0.1780|660
24|1.0258, -1.2293, -0.7763, -0.6843, -0.3500, -0.7041, 0.9268, -0.2113|1400
25|1.0261, -1.2402, -0.7988, -0.6489, -0.3496, -0.6806, 0.9271, -0.1983|1760
26|1.0364, -1.2512, -0.7731, -0.6413, -0.3476, -0.6795, 0.8751, -0.1596|400
27|1.0329, -1.2540, -0.7754, -0.6313, -0.3935, -0.6765, 0.8891, -0.1573|2600
28|1.0443, -1.2348, -0.7734, -0.6516, -0.3560, -0.6418, 0.8894, -0.1641|1160
29|1.0506, -1.2300, -0.8090, -0.6566, -0.3581, -0.6373, 0.8881, -0.2022|1080
30|1.0679, -1.2423, -0.8243, -0.6267, -0.3297, -0.6462, 0.9053, -0.2107|1220
31|1.0526, -1.2748, -0.8273, -0.6247, -0.3221, -0.6605, 0.8952, -0.1872|560
32|1.1030, -1.3152, -0.8169, -0.6226, -0.3129, -0.6312, 0.9167, -0.1848|1020
33|1.0534, -1.3289, -0.7769, -0.6055, -0.3081, -0.6349, 0.9197, -0.1727|1040
34|1.0926, -1.3391, -0.7953, -0.6256, -0.2896, -0.6099, 0.8500, -0.1303|5520
35|1.1574, -1.3683, -0.7991, -0.6824, -0.3088, -0.6063, 0.8114, -0.1154|3580
36|1.1213, -1.3861, -0.7839, -0.7358, -0.2710, -0.6040, 0.7838, -0.0933|1500
37|1.1163, -1.3760, -0.7285, -0.7425, -0.2693, -0.6146, 0.8237, -0.0692|860
38|1.1114, -1.3802, -0.7384, -0.7334, -0.2782, -0.6495, 0.7857, -0.0656|2040
39|1.1135, -1.4263, -0.7461, -0.7037, -0.2498, -0.6411, 0.7644, -0.0664|560
40|1.1127, -1.4748, -0.7311, -0.6656, -0.2337, -0.5984, 0.7654, -0.0746|1500
41|1.1435, -1.4972, -0.7062, -0.6357, -0.2234, -0.5628, 0.7363, -0.0906|2120
42|1.1646, -1.5150, -0.6978, -0.6122, -0.1937, -0.5364, 0.7151, -0.1051|1200
43|1.1630, -1.5603, -0.7345, -0.6142, -0.1690, -0.5599, 0.6910, -0.0806|1240
44|1.1749, -1.5702, -0.7565, -0.5946, -0.1846, -0.5312, 0.6841, -0.0974|1000
45|1.1892, -1.5988, -0.7622, -0.5935, -0.1817, -0.5138, 0.6698, -0.0878|1280
46|1.2129, -1.6204, -0.7413, -0.5884, -0.1755, -0.5075, 0.6560, -0.0951|1540
47|1.2052, -1.6203, -0.7426, -0.5868, -0.1515, -0.5130, 0.6677, -0.1478|600
48|1.1977, -1.6420, -0.7157, -0.5795, -0.1156, -0.4949, 0.6798, -0.1030|2060
49|1.2017, -1.6727, -0.7171, -0.5915, -0.1306, -0.4814, 0.6326, -0.1106|1360
50|1.2102, -1.7139, -0.7048, -0.5964, -0.0940, -0.4580, 0.6157, -0.1099|1280
51|1.1803, -1.7423, -0.6876, -0.6039, -0.0889, -0.4442, 0.6252, -0.1267|2400
52|1.1991, -1.7591, -0.6866, -0.5969, -0.0638, -0.4533, 0.6187, -0.1537|3600
53|1.2287, -1.8150, -0.6779, -0.6031, -0.0695, -0.4505, 0.6083, -0.1463|2260
54|1.2324, -1.8278, -0.6708, -0.6101, -0.0646, -0.4577, 0.6138, -0.1739|520
55|1.2192, -1.8349, -0.6999, -0.6246, -0.0546, -0.4713, 0.5840, -0.1821|3340
56|1.2309, -1.8471, -0.7184, -0.5949, -0.0501, -0.4692, 0.5161, -0.1654|11200
57|1.2407, -1.9012, -0.7375, -0.5871, -0.0244, -0.4201, 0.4885, -0.1715|1260
58|1.2513, -1.8784, -0.7040, -0.5878, -0.0299, -0.4358, 0.4536, -0.1513|2300
59|1.2615, -1.9009, -0.6819, -0.5770, -0.0576, -0.4095, 0.4747, -0.1416|2020
60|1.2690, -1.9460, -0.6326, -0.5673, -0.0880, -0.4020, 0.4659, -0.1569|480
61|1.2612, -1.9730, -0.6119, -0.5532, -0.0611, -0.3766, 0.4555, -0.1450|5680
62|1.2491, -2.0150, -0.5832, -0.5130, -0.0395, -0.3419, 0.4212, -0.1220|5780
63|1.2486, -2.0286, -0.5294, -0.5207, -0.0132, -0.3057, 0.4182, -0.0981|7100
64|1.2548, -2.0281, -0.5061, -0.4773, 0.0171, -0.3052, 0.3697, -0.0805|480
65|1.2822, -2.0595, -0.4879, -0.4743, 0.0199, -0.3012, 0.3536, -0.0957|2600
66|1.2922, -2.0795, -0.4844, -0.4399, 0.0361, -0.2294, 0.3228, -0.0997|4320
67|1.2843, -2.1149, -0.4460, -0.4198, 0.0598, -0.1732, 0.3040, -0.1137|6000
68|1.3107, -2.1344, -0.4284, -0.4194, 0.0571, -0.1564, 0.3202, -0.1070|44560
69|1.3099, -2.1847, -0.4122, -0.4080, 0.0567, -0.1369, 0.2912, -0.1190|1200
70|1.3336, -2.2253, -0.3647, -0.4479, 0.0861, -0.0941, 0.2812, -0.0996|6400
71|1.3286, -2.2408, -0.3484, -0.4279, 0.0832, -0.0504, 0.2625, -0.0989|7380
72|1.3199, -2.2300, -0.3001, -0.4160, 0.0683, -0.0078, 0.2675, -0.0806|38580
73|1.2945, -2.2605, -0.2850, -0.4448, 0.0492, 0.0368, 0.2647, -0.0418|27140
74|1.2930, -2.2797, -0.2699, -0.4231, 0.0381, 0.0345, 0.2519, -0.0168|18580
75|1.2719, -2.3249, -0.2388, -0.4241, 0.0353, 0.0496, 0.2314, -0.0188|25740
76|1.2650, -2.3487, -0.1971, -0.3849, 0.0496, 0.0779, 0.1898, -0.0199|114920
77|1.2444, -2.3544, -0.1749, -0.3980, 0.0228, 0.0759, 0.1809, 0.0155|20560
78|1.2748, -2.3681, -0.1754, -0.4052, -0.0060, 0.0928, 0.1559, 0.0184|82460
79|1.2878, -2.3793, -0.1555, -0.3712, 0.0212, 0.0989, 0.1650, 0.0449|8480
80|1.3117, -2.3887, -0.1258, -0.3768, 0.0095, 0.1034, 0.1433, 0.0295|368440
81|1.3078, -2.3974, -0.1076, -0.3695, -0.0067, 0.0934, 0.1437, 0.0821|62480
82|1.3076, -2.4101, -0.1054, -0.3616, -0.0091, 0.1063, 0.1261, 0.1124|243460
83|1.3176, -2.4316, -0.1280, -0.3738, -0.0227, 0.0943, 0.0895, 0.0762|201860
84|1.3256, -2.4361, -0.0999, -0.3666, -0.0270, 0.0917, 0.0870, 0.1012|20400
85|1.2898, -2.4430, -0.0898, -0.3397, -0.0613, 0.0564, 0.0718, 0.1453|60400
86|1.3224, -2.4694, -0.0857, -0.3250, -0.0614, 0.0478, 0.0476, 0.0977|735720
87|1.3215, -2.5059, -0.0946, -0.2962, -0.0653, 0.0371, 0.0460, 0.0929|176340
88|1.3313, -2.5540, -0.1113, -0.2827, -0.0656, 0.0523, 0.0036, 0.1260|194420
89|1.3549, -2.5675, -0.0893, -0.2820, -0.0720, 0.0271, 0.0029, 0.1295|415500
90|1.3690, -2.5753, -0.0736, -0.2760, -0.0709, 0.0305, -0.0489, 0.1357|64160
91|1.3465, -2.5980, -0.0871, -0.2846, -0.0916, 0.0207, -0.0195, 0.1246|382720
92|1.3021, -2.6152, -0.0603, -0.2940, -0.0699, 0.0606, -0.0321, 0.1331|28980
93|1.3043, -2.6275, -0.0604, -0.3280, -0.0807, 0.0236, -0.0581, 0.1147|59900
94|1.3006, -2.5896, -0.0572, -0.3062, -0.0705, 0.0155, -0.0178, 0.1198|132700
95|1.3175, -2.5941, -0.0731, -0.2693, -0.0925, 0.0147, -0.0626, 0.1125|80540
96|1.3180, -2.6258, -0.0916, -0.2544, -0.0948, 0.0249, -0.0186, 0.1328|867080
97|1.3022, -2.6426, -0.0773, -0.2710, -0.0912, 0.0053, -0.0155, 0.1142|276080
98|1.2861, -2.6987, -0.0652, -0.2823, -0.0700, -0.0106, -0.0244, 0.1250|32760
99|1.2756, -2.6956, -0.0773, -0.2676, -0.0898, 0.0072, -0.0104, 0.1226|672180
