0|0.1052, 0.8532, -1.1249, -1.3645, -0.3914, 0.9019, 0.2239, -0.1357|540
1|0.1613, 0.8216, -1.1277, -1.3917, -0.3867, 0.9212, 0.2311, -0.1564|420
2|0.1849, 0.8073, -1.1578, -1.3892, -0.3929, 0.9284, 0.2273, -0.1442|360
3|0.1858, 0.7887, -1.1492, -1.3846, -0.3830, 0.9231, 0.2223, -0.1336|200
4|0.1854, 0.7803, -1.1541, -1.3730, -0.4024, 0.9197, 0.2365, -0.1056|520
5|0.1999, 0.7748, -1.1295, -1.4035, -0.3841, 0.8913, 0.2282, -0.0925|260
6|0.2164, 0.7519, -1.1228, -1.3939, -0.3988, 0.8864, 0.2546, -0.0910|360
7|0.2059, 0.7607, -1.1331, -1.4006, -0.3610, 0.8790, 0.2405, -0.1009|220
8|0.1870, 0.7574, -1.1446, -1.4018, -0.3697, 0.9025, 0.2308, -0.0939|220
9|0.1889, 0.7340, -1.1459, -1.3952, -0.3311, 0.8831, 0.2047, -0.1159|300
10|0.1999, 0.7217, -1.1262, -1.3946, -0.3568, 0.8596, 0.1964, -0.1031|960
11|0.1919, 0.7320, -1.1449, -1.3896, -0.3656, 0.8203, 0.2009, -0.1013|600
12|0.2104, 0.7529, -1.1337, -1.3878, -0.3557, 0.7891, 0.1875, -0.1061|40
13|0.2495, 0.7376, -1.1366, -1.4227, -0.3489, 0.8035, 0.1769, -0.1279|0
14|0.2686, 0.7297, -1.1356, -1.4249, -0.3436, 0.7630, 0.1746, -0.0822|320
15|0.2663, 0.7352, -1.1082, -1.4330, -0.3675, 0.7299, 0.1872, -0.0673|760
16|0.2634, 0.7404, -1.0986, -1.4259, -0.3849, 0.7301, 0.1967, -0.0813|40
17|0.2773, 0.7292, -1.1136, -1.4255, -0.3542, 0.7065, 0.1497, -0.0815|360
18|0.2660, 0.7095, -1.1532, -1.4224, -0.3494, 0.6806, 0.1429, -0.0723|80
19|0.2749, 0.6873, -1.1388, -1.4037, -0.3668, 0.7034, 0.1321, -0.0860|200
20|0.2538, 0.6497, -1.1567, -1.4364, -0.3580, 0.6852, 0.1577, -0.0764|520
21|0.2717, 0.6423, -1.1302, -1.4192, -0.3407, 0.6783, 0.1624, -0.0614|480
22|0.2667, 0.6460, -1.1074, -1.4312, -0.3273, 0.6666, 0.1628, -0.0536|260
23|0.2761, 0.6705, -1.1059, -1.4221, -0.3240, 0.6692, 0.1707, -0.0457|120
24|0.2675, 0.6671, -1.0968, -1.4102, -0.3124, 0.6544, 0.1792, -0.0518|80
25|0.2900, 0.6600, -1.1099, -1.4033, -0.3189, 0.6530, 0.1813, -0.0584|1620
26|0.2799, 0.6495, -1.0917, -1.4047, -0.3163, 0.6600, 0.1840, -0.0149|0
27|0.2710, 0.6334, -1.1203, -1.4197, -0.3206, 0.6340, 0.1924, -0.0137|480
28|0.2920, 0.6576, -1.0799, -1.4157, -0.3326, 0.6296, 0.1950, 0.0246|80
29|0.3120, 0.6195, -1.0990, -1.4092, -0.3469, 0.6163, 0.2276, 0.0202|240
30|0.3184, 0.6129, -1.1270, -1.3965, -0.3534, 0.6083, 0.2269, -0.0020|120
31|0.3228, 0.6008, -1.1307, -1.3846, -0.3867, 0.6052, 0.2314, 0.0135|1300
32|0.3238, 0.6276, -1.1499, -1.3797, -0.3852, 0.6025, 0.2135, 0.0034|660
33|0.3064, 0.6126, -1.1358, -1.3804, -0.4007, 0.6104, 0.2232, 0.0380|1360
34|0.3090, 0.6079, -1.1477, -1.3702, -0.4322, 0.6141, 0.2017, 0.0226|120
35|0.3174, 0.6023, -1.1459, -1.3690, -0.4199, 0.6168, 0.2111, 0.0186|160
36|0.3269, 0.5844, -1.1766, -1.3800, -0.4222, 0.6098, 0.2161, 0.0392|1820
37|0.3466, 0.5847, -1.1705, -1.4043, -0.4212, 0.6333, 0.2216, 0.0365|1880
38|0.3599, 0.5790, -1.1573, -1.4340, -0.4024, 0.6287, 0.2307, 0.0198|80
39|0.3820, 0.5760, -1.1488, -1.4107, -0.3823, 0.6076, 0.2285, 0.0092|280
40|0.3890, 0.5513, -1.1700, -1.3615, -0.3772, 0.6225, 0.2321, 0.0031|720
41|0.4110, 0.5304, -1.1825, -1.3767, -0.3796, 0.6296, 0.2146, -0.0191|680
42|0.4218, 0.5094, -1.1689, -1.3592, -0.3902, 0.6328, 0.2221, -0.0036|80
43|0.4524, 0.5117, -1.1797, -1.3909, -0.3904, 0.6176, 0.2338, -0.0058|240
44|0.4551, 0.5161, -1.1844, -1.4094, -0.3648, 0.6211, 0.2184, 0.0059|600
45|0.4622, 0.4968, -1.2104, -1.4071, -0.3913, 0.6206, 0.2203, 0.0313|0
46|0.4554, 0.4756, -1.2385, -1.4073, -0.3941, 0.5958, 0.2218, 0.0335|260
47|0.4488, 0.4634, -1.2476, -1.3949, -0.4124, 0.5827, 0.2384, 0.0232|240
48|0.4279, 0.4737, -1.2581, -1.4044, -0.4038, 0.5875, 0.2533, 0.0167|460
49|0.4528, 0.4815, -1.2760, -1.3973, -0.4118, 0.5733, 0.2472, -0.0228|80
50|0.4754, 0.4720, -1.2926, -1.4001, -0.4083, 0.5696, 0.2612, -0.0317|440
51|0.5082, 0.4531, -1.3031, -1.4060, -0.4011, 0.5680, 0.2639, 0.0025|1460
52|0.4992, 0.4202, -1.3046, -1.3991, -0.4200, 0.5519, 0.2658, -0.0160|1440
53|0.5294, 0.4260, -1.3175, -1.4131, -0.4207, 0.5896, 0.2805, -0.0442|700
54|0.5212, 0.4246, -1.3181, -1.3755, -0.4232, 0.5947, 0.2820, -0.0552|240
55|0.5343, 0.4044, -1.3128, -1.4008, -0.4198, 0.5755, 0.2836, -0.0677|320
56|0.5242, 0.4066, -1.3131, -1.4007, -0.4071, 0.5936, 0.2728, -0.0422|280
57|0.5446, 0.4304, -1.3169, -1.4157, -0.4030, 0.5839, 0.2797, -0.0315|280
58|0.5253, 0.4544, -1.3212, -1.4306, -0.4011, 0.5889, 0.2726, -0.0385|400
59|0.5202, 0.4455, -1.3142, -1.4161, -0.4154, 0.6062, 0.2736, -0.0245|2020
60|0.5168, 0.4406, -1.3396, -1.4202, -0.4250, 0.5916, 0.2484, 0.0045|120
61|0.5208, 0.4260, -1.3093, -1.4184, -0.4149, 0.5953, 0.2491, -0.0061|1200
62|0.5203, 0.4446, -1.3100, -1.4228, -0.4358, 0.5637, 0.2507, -0.0248|200
63|0.5101, 0.4121, -1.3074, -1.4320, -0.4317, 0.5824, 0.2359, -0.0015|500
64|0.5229, 0.4006, -1.3147, -1.4146, -0.4453, 0.5790, 0.2390, 0.0170|400
65|0.5137, 0.3987, -1.3235, -1.4381, -0.4387, 0.5946, 0.2305, 0.0283|1100
66|0.5305, 0.3755, -1.3129, -1.4361, -0.4099, 0.5836, 0.2219, 0.0322|480
67|0.5258, 0.3513, -1.3353, -1.4481, -0.4261, 0.5692, 0.1881, 0.0026|400
68|0.5134, 0.3591, -1.3435, -1.4551, -0.4469, 0.5638, 0.1827, -0.0070|300
69|0.5508, 0.3618, -1.3455, -1.4568, -0.4587, 0.5483, 0.2100, -0.0157|440
70|0.5565, 0.3814, -1.3629, -1.4618, -0.4665, 0.5363, 0.2167, -0.0137|160
71|0.5487, 0.3849, -1.3767, -1.4750, -0.4888, 0.5496, 0.1909, -0.0151|320
72|0.5440, 0.3668, -1.3945, -1.4534, -0.5004, 0.5368, 0.1922, 0.0201|220
73|0.5653, 0.3785, -1.3987, -1.4314, -0.4901, 0.5317, 0.1783, 0.0062|580
74|0.5652, 0.3663, -1.4148, -1.4431, -0.4955, 0.5392, 0.1809, -0.0186|580
75|0.5637, 0.3608, -1.4093, -1.4500, -0.5008, 0.5610, 0.1958, -0.0240|320
76|0.5782, 0.3194, -1.4185, -1.4544, -0.5009, 0.5608, 0.1798, -0.0157|80
77|0.5980, 0.3008, -1.4217, -1.4270, -0.5246, 0.5711, 0.1830, -0.0045|680
78|0.5939, 0.3021, -1.4179, -1.4244, -0.5244, 0.5470, 0.2038, -0.0098|840
79|0.6188, 0.2667, -1.4213, -1.4139, -0.5191, 0.5298, 0.2017, -0.0135|140
80|0.6335, 0.2738, -1.4463, -1.4355, -0.5036, 0.5245, 0.2158, -0.0222|580
81|0.6615, 0.2642, -1.4434, -1.4298, -0.5057, 0.5209, 0.1992, -0.0359|200
82|0.6772, 0.2630, -1.4336, -1.4345, -0.4933, 0.5376, 0.2139, -0.0405|300
83|0.6820, 0.2665, -1.4479, -1.4396, -0.4939, 0.5395, 0.2248, -0.0502|240
84|0.6615, 0.2543, -1.4650, -1.4203, -0.4821, 0.5220, 0.2211, -0.0458|280
85|0.6718, 0.2530, -1.4356, -1.4235, -0.4921, 0.5170, 0.2162, -0.0669|840
86|0.6604, 0.2486, -1.4362, -1.4354, -0.4944, 0.4936, 0.2027, -0.0346|520
87|0.6700, 0.2260, -1.4310, -1.4410, -0.4928, 0.5004, 0.2252, -0.0513|320
88|0.6703, 0.1803, -1.4362, -1.4534, -0.4851, 0.4748, 0.2253, -0.0817|680
89|0.6570, 0.1763, -1.4307, -1.4614, -0.5139, 0.4838, 0.2335, -0.0887|1840
90|0.6762, 0.1486, -1.4346, -1.4420, -0.5032, 0.4549, 0.2336, -0.0795|120
91|0.6888, 0.1584, -1.4305, -1.4466, -0.5207, 0.4758, 0.2317, -0.0917|600
92|0.6926, 0.1485, -1.4363, -1.4454, -0.5289, 0.4553, 0.2491, -0.0679|520
93|0.6908, 0.1568, -1.4073, -1.4546, -0.5307, 0.4483, 0.2388, -0.0700|420
94|0.7250, 0.1460, -1.3994, -1.4693, -0.5218, 0.4569, 0.2255, -0.0535|720
95|0.7264, 0.1659, -1.3924, -1.4732, -0.5376, 0.4443, 0.2382, -0.0481|440
96|0.7507, 0.1361, -1.3898, -1.4587, -0.5431, 0.4430, 0.2549, -0.0257|640
97|0.7378, 0.1491, -1.3770, -1.4405, -0.5490, 0.3984, 0.2571, 0.0069|460
98|0.7104, 0.1585, -1.3607, -1.4310, -0.5687, 0.4159, 0.2570, 0.0018|1040
99|0.7201, 0.1346, -1.3726, -1.4173, -0.5706, 0.4209, 0.2693, 0.0367|400
