0|-0.8403, 0.1528, -0.2593, 0.0921, -0.1524, -1.1072, 0.8639, -0.4957|80
1|-0.8261, 0.1449, -0.2830, 0.0731, -0.1725, -1.1089, 0.8615, -0.4885|80
2|-0.8231, 0.1253, -0.2987, 0.0491, -0.1821, -1.1267, 0.8513, -0.4690|40
3|-0.8207, 0.1217, -0.3167, 0.0229, -0.1694, -1.1149, 0.8638, -0.4711|80
4|-0.8096, 0.1029, -0.3449, -0.0075, -0.1779, -1.1233, 0.8573, -0.4707|120
5|-0.7894, 0.0974, -0.3387, -0.0308, -0.1914, -1.1363, 0.8564, -0.4536|160
6|-0.7791, 0.0826, -0.3513, -0.0471, -0.2028, -1.1404, 0.8633, -0.4524|120
7|-0.7665, 0.0479, -0.3526, -0.0650, -0.2162, -1.1371, 0.8411, -0.4446|360
8|-0.7435, 0.0209, -0.3837, -0.0794, -0.2194, -1.1404, 0.8428, -0.4382|160
9|-0.7318, 0.0094, -0.3806, -0.0890, -0.2196, -1.1387, 0.8356, -0.4264|180
10|-0.7276, 0.0190, -0.4138, -0.1089, -0.2233, -1.1467, 0.8286, -0.4257|240
11|-0.7254, 0.0056, -0.4309, -0.1289, -0.2177, -1.1489, 0.8167, -0.4302|500
12|-0.7278, -0.0065, -0.4362, -0.1311, -0.1998, -1.1441, 0.7850, -0.4316|200
13|-0.7113, -0.0080, -0.4546, -0.1410, -0.1892, -1.1447, 0.7936, -0.4131|360
14|-0.7050, -0.0312, -0.4604, -0.1614, -0.1860, -1.1585, 0.7825, -0.4056|200
15|-0.6719, -0.0331, -0.4644, -0.1657, -0.1943, -1.1560, 0.7713, -0.4143|160
16|-0.6603, -0.0608, -0.4799, -0.1845, -0.1905, -1.1679, 0.7802, -0.4178|200
17|-0.6528, -0.0642, -0.4914, -0.2041, -0.1845, -1.1544, 0.7678, -0.4455|360
18|-0.6346, -0.0619, -0.4937, -0.2109, -0.1853, -1.1644, 0.7629, -0.4436|160
19|-0.6171, -0.0776, -0.5108, -0.2224, -0.1765, -1.1606, 0.7480, -0.4363|80
20|-0.5891, -0.0901, -0.5276, -0.2348, -0.1787, -1.1602, 0.7539, -0.4356|240
21|-0.6001, -0.0917, -0.5280, -0.2361, -0.1788, -1.1451, 0.7462, -0.4316|280
22|-0.6028, -0.0967, -0.5265, -0.2522, -0.1712, -1.1508, 0.7495, -0.4202|600
23|-0.5820, -0.1102, -0.5503, -0.2726, -0.1935, -1.1491, 0.7535, -0.4253|0
24|-0.5745, -0.1153, -0.5635, -0.2760, -0.1968, -1.1388, 0.7376, -0.4529|320
25|-0.5548, -0.1267, -0.5661, -0.2972, -0.2215, -1.1535, 0.7257, -0.4650|660
26|-0.5564, -0.1279, -0.5798, -0.3126, -0.2124, -1.1575, 0.7165, -0.4453|420
27|-0.5570, -0.1432, -0.5837, -0.3114, -0.2064, -1.1523, 0.7130, -0.4390|160
28|-0.5370, -0.1447, -0.5966, -0.3281, -0.2074, -1.1595, 0.7076, -0.4376|40
29|-0.5261, -0.1538, -0.6157, -0.3141, -0.2046, -1.1531, 0.7141, -0.4393|40
30|-0.5224, -0.1652, -0.6215, -0.3206, -0.2023, -1.1569, 0.7213, -0.4421|120
31|-0.5191, -0.1722, -0.6298, -0.3303, -0.2085, -1.1746, 0.7101, -0.4451|520
32|-0.5226, -0.1745, -0.6176, -0.3496, -0.2262, -1.1705, 0.7228, -0.4331|380
33|-0.5143, -0.1843, -0.6106, -0.3478, -0.2258, -1.1635, 0.7262, -0.4280|320
34|-0.5128, -0.2057, -0.6303, -0.3627, -0.2166, -1.1680, 0.7208, -0.4273|160
35|-0.5023, -0.2110, -0.6452, -0.3562, -0.2167, -1.1661, 0.6973, -0.4197|160
36|-0.4888, -0.2273, -0.6421, -0.3623, -0.2229, -1.1827, 0.7081, -0.4195|480
37|-0.4690, -0.2274, -0.6541, -0.3527, -0.2350, -1.1850, 0.7100, -0.4266|240
38|-0.4522, -0.2548, -0.6780, -0.3694, -0.2297, -1.1930, 0.6867, -0.4114|600
39|-0.4353, -0.2669, -0.6893, -0.3817, -0.2171, -1.2095, 0.6874, -0.4033|360
40|-0.4378, -0.2834, -0.7130, -0.3973, -0.2012, -1.2066, 0.6825, -0.4000|440
41|-0.4332, -0.2868, -0.7142, -0.3851, -0.2193, -1.2058, 0.6826, -0.3949|380
42|-0.4306, -0.2979, -0.7070, -0.3794, -0.2136, -1.2221, 0.6906, -0.4066|740
43|-0.4228, -0.2962, -0.7057, -0.3912, -0.2255, -1.2107, 0.6790, -0.4095|460
44|-0.3953, -0.2981, -0.7271, -0.3866, -0.2310, -1.2048, 0.6593, -0.3920|360
45|-0.4057, -0.3120, -0.7374, -0.3882, -0.2180, -1.1941, 0.6455, -0.3940|400
46|-0.3913, -0.3193, -0.7375, -0.3852, -0.2403, -1.1961, 0.6399, -0.3974|520
47|-0.3843, -0.3247, -0.7468, -0.3889, -0.2193, -1.1850, 0.6402, -0.4023|500
48|-0.3807, -0.3341, -0.7678, -0.4043, -0.2184, -1.1944, 0.6251, -0.3936|220
49|-0.3558, -0.3444, -0.7752, -0.3979, -0.2092, -1.1830, 0.6162, -0.3748|600
50|-0.3334, -0.3486, -0.7861, -0.3866, -0.2048, -1.1681, 0.6160, -0.3713|360
51|-0.3322, -0.3466, -0.7786, -0.3834, -0.2045, -1.1757, 0.6158, -0.3590|240
52|-0.3200, -0.3596, -0.7909, -0.3994, -0.1903, -1.1617, 0.6023, -0.3499|700
53|-0.3008, -0.3606, -0.7912, -0.3885, -0.1966, -1.1426, 0.5897, -0.3574|440
54|-0.3036, -0.3669, -0.7980, -0.4045, -0.1816, -1.1458, 0.5973, -0.3671|340
55|-0.2935, -0.3762, -0.7994, -0.4191, -0.1726, -1.1500, 0.5953, -0.3684|1360
56|-0.3020, -0.3980, -0.7910, -0.4296, -0.1762, -1.1514, 0.5824, -0.3594|560
57|-0.2873, -0.3846, -0.7846, -0.4476, -0.1900, -1.1443, 0.5964, -0.3541|400
58|-0.2551, -0.3815, -0.7901, -0.4483, -0.1964, -1.1323, 0.6260, -0.3434|780
59|-0.2526, -0.3829, -0.8016, -0.4542, -0.1895, -1.1274, 0.6177, -0.3497|1800
60|-0.2285, -0.4007, -0.7933, -0.4640, -0.2002, -1.1397, 0.6222, -0.3474|520
61|-0.2114, -0.4126, -0.7961, -0.4644, -0.1914, -1.1191, 0.6191, -0.3368|880
62|-0.1808, -0.4120, -0.8075, -0.4599, -0.1912, -1.1160, 0.6234, -0.3404|1320
63|-0.1844, -0.4336, -0.8016, -0.4690, -0.1914, -1.1148, 0.6380, -0.3510|300
64|-0.1784, -0.4507, -0.7957, -0.4695, -0.1933, -1.1019, 0.6300, -0.3407|820
65|-0.1743, -0.4643, -0.7888, -0.4688, -0.1936, -1.1193, 0.6086, -0.3488|360
66|-0.1636, -0.4649, -0.7932, -0.4536, -0.1965, -1.1270, 0.6113, -0.3562|260
67|-0.1489, -0.4565, -0.7947, -0.4646, -0.1930, -1.1542, 0.6039, -0.3520|520
68|-0.1329, -0.4848, -0.7997, -0.4671, -0.1907, -1.1673, 0.5942, -0.3461|460
69|-0.1272, -0.4868, -0.7992, -0.4555, -0.1876, -1.1542, 0.5856, -0.3378|40
70|-0.1358, -0.4901, -0.8109, -0.4607, -0.2054, -1.1484, 0.5771, -0.3433|1380
71|-0.1135, -0.4893, -0.8279, -0.4608, -0.1808, -1.1370, 0.5756, -0.3558|1080
72|-0.1046, -0.5011, -0.8179, -0.4478, -0.1812, -1.1377, 0.5647, -0.3489|580
73|-0.0973, -0.5072, -0.8061, -0.4422, -0.1863, -1.1439, 0.5679, -0.3373|140
74|-0.1046, -0.5212, -0.8237, -0.4400, -0.1875, -1.1520, 0.5471, -0.3238|1140
75|-0.0739, -0.5366, -0.8350, -0.4233, -0.1984, -1.1651, 0.5349, -0.3169|540
76|-0.0768, -0.5487, -0.8396, -0.4275, -0.1931, -1.1485, 0.5315, -0.3269|160
77|-0.0661, -0.5731, -0.8364, -0.4363, -0.1928, -1.1522, 0.5384, -0.3337|800
78|-0.0620, -0.5818, -0.8448, -0.4505, -0.1819, -1.1262, 0.5401, -0.3474|360
79|-0.0765, -0.5758, -0.8374, -0.4529, -0.1801, -1.1079, 0.5429, -0.3537|400
80|-0.0714, -0.5866, -0.8436, -0.4522, -0.1744, -1.0897, 0.5379, -0.3419|640
81|-0.0666, -0.5874, -0.8378, -0.4629, -0.1680, -1.0934, 0.5034, -0.3301|880
82|-0.0472, -0.6029, -0.8373, -0.4741, -0.1685, -1.0758, 0.5047, -0.3198|360
83|-0.0334, -0.6049, -0.8338, -0.4713, -0.1665, -1.0818, 0.5038, -0.3243|640
84|-0.0273, -0.6146, -0.8364, -0.4886, -0.1594, -1.0716, 0.4945, -0.3272|980
85|-0.0210, -0.6122, -0.8595, -0.4899, -0.1674, -1.0826, 0.4899, -0.3151|1920
86|-0.0197, -0.6077, -0.8605, -0.4883, -0.1760, -1.0779, 0.4901, -0.3132|1760
87|-0.0212, -0.6186, -0.8806, -0.4905, -0.1874, -1.0629, 0.4881, -0.3269|2100
88|-0.0175, -0.6304, -0.8790, -0.4947, -0.2054, -1.0589, 0.4872, -0.3147|820
89|-0.0055, -0.6219, -0.8939, -0.4855, -0.2062, -1.0594, 0.4721, -0.3120|940
90|-0.0049, -0.6166, -0.8826, -0.5022, -0.1855, -1.0669, 0.4718, -0.3076|1040
91|0.0149, -0.6296, -0.8635, -0.4972, -0.2079, -1.0607, 0.4571, -0.2918|280
92|0.0093, -0.6368, -0.8405, -0.4925, -0.1925, -1.0640, 0.4376, -0.2915|900
93|0.0130, -0.6330, -0.8461, -0.4770, -0.2050, -1.0550, 0.4218, -0.2872|740
94|0.0088, -0.6234, -0.8354, -0.4702, -0.2067, -1.0693, 0.4111, -0.2941|400
95|0.0237, -0.6156, -0.8377, -0.4876, -0.1989, -1.0569, 0.4233, -0.3043|820
96|0.0275, -0.6400, -0.8517, -0.4677, -0.1887, -1.0651, 0.4081, -0.2944|280
97|0.0315, -0.6524, -0.8476, -0.4498, -0.1922, -1.0581, 0.4075, -0.2955|840
98|0.0194, -0.6589, -0.8367, -0.4557, -0.1944, -1.0463, 0.4076, -0.3059|1840
99|0.0329, -0.6542, -0.8637, -0.4595, -0.1917, -1.0353, 0.4042, -0.3209|460
