0|-0.1795, -0.5210, 1.3502, -1.3980, 0.9212, -0.1666, 0.4087, -0.5197|0
1|-0.1773, -0.5248, 1.3414, -1.3985, 0.9245, -0.1697, 0.4078, -0.5191|0
2|-0.1810, -0.5151, 1.3395, -1.3989, 0.9230, -0.1807, 0.4057, -0.5180|0
3|-0.1877, -0.5205, 1.3349, -1.3972, 0.9232, -0.1847, 0.4085, -0.5209|0
4|-0.1886, -0.5244, 1.3299, -1.3966, 0.9190, -0.1829, 0.4171, -0.5208|0
5|-0.1908, -0.5136, 1.3248, -1.3970, 0.9196, -0.1781, 0.4147, -0.5186|0
6|-0.1966, -0.5088, 1.3275, -1.3975, 0.9140, -0.1782, 0.4065, -0.5117|0
7|-0.2029, -0.5116, 1.3205, -1.3977, 0.9120, -0.1840, 0.4059, -0.5057|0
8|-0.2058, -0.5117, 1.3248, -1.3940, 0.9173, -0.1854, 0.4012, -0.5167|0
9|-0.2060, -0.5071, 1.3229, -1.3966, 0.9171, -0.1873, 0.3972, -0.5130|0
10|-0.2076, -0.4972, 1.3252, -1.4029, 0.9208, -0.1922, 0.3996, -0.5136|0
11|-0.2016, -0.4935, 1.3155, -1.4043, 0.9212, -0.1874, 0.3952, -0.5231|0
12|-0.2026, -0.4991, 1.3146, -1.3970, 0.9259, -0.1833, 0.3875, -0.5290|0
13|-0.2084, -0.5033, 1.3166, -1.4037, 0.9320, -0.1887, 0.3857, -0.5263|0
14|-0.2127, -0.5054, 1.3152, -1.4080, 0.9337, -0.1931, 0.3807, -0.5224|40
15|-0.2194, -0.5123, 1.3131, -1.4159, 0.9328, -0.1947, 0.3749, -0.5195|0
16|-0.2159, -0.5157, 1.3060, -1.4102, 0.9311, -0.1956, 0.3734, -0.5117|0
17|-0.2108, -0.5147, 1.3037, -1.4115, 0.9303, -0.1920, 0.3712, -0.5148|0
18|-0.1954, -0.5130, 1.3101, -1.4097, 0.9268, -0.1875, 0.3642, -0.5089|0
19|-0.1964, -0.5138, 1.3049, -1.4124, 0.9257, -0.1779, 0.3671, -0.5095|0
20|-0.1989, -0.5182, 1.2987, -1.4153, 0.9260, -0.1790, 0.3705, -0.5136|0
21|-0.2061, -0.5180, 1.2941, -1.4169, 0.9288, -0.1830, 0.3703, -0.5189|0
22|-0.2045, -0.5175, 1.2871, -1.4130, 0.9266, -0.1772, 0.3719, -0.5171|0
23|-0.1984, -0.5156, 1.2804, -1.4203, 0.9257, -0.1819, 0.3740, -0.5086|0
24|-0.2013, -0.5078, 1.2762, -1.4227, 0.9260, -0.1787, 0.3737, -0.5047|0
25|-0.2103, -0.5183, 1.2821, -1.4234, 0.9201, -0.1778, 0.3748, -0.5105|0
26|-0.2167, -0.5270, 1.2786, -1.4273, 0.9280, -0.1755, 0.3662, -0.5106|0
27|-0.2190, -0.5253, 1.2789, -1.4249, 0.9261, -0.1843, 0.3608, -0.5132|0
28|-0.2075, -0.5249, 1.2811, -1.4226, 0.9243, -0.1894, 0.3591, -0.5212|0
29|-0.2196, -0.5309, 1.2791, -1.4294, 0.9210, -0.1909, 0.3537, -0.5151|0
30|-0.2202, -0.5314, 1.2863, -1.4348, 0.9141, -0.1892, 0.3549, -0.5123|0
31|-0.2237, -0.5345, 1.2885, -1.4424, 0.9117, -0.1899, 0.3541, -0.5167|0
32|-0.2280, -0.5383, 1.2878, -1.4547, 0.9192, -0.1909, 0.3415, -0.5243|0
33|-0.2197, -0.5408, 1.2823, -1.4503, 0.9183, -0.2004, 0.3385, -0.5226|0
34|-0.2264, -0.5381, 1.2669, -1.4520, 0.9148, -0.2040, 0.3394, -0.5219|0
35|-0.2315, -0.5346, 1.2573, -1.4474, 0.9141, -0.2088, 0.3375, -0.5184|0
36|-0.2273, -0.5395, 1.2519, -1.4455, 0.9167, -0.2158, 0.3348, -0.5171|0
37|-0.2209, -0.5422, 1.2503, -1.4502, 0.9205, -0.2147, 0.3320, -0.5131|0
38|-0.2235, -0.5377, 1.2550, -1.4571, 0.9146, -0.2269, 0.3325, -0.5076|0
39|-0.2235, -0.5361, 1.2575, -1.4681, 0.9103, -0.2222, 0.3294, -0.5082|0
40|-0.2281, -0.5374, 1.2542, -1.4699, 0.9080, -0.2187, 0.3254, -0.5045|0
41|-0.2323, -0.5356, 1.2506, -1.4683, 0.9052, -0.2256, 0.3222, -0.5068|0
42|-0.2358, -0.5405, 1.2555, -1.4718, 0.8982, -0.2230, 0.3177, -0.5036|0
43|-0.2324, -0.5513, 1.2489, -1.4718, 0.8950, -0.2304, 0.3145, -0.5177|40
44|-0.2440, -0.5492, 1.2490, -1.4785, 0.9042, -0.2207, 0.3141, -0.5196|0
45|-0.2505, -0.5497, 1.2463, -1.4814, 0.9085, -0.2190, 0.3157, -0.5213|40
46|-0.2510, -0.5416, 1.2349, -1.4837, 0.9079, -0.2183, 0.3118, -0.5216|0
47|-0.2531, -0.5472, 1.2305, -1.4875, 0.9041, -0.2140, 0.3102, -0.5238|0
48|-0.2594, -0.5486, 1.2266, -1.4864, 0.8989, -0.2060, 0.3134, -0.5217|0
49|-0.2608, -0.5535, 1.2196, -1.4918, 0.9040, -0.2046, 0.3110, -0.5206|0
50|-0.2558, -0.5528, 1.2204, -1.4900, 0.8975, -0.2080, 0.3077, -0.5200|0
51|-0.2593, -0.5519, 1.2210, -1.4955, 0.8944, -0.2114, 0.3061, -0.5213|0
52|-0.2619, -0.5539, 1.2146, -1.4993, 0.8931, -0.2166, 0.3011, -0.5159|0
53|-0.2559, -0.5588, 1.2236, -1.5008, 0.8901, -0.2186, 0.2985, -0.5180|40
54|-0.2698, -0.5565, 1.2228, -1.5107, 0.8863, -0.2140, 0.2998, -0.5169|0
55|-0.2693, -0.5517, 1.2301, -1.5197, 0.8885, -0.2227, 0.2942, -0.5209|0
56|-0.2765, -0.5613, 1.2203, -1.5149, 0.8845, -0.2226, 0.2965, -0.5222|0
57|-0.2739, -0.5631, 1.2149, -1.5156, 0.8823, -0.2208, 0.2924, -0.5196|0
58|-0.2721, -0.5613, 1.2051, -1.5232, 0.8775, -0.2227, 0.2917, -0.5197|0
59|-0.2758, -0.5584, 1.2095, -1.5236, 0.8757, -0.2232, 0.2837, -0.5260|0
60|-0.2693, -0.5669, 1.2049, -1.5220, 0.8723, -0.2250, 0.2892, -0.5234|0
61|-0.2702, -0.5780, 1.1968, -1.5278, 0.8800, -0.2269, 0.2788, -0.5265|40
62|-0.2719, -0.5756, 1.1863, -1.5334, 0.8712, -0.2290, 0.2812, -0.5274|0
63|-0.2714, -0.5760, 1.1906, -1.5349, 0.8721, -0.2309, 0.2795, -0.5308|0
64|-0.2777, -0.5798, 1.1917, -1.5273, 0.8700, -0.2284, 0.2804, -0.5188|0
65|-0.2718, -0.5836, 1.1853, -1.5304, 0.8633, -0.2299, 0.2825, -0.5162|0
66|-0.2748, -0.5851, 1.1792, -1.5294, 0.8663, -0.2304, 0.2790, -0.5157|0
67|-0.2737, -0.5863, 1.1757, -1.5268, 0.8668, -0.2333, 0.2905, -0.5101|0
68|-0.2701, -0.5870, 1.1764, -1.5236, 0.8609, -0.2409, 0.2966, -0.5122|0
69|-0.2637, -0.5837, 1.1773, -1.5253, 0.8544, -0.2453, 0.2945, -0.5203|0
70|-0.2624, -0.5908, 1.1706, -1.5269, 0.8524, -0.2460, 0.2948, -0.5271|0
71|-0.2594, -0.5913, 1.1674, -1.5277, 0.8563, -0.2541, 0.2918, -0.5247|0
72|-0.2652, -0.5879, 1.1586, -1.5331, 0.8479, -0.2579, 0.2983, -0.5260|0
73|-0.2583, -0.5919, 1.1576, -1.5325, 0.8546, -0.2624, 0.2905, -0.5292|0
74|-0.2545, -0.5835, 1.1531, -1.5267, 0.8482, -0.2615, 0.2963, -0.5441|0
75|-0.2589, -0.5855, 1.1473, -1.5282, 0.8452, -0.2666, 0.2936, -0.5526|0
76|-0.2544, -0.5824, 1.1446, -1.5329, 0.8373, -0.2701, 0.2882, -0.5502|0
77|-0.2518, -0.5800, 1.1405, -1.5340, 0.8340, -0.2717, 0.2966, -0.5589|40
78|-0.2515, -0.5732, 1.1301, -1.5288, 0.8352, -0.2859, 0.3008, -0.5637|0
79|-0.2580, -0.5788, 1.1328, -1.5266, 0.8389, -0.2920, 0.2990, -0.5579|0
80|-0.2616, -0.5752, 1.1269, -1.5250, 0.8445, -0.2946, 0.2912, -0.5587|0
81|-0.2552, -0.5744, 1.1127, -1.5290, 0.8403, -0.2952, 0.2888, -0.5586|0
82|-0.2522, -0.5771, 1.1170, -1.5356, 0.8325, -0.2900, 0.2932, -0.5495|0
83|-0.2444, -0.5652, 1.1126, -1.5325, 0.8310, -0.2883, 0.2891, -0.5511|40
84|-0.2332, -0.5617, 1.1057, -1.5348, 0.8308, -0.2893, 0.2880, -0.5503|0
85|-0.2237, -0.5575, 1.1020, -1.5335, 0.8337, -0.2828, 0.2734, -0.5426|0
86|-0.2316, -0.5596, 1.0982, -1.5321, 0.8373, -0.2847, 0.2702, -0.5395|0
87|-0.2282, -0.5597, 1.0904, -1.5266, 0.8376, -0.2903, 0.2702, -0.5451|0
88|-0.2303, -0.5601, 1.0854, -1.5346, 0.8321, -0.2955, 0.2638, -0.5428|0
89|-0.2268, -0.5519, 1.0878, -1.5320, 0.8198, -0.2998, 0.2572, -0.5500|0
90|-0.2266, -0.5493, 1.0826, -1.5277, 0.8267, -0.2995, 0.2603, -0.5519|0
91|-0.2184, -0.5439, 1.0801, -1.5234, 0.8206, -0.3008, 0.2645, -0.5507|0
92|-0.2247, -0.5461, 1.0740, -1.5293, 0.8311, -0.3070, 0.2623, -0.5503|0
93|-0.2206, -0.5483, 1.0667, -1.5314, 0.8233, -0.3127, 0.2682, -0.5559|0
94|-0.2214, -0.5515, 1.0691, -1.5346, 0.8243, -0.3210, 0.2659, -0.5536|0
95|-0.2152, -0.5559, 1.0753, -1.5346, 0.8240, -0.3192, 0.2709, -0.5583|0
96|-0.2159, -0.5629, 1.0705, -1.5348, 0.8132, -0.3205, 0.2760, -0.5559|0
97|-0.2110, -0.5632, 1.0634, -1.5413, 0.8078, -0.3213, 0.2772, -0.5494|0
98|-0.2150, -0.5639, 1.0492, -1.5421, 0.8148, -0.3207, 0.2737, -0.5473|0
99|-0.2165, -0.5512, 1.0513, -1.5433, 0.8230, -0.3067, 0.2733, -0.5567|0
