0|-1.4984, -0.9869, -1.0969, 1.0460, -1.4275, 1.2303, -0.1010, -0.8336|0
1|-1.5112, -0.9629, -1.0963, 1.0549, -1.4290, 1.2429, -0.0726, -0.8025|0
2|-1.5131, -0.9362, -1.1045, 1.0367, -1.4229, 1.2503, -0.0573, -0.7996|0
3|-1.4993, -0.9262, -1.1092, 1.0525, -1.4138, 1.2404, -0.0454, -0.8095|0
4|-1.4844, -0.9384, -1.0974, 1.0546, -1.4364, 1.2435, -0.0393, -0.8118|0
5|-1.5123, -0.8962, -1.0877, 1.0507, -1.4589, 1.2358, -0.0271, -0.8107|0
6|-1.5020, -0.8939, -1.1225, 1.0566, -1.4799, 1.2302, -0.0240, -0.8172|0
7|-1.4902, -0.8834, -1.1389, 1.0745, -1.4990, 1.2506, -0.0095, -0.8051|0
8|-1.5063, -0.8746, -1.1572, 1.0944, -1.5169, 1.2515, -0.0134, -0.8176|0
9|-1.5101, -0.8685, -1.1549, 1.0870, -1.5431, 1.2553, -0.0090, -0.8073|0
10|-1.5141, -0.8709, -1.1417, 1.0721, -1.5359, 1.2282, 0.0015, -0.8268|0
11|-1.5025, -0.8790, -1.1695, 1.0748, -1.5332, 1.2373, 0.0096, -0.8235|0
12|-1.4961, -0.8992, -1.1808, 1.0822, -1.5435, 1.2450, 0.0170, -0.8352|40
13|-1.4812, -0.8726, -1.1720, 1.0786, -1.5262, 1.2313, 0.0458, -0.8297|0
14|-1.4924, -0.8475, -1.1459, 1.0616, -1.5567, 1.2227, 0.0215, -0.8356|0
15|-1.4530, -0.8277, -1.1517, 1.0525, -1.5466, 1.2208, 0.0105, -0.8284|0
16|-1.4492, -0.8200, -1.1514, 1.0533, -1.5335, 1.2114, 0.0376, -0.8337|0
17|-1.4471, -0.7957, -1.1393, 1.0611, -1.5289, 1.1967, 0.0345, -0.8370|0
18|-1.4493, -0.8131, -1.1423, 1.0660, -1.5576, 1.1949, 0.0387, -0.8324|0
19|-1.4421, -0.8167, -1.1402, 1.0789, -1.5486, 1.1954, 0.0667, -0.8337|40
20|-1.4316, -0.8298, -1.1384, 1.0637, -1.5763, 1.1944, 0.0558, -0.8179|0
21|-1.4252, -0.8316, -1.1363, 1.0641, -1.5699, 1.2166, 0.0397, -0.8570|0
22|-1.4271, -0.8253, -1.1400, 1.0765, -1.5868, 1.1872, 0.0287, -0.8523|40
23|-1.4375, -0.8336, -1.1616, 1.0605, -1.5865, 1.1684, 0.0099, -0.8421|80
24|-1.4358, -0.8349, -1.1714, 1.0617, -1.5829, 1.1449, 0.0341, -0.8528|0
25|-1.4556, -0.8313, -1.1561, 1.0573, -1.6047, 1.1404, 0.0349, -0.8570|0
26|-1.4391, -0.8408, -1.1669, 1.0358, -1.6032, 1.1457, 0.0426, -0.8520|0
27|-1.4430, -0.8238, -1.1800, 1.0514, -1.6144, 1.1472, 0.0492, -0.8395|0
28|-1.4448, -0.8201, -1.1597, 1.0229, -1.6202, 1.1325, 0.0453, -0.8291|0
29|-1.4363, -0.7959, -1.1457, 1.0235, -1.6328, 1.1102, 0.0430, -0.8363|0
30|-1.4247, -0.8085, -1.1494, 1.0552, -1.6355, 1.0930, 0.0761, -0.8148|40
31|-1.4301, -0.8078, -1.1218, 1.0652, -1.6291, 1.0849, 0.0804, -0.8216|0
32|-1.4298, -0.8198, -1.1172, 1.0753, -1.6351, 1.1123, 0.0598, -0.7934|0
33|-1.4040, -0.8096, -1.1177, 1.0584, -1.6488, 1.1026, 0.0616, -0.7938|0
34|-1.3991, -0.7947, -1.1039, 1.0577, -1.6400, 1.0839, 0.0502, -0.8013|0
35|-1.4177, -0.8071, -1.1130, 1.0414, -1.6426, 1.0681, 0.0528, -0.7935|0
36|-1.4224, -0.7970, -1.1276, 1.0501, -1.6581, 1.0572, 0.0524, -0.7837|40
37|-1.4058, -0.7890, -1.1159, 1.0629, -1.6566, 1.0463, 0.0588, -0.7572|0
38|-1.3999, -0.7953, -1.1317, 1.0609, -1.6655, 1.0751, 0.0651, -0.7666|0
39|-1.4092, -0.8109, -1.1246, 1.0702, -1.6583, 1.0924, 0.0771, -0.7662|0
40|-1.4151, -0.8180, -1.1368, 1.0646, -1.6655, 1.0912, 0.0946, -0.7796|0
41|-1.4028, -0.8384, -1.1383, 1.0683, -1.6867, 1.0843, 0.0948, -0.7963|40
42|-1.4051, -0.8329, -1.1441, 1.0666, -1.6918, 1.0809, 0.1118, -0.8066|0
43|-1.4278, -0.8360, -1.1415, 1.0601, -1.6958, 1.0886, 0.0912, -0.7886|40
44|-1.4065, -0.8551, -1.1705, 1.0595, -1.7097, 1.0840, 0.0846, -0.8009|40
45|-1.4097, -0.8503, -1.1684, 1.0515, -1.7338, 1.0817, 0.0934, -0.7967|0
46|-1.3985, -0.8546, -1.1683, 1.0430, -1.7329, 1.0893, 0.1037, -0.8065|40
47|-1.4090, -0.8725, -1.1489, 1.0259, -1.7489, 1.0697, 0.0995, -0.7941|0
48|-1.4030, -0.8678, -1.1440, 1.0163, -1.7609, 1.0619, 0.0851, -0.8109|0
49|-1.3995, -0.8468, -1.1455, 0.9918, -1.7694, 1.0796, 0.0846, -0.8130|0
50|-1.3990, -0.8470, -1.1461, 1.0101, -1.7790, 1.0798, 0.1040, -0.8009|80
51|-1.3749, -0.8630, -1.1463, 1.0204, -1.8134, 1.0776, 0.1131, -0.7905|40
52|-1.3812, -0.8465, -1.1399, 0.9928, -1.8107, 1.0597, 0.1045, -0.8005|0
53|-1.3851, -0.8376, -1.1393, 0.9768, -1.8298, 1.0452, 0.1079, -0.8002|0
54|-1.3854, -0.8629, -1.1376, 0.9409, -1.8375, 1.0473, 0.1032, -0.7973|0
55|-1.3741, -0.8840, -1.1241, 0.9120, -1.8621, 1.0631, 0.1149, -0.7891|0
56|-1.3700, -0.8963, -1.1326, 0.9255, -1.8526, 1.0736, 0.1083, -0.7937|0
57|-1.3774, -0.9107, -1.1391, 0.9089, -1.8486, 1.0760, 0.1075, -0.8120|0
58|-1.3917, -0.9224, -1.1342, 0.9065, -1.8567, 1.0865, 0.1027, -0.7951|40
59|-1.3933, -0.9196, -1.1728, 0.9235, -1.8742, 1.0836, 0.1021, -0.7826|0
60|-1.4065, -0.9175, -1.1690, 0.9174, -1.8712, 1.0848, 0.0955, -0.7734|0
61|-1.4077, -0.8987, -1.1662, 0.9025, -1.8680, 1.0964, 0.0965, -0.7642|0
62|-1.3843, -0.9054, -1.1662, 0.9029, -1.8845, 1.1101, 0.0910, -0.7704|40
63|-1.3877, -0.9103, -1.1664, 0.9188, -1.8819, 1.1018, 0.0652, -0.7655|0
64|-1.4055, -0.9235, -1.1726, 0.9291, -1.8947, 1.1200, 0.0755, -0.7797|0
65|-1.4049, -0.9299, -1.1468, 0.9190, -1.8845, 1.1416, 0.0605, -0.7895|0
66|-1.4017, -0.9077, -1.1523, 0.8960, -1.8844, 1.1474, 0.0524, -0.7730|0
67|-1.3901, -0.8883, -1.1550, 0.8834, -1.8956, 1.1383, 0.0331, -0.7788|0
68|-1.3733, -0.8783, -1.1359, 0.8807, -1.8768, 1.1401, 0.0434, -0.7730|0
69|-1.3901, -0.8886, -1.1284, 0.8967, -1.8845, 1.1368, 0.0475, -0.7727|0
70|-1.3730, -0.8940, -1.1107, 0.8924, -1.9061, 1.1452, 0.0747, -0.7741|0
71|-1.3964, -0.8782, -1.0925, 0.8806, -1.9153, 1.1194, 0.0865, -0.7782|0
72|-1.4009, -0.8655, -1.1058, 0.8710, -1.8995, 1.1099, 0.0819, -0.7630|0
73|-1.3799, -0.8776, -1.1211, 0.8642, -1.9077, 1.1016, 0.0644, -0.7882|0
74|-1.3759, -0.8721, -1.1209, 0.8560, -1.8937, 1.0862, 0.0685, -0.7803|0
75|-1.3681, -0.8480, -1.1295, 0.8590, -1.8980, 1.0886, 0.0783, -0.7572|0
76|-1.3695, -0.8592, -1.1299, 0.8654, -1.9031, 1.0664, 0.0741, -0.7533|0
77|-1.3743, -0.8593, -1.1167, 0.8613, -1.9256, 1.0442, 0.0791, -0.7454|0
78|-1.3640, -0.8505, -1.1005, 0.8588, -1.9208, 1.0386, 0.0809, -0.7363|0
79|-1.3851, -0.8581, -1.1100, 0.8299, -1.9125, 1.0266, 0.0624, -0.7430|0
80|-1.3752, -0.8440, -1.1024, 0.8198, -1.9074, 1.0088, 0.0498, -0.7453|0
81|-1.3535, -0.8498, -1.0903, 0.8046, -1.8879, 1.0375, 0.0712, -0.7575|0
82|-1.3708, -0.8586, -1.0474, 0.7902, -1.9001, 1.0627, 0.0835, -0.7378|40
83|-1.3801, -0.8560, -1.0437, 0.7717, -1.9154, 1.0454, 0.0771, -0.7207|40
84|-1.3575, -0.8754, -1.0462, 0.7787, -1.8998, 1.0434, 0.0796, -0.7187|0
85|-1.3978, -0.8558, -1.0295, 0.7709, -1.9186, 1.0263, 0.0789, -0.6941|0
86|-1.3771, -0.8480, -1.0178, 0.7754, -1.9398, 1.0399, 0.0736, -0.7079|0
87|-1.3918, -0.8040, -1.0266, 0.7587, -1.9491, 1.0724, 0.0596, -0.7107|180
88|-1.3645, -0.8003, -1.0230, 0.7509, -1.9536, 1.0502, 0.0664, -0.7090|0
89|-1.3594, -0.8056, -1.0343, 0.7595, -1.9606, 1.0308, 0.1010, -0.6911|0
90|-1.3471, -0.7982, -1.0312, 0.7584, -1.9605, 1.0297, 0.1059, -0.6988|80
91|-1.3395, -0.8091, -1.0118, 0.7671, -1.9397, 1.0345, 0.1038, -0.7013|180
92|-1.3431, -0.7831, -0.9870, 0.7660, -1.9470, 1.0245, 0.1127, -0.6923|0
93|-1.3299, -0.7822, -0.9818, 0.7391, -1.9603, 1.0248, 0.1093, -0.6857|80
94|-1.3192, -0.7840, -0.9632, 0.7612, -1.9630, 1.0341, 0.1203, -0.6342|40
95|-1.3174, -0.7733, -0.9617, 0.7539, -1.9797, 1.0392, 0.1278, -0.6235|0
96|-1.2973, -0.7698, -0.9501, 0.7492, -1.9966, 1.0464, 0.1580, -0.6091|40
97|-1.2701, -0.7532, -0.9181, 0.7511, -2.0170, 1.0501, 0.1707, -0.6320|0
98|-1.2661, -0.7510, -0.8996, 0.7527, -2.0273, 1.0370, 0.1645, -0.6149|0
99|-1.2863, -0.7553, -0.8880, 0.7114, -2.0314, 1.0346, 0.1406, -0.6065|0
