0|-0.3925, 0.2097, -1.0696, 0.6139, -1.4849, 0.3890, 0.0257, 1.0710|0
1|-0.3893, 0.2163, -1.0585, 0.6036, -1.4786, 0.3787, 0.0532, 1.0633|80
2|-0.4007, 0.2091, -1.0544, 0.5911, -1.4845, 0.3840, 0.0660, 1.0537|80
3|-0.3927, 0.2179, -1.0641, 0.5743, -1.4863, 0.3978, 0.0555, 1.0402|0
4|-0.3862, 0.2242, -1.0624, 0.5549, -1.4844, 0.3802, 0.0504, 1.0236|0
5|-0.3747, 0.2110, -1.0555, 0.5536, -1.4884, 0.3708, 0.0489, 1.0361|0
6|-0.3744, 0.2165, -1.0672, 0.5512, -1.5066, 0.3589, 0.0683, 1.0313|0
7|-0.3661, 0.2120, -1.0780, 0.5353, -1.5200, 0.3466, 0.0560, 1.0373|40
8|-0.3639, 0.2028, -1.0580, 0.5185, -1.5303, 0.3587, 0.0497, 1.0431|40
9|-0.3740, 0.2057, -1.0796, 0.5121, -1.5213, 0.3694, 0.0462, 1.0404|40
10|-0.3757, 0.2069, -1.0783, 0.5129, -1.5218, 0.3444, 0.0632, 1.0372|40
11|-0.3745, 0.2001, -1.0892, 0.5062, -1.5117, 0.3660, 0.0538, 1.0488|40
12|-0.3659, 0.1896, -1.0677, 0.4871, -1.5102, 0.3321, 0.0578, 1.0384|0
13|-0.3536, 0.1733, -1.0729, 0.5000, -1.5001, 0.3222, 0.0554, 1.0452|120
14|-0.3402, 0.1671, -1.0735, 0.4949, -1.4855, 0.3204, 0.0356, 1.0438|0
15|-0.3335, 0.1785, -1.0655, 0.4924, -1.4945, 0.3114, 0.0267, 1.0530|40
16|-0.3131, 0.1799, -1.0690, 0.4949, -1.4925, 0.3019, 0.0237, 1.0667|0
17|-0.3188, 0.1717, -1.0791, 0.5071, -1.5056, 0.2976, 0.0235, 1.0776|0
18|-0.3207, 0.1965, -1.0746, 0.4993, -1.5077, 0.3068, 0.0364, 1.0763|80
19|-0.3199, 0.2080, -1.0809, 0.4895, -1.5220, 0.2993, 0.0532, 1.0782|0
20|-0.3473, 0.2155, -1.0792, 0.4798, -1.5226, 0.2873, 0.0370, 1.0815|40
21|-0.3465, 0.2119, -1.0745, 0.4684, -1.5286, 0.2871, 0.0352, 1.0707|0
22|-0.3583, 0.1951, -1.0773, 0.4456, -1.5315, 0.2679, 0.0203, 1.0740|180
23|-0.3679, 0.1964, -1.0858, 0.4345, -1.5179, 0.2649, 0.0166, 1.0817|40
24|-0.3689, 0.1962, -1.0725, 0.4337, -1.5224, 0.2588, 0.0129, 1.0679|0
25|-0.3584, 0.2008, -1.0861, 0.4334, -1.5325, 0.2601, 0.0320, 1.0700|100
26|-0.3597, 0.1957, -1.0818, 0.4168, -1.5459, 0.2657, 0.0293, 1.0599|0
27|-0.3496, 0.2070, -1.0656, 0.4191, -1.5333, 0.2545, 0.0257, 1.0703|80
28|-0.3491, 0.2037, -1.0540, 0.3975, -1.5373, 0.2440, 0.0093, 1.0660|0
29|-0.3313, 0.2198, -1.0624, 0.3801, -1.5497, 0.2215, 0.0168, 1.0458|40
30|-0.3215, 0.2173, -1.0658, 0.3718, -1.5451, 0.2153, 0.0109, 1.0491|40
31|-0.3165, 0.2225, -1.0720, 0.3758, -1.5710, 0.1814, 0.0150, 1.0437|0
