0|-1.3956, -0.8058, -1.1075, -0.8315, 0.5974, -0.7851, -1.3213, -1.2438|240
1|-1.3292, -0.8618, -1.1517, -0.9629, 0.5641, -0.7686, -1.4231, -1.2798|80
2|-1.2530, -0.8931, -1.2328, -1.0216, 0.5623, -0.7711, -1.4682, -1.3110|680
3|-1.2184, -0.8957, -1.2143, -1.0759, 0.5966, -0.7528, -1.4856, -1.2945|340
4|-1.2532, -1.0104, -1.1542, -1.0475, 0.5579, -0.7743, -1.5416, -1.2567|320
5|-1.1689, -1.0535, -1.1860, -1.0857, 0.5476, -0.8106, -1.5531, -1.2247|380
6|-1.1620, -1.0460, -1.2635, -1.0321, 0.4312, -0.8661, -1.5171, -1.3058|80
7|-1.1223, -1.0891, -1.2579, -0.9792, 0.3611, -0.8210, -1.4535, -1.3365|700
8|-1.0929, -1.0626, -1.2945, -1.0047, 0.3741, -0.7965, -1.3899, -1.3659|740
9|-1.0968, -1.1279, -1.3273, -1.0438, 0.4363, -0.7972, -1.4214, -1.3665|320
10|-1.0491, -1.1057, -1.3504, -0.9968, 0.5196, -0.7924, -1.4388, -1.4039|0
11|-0.9979, -1.1519, -1.4022, -1.1194, 0.5248, -0.7872, -1.4445, -1.3728|120
12|-0.9872, -1.2919, -1.3459, -1.1580, 0.4562, -0.7610, -1.5023, -1.3647|340
13|-1.0291, -1.3007, -1.3786, -1.1969, 0.5067, -0.8333, -1.5118, -1.4232|520
14|-0.9759, -1.3704, -1.3944, -1.1450, 0.5399, -0.8077, -1.3677, -1.4422|2080
15|-0.8890, -1.4723, -1.2923, -1.1120, 0.5252, -0.8149, -1.4354, -1.4650|160
16|-0.8737, -1.5296, -1.2738, -1.1027, 0.5426, -0.7633, -1.4364, -1.4718|300
17|-0.8441, -1.6263, -1.2528, -1.0910, 0.5036, -0.7874, -1.4194, -1.4341|120
18|-0.8071, -1.6028, -1.3475, -1.1869, 0.4509, -0.7985, -1.4484, -1.4162|360
19|-0.7494, -1.6522, -1.4123, -1.2597, 0.3654, -0.8272, -1.3967, -1.3509|740
20|-0.7200, -1.7655, -1.4049, -1.1960, 0.3591, -0.7806, -1.4353, -1.2649|240
21|-0.7289, -1.7985, -1.3896, -1.0886, 0.2564, -0.8360, -1.4400, -1.2587|480
22|-0.6400, -1.8734, -1.4952, -1.0883, 0.1232, -0.7350, -1.4660, -1.2215|920
23|-0.5984, -1.9051, -1.5832, -1.1024, 0.1625, -0.6952, -1.4061, -1.2647|380
24|-0.5630, -1.8505, -1.4956, -1.0957, 0.1773, -0.6758, -1.4096, -1.2367|460
25|-0.5654, -1.9007, -1.5759, -1.1816, 0.0928, -0.7410, -1.4237, -1.1919|640
26|-0.5396, -1.9742, -1.5448, -1.2433, 0.1093, -0.8216, -1.4219, -1.1638|660
27|-0.4978, -2.0643, -1.5318, -1.1940, 0.1832, -0.8571, -1.3466, -1.2260|200
28|-0.5554, -2.0966, -1.5342, -1.1833, 0.1788, -0.9493, -1.3310, -1.3081|580
29|-0.5487, -2.0753, -1.5747, -1.0841, 0.2047, -0.9732, -1.3033, -1.2976|980
30|-0.5784, -2.0149, -1.6017, -1.0043, 0.2017, -0.9815, -1.3002, -1.2631|640
31|-0.6965, -2.0243, -1.6342, -0.9896, 0.1851, -1.0432, -1.3395, -1.2560|740
