0|-0.2460, -1.2639, -0.2055, -0.1675, -1.1922, -1.2142, -1.0717, 1.3864|160
1|-0.2411, -1.2673, -0.2158, -0.1829, -1.1920, -1.2237, -1.0759, 1.3782|620
2|-0.2434, -1.2737, -0.2306, -0.1880, -1.1869, -1.2267, -1.0825, 1.3704|440
3|-0.2355, -1.2832, -0.2320, -0.1898, -1.1839, -1.2293, -1.0876, 1.3615|520
4|-0.2317, -1.2863, -0.2336, -0.2037, -1.1895, -1.2340, -1.0853, 1.3555|300
5|-0.2306, -1.2983, -0.2424, -0.2182, -1.1937, -1.2281, -1.0778, 1.3538|460
6|-0.2282, -1.3126, -0.2510, -0.2297, -1.1918, -1.2316, -1.0766, 1.3532|160
7|-0.2303, -1.3106, -0.2652, -0.2406, -1.1834, -1.2439, -1.0690, 1.3528|540
8|-0.2290, -1.3155, -0.2750, -0.2473, -1.1884, -1.2420, -1.0623, 1.3440|520
9|-0.2242, -1.3152, -0.2802, -0.2524, -1.1799, -1.2508, -1.0653, 1.3416|180
10|-0.2162, -1.3136, -0.2859, -0.2533, -1.1807, -1.2550, -1.0602, 1.3363|280
11|-0.2155, -1.3173, -0.2879, -0.2569, -1.1766, -1.2527, -1.0547, 1.3365|760
12|-0.2083, -1.3145, -0.2968, -0.2662, -1.1740, -1.2518, -1.0543, 1.3345|700
13|-0.1982, -1.3163, -0.3108, -0.2732, -1.1695, -1.2587, -1.0512, 1.3278|1000
14|-0.1936, -1.3227, -0.3247, -0.2792, -1.1644, -1.2601, -1.0527, 1.3260|360
15|-0.1959, -1.3318, -0.3221, -0.2857, -1.1637, -1.2517, -1.0446, 1.3219|420
16|-0.1913, -1.3393, -0.3228, -0.2987, -1.1636, -1.2526, -1.0402, 1.3155|1680
17|-0.1861, -1.3480, -0.3392, -0.3077, -1.1665, -1.2549, -1.0364, 1.3060|740
18|-0.1814, -1.3568, -0.3449, -0.3075, -1.1715, -1.2607, -1.0332, 1.2981|480
19|-0.1734, -1.3662, -0.3410, -0.3108, -1.1744, -1.2697, -1.0259, 1.2972|300
20|-0.1639, -1.3642, -0.3462, -0.3266, -1.1765, -1.2696, -1.0251, 1.2882|320
21|-0.1597, -1.3683, -0.3448, -0.3318, -1.1793, -1.2620, -1.0263, 1.2835|1520
22|-0.1531, -1.3734, -0.3493, -0.3382, -1.1801, -1.2703, -1.0197, 1.2701|1520
23|-0.1455, -1.3782, -0.3449, -0.3455, -1.1804, -1.2741, -1.0171, 1.2744|720
24|-0.1440, -1.3873, -0.3403, -0.3463, -1.1736, -1.2707, -1.0113, 1.2644|1640
25|-0.1459, -1.3951, -0.3456, -0.3511, -1.1756, -1.2632, -1.0069, 1.2514|1540
26|-0.1410, -1.4095, -0.3531, -0.3566, -1.1749, -1.2626, -1.0031, 1.2533|860
27|-0.1347, -1.4160, -0.3571, -0.3666, -1.1797, -1.2573, -1.0062, 1.2446|880
28|-0.1249, -1.4246, -0.3641, -0.3651, -1.1717, -1.2524, -1.0021, 1.2438|420
29|-0.1260, -1.4387, -0.3739, -0.3686, -1.1601, -1.2544, -0.9887, 1.2484|1220
30|-0.1219, -1.4347, -0.3754, -0.3748, -1.1517, -1.2590, -0.9799, 1.2384|620
31|-0.1206, -1.4379, -0.3850, -0.3804, -1.1534, -1.2584, -0.9810, 1.2375|1540
