0|1.1543, -1.3064, 0.1790, -1.0258, -0.5078, 0.8933, 1.4298, -0.7945|120
1|1.1542, -1.3093, 0.1450, -1.0549, -0.4950, 0.8570, 1.4276, -0.8045|40
2|1.1676, -1.3106, 0.0890, -1.0559, -0.5050, 0.8256, 1.4243, -0.8184|380
3|1.1871, -1.3139, 0.0438, -1.0804, -0.5156, 0.8115, 1.4137, -0.8184|440
4|1.1884, -1.3091, 0.0068, -1.0893, -0.5153, 0.7781, 1.4103, -0.8218|320
5|1.1881, -1.3157, -0.0472, -1.0842, -0.4963, 0.7721, 1.4054, -0.8137|580
6|1.1983, -1.3390, -0.0920, -1.1051, -0.4895, 0.7712, 1.3910, -0.7949|880
7|1.1976, -1.3463, -0.1178, -1.0855, -0.4719, 0.7624, 1.3812, -0.7812|560
8|1.1931, -1.3450, -0.1492, -1.0797, -0.4692, 0.7578, 1.3666, -0.7697|1340
9|1.2092, -1.3484, -0.1842, -1.0960, -0.4761, 0.7552, 1.3798, -0.7394|500
10|1.2051, -1.3696, -0.2075, -1.0942, -0.4586, 0.7524, 1.3757, -0.7341|620
11|1.2001, -1.3733, -0.2131, -1.0760, -0.4594, 0.7295, 1.3792, -0.7252|840
12|1.1907, -1.3672, -0.2285, -1.0735, -0.4690, 0.7371, 1.3821, -0.7134|260
13|1.1955, -1.3848, -0.2489, -1.0609, -0.4679, 0.7318, 1.3607, -0.6970|880
14|1.2114, -1.4035, -0.2490, -1.0585, -0.4783, 0.7340, 1.3640, -0.7030|660
15|1.2232, -1.4093, -0.2611, -1.0496, -0.4679, 0.7368, 1.3490, -0.7024|940
16|1.2315, -1.4164, -0.2805, -1.0429, -0.4588, 0.7217, 1.3424, -0.6769|960
17|1.2465, -1.4302, -0.2961, -1.0405, -0.4513, 0.7081, 1.3257, -0.6590|1120
18|1.2534, -1.4496, -0.3066, -1.0430, -0.4593, 0.7008, 1.3067, -0.6603|1560
19|1.2545, -1.4537, -0.3197, -1.0326, -0.4718, 0.6977, 1.3150, -0.6522|660
20|1.2521, -1.4698, -0.3294, -1.0274, -0.4627, 0.6770, 1.2908, -0.6353|1080
21|1.2670, -1.4712, -0.3260, -1.0329, -0.4627, 0.6780, 1.2677, -0.6330|740
22|1.2617, -1.4941, -0.3148, -1.0272, -0.4475, 0.6655, 1.2755, -0.6333|1680
23|1.2743, -1.4951, -0.3263, -1.0265, -0.4228, 0.6666, 1.2684, -0.6140|1100
24|1.2533, -1.5070, -0.3348, -1.0226, -0.4205, 0.6601, 1.2684, -0.6036|520
25|1.2682, -1.5297, -0.3577, -1.0169, -0.4193, 0.6544, 1.2526, -0.5904|1740
26|1.2614, -1.5469, -0.3603, -1.0278, -0.4112, 0.6533, 1.2426, -0.5666|240
27|1.2550, -1.5570, -0.3759, -1.0237, -0.4056, 0.6519, 1.2457, -0.5621|1020
28|1.2574, -1.5776, -0.3835, -1.0294, -0.4120, 0.6526, 1.2563, -0.5601|740
29|1.2601, -1.5741, -0.3861, -1.0072, -0.4132, 0.6568, 1.2300, -0.5379|1080
30|1.2641, -1.5718, -0.3941, -1.0119, -0.4268, 0.6359, 1.2279, -0.5303|3180
31|1.2749, -1.5874, -0.4021, -1.0100, -0.4147, 0.6266, 1.2146, -0.5182|1560
