0|-0.6099, -1.0567, -1.3065, 1.2579, -1.1531, -0.3437, -1.1213, -1.2713|40
1|-0.6139, -1.0585, -1.3133, 1.2318, -1.1705, -0.3355, -1.1319, -1.2664|0
2|-0.5960, -1.0556, -1.3175, 1.2213, -1.1821, -0.3502, -1.1198, -1.2563|0
3|-0.5993, -1.0551, -1.3337, 1.2040, -1.2039, -0.3542, -1.1279, -1.2713|80
4|-0.5988, -1.0546, -1.3505, 1.1851, -1.2169, -0.3622, -1.1487, -1.2597|40
5|-0.6036, -1.0484, -1.3441, 1.1667, -1.2310, -0.3598, -1.1555, -1.2427|0
6|-0.6141, -1.0594, -1.3296, 1.1605, -1.2397, -0.3608, -1.1456, -1.2463|0
7|-0.6080, -1.0449, -1.3436, 1.1477, -1.2553, -0.3777, -1.1366, -1.2508|40
8|-0.5900, -1.0488, -1.3319, 1.1404, -1.2658, -0.3890, -1.1386, -1.2423|0
9|-0.6029, -1.0588, -1.3475, 1.1490, -1.2763, -0.3926, -1.1551, -1.2312|40
10|-0.6227, -1.0480, -1.3433, 1.1407, -1.2792, -0.3894, -1.1565, -1.2353|0
11|-0.6242, -1.0624, -1.3379, 1.1207, -1.2656, -0.3977, -1.1592, -1.2304|0
12|-0.6107, -1.0684, -1.3336, 1.1236, -1.2714, -0.3876, -1.1669, -1.2415|40
13|-0.6136, -1.0815, -1.3456, 1.0898, -1.2750, -0.4045, -1.1679, -1.2412|80
14|-0.6269, -1.0799, -1.3547, 1.0707, -1.2860, -0.4148, -1.1922, -1.2423|0
15|-0.6250, -1.0763, -1.3620, 1.0628, -1.2833, -0.4274, -1.2006, -1.2472|0
16|-0.6261, -1.0943, -1.3879, 1.0332, -1.2968, -0.4506, -1.1976, -1.2403|0
17|-0.6236, -1.1106, -1.3773, 1.0257, -1.3317, -0.4450, -1.2072, -1.2290|0
18|-0.6229, -1.1046, -1.3970, 0.9960, -1.3390, -0.4590, -1.2080, -1.2223|0
19|-0.6234, -1.1135, -1.3904, 0.9668, -1.3490, -0.4860, -1.1927, -1.2310|0
20|-0.6335, -1.1047, -1.3936, 0.9386, -1.3712, -0.4887, -1.1857, -1.2403|40
21|-0.6426, -1.0914, -1.3861, 0.9059, -1.3804, -0.4902, -1.1747, -1.2332|160
22|-0.6429, -1.0887, -1.3844, 0.8853, -1.3839, -0.5162, -1.1701, -1.2228|40
23|-0.6168, -1.0785, -1.3814, 0.8636, -1.4003, -0.5255, -1.1823, -1.2097|80
24|-0.6103, -1.0757, -1.3816, 0.8263, -1.3887, -0.5233, -1.1849, -1.2015|100
25|-0.5946, -1.0914, -1.3934, 0.8110, -1.4097, -0.5337, -1.1829, -1.2107|80
26|-0.5838, -1.0902, -1.4041, 0.7848, -1.4218, -0.5492, -1.1922, -1.1935|0
27|-0.5880, -1.0952, -1.4084, 0.7746, -1.4100, -0.5600, -1.1735, -1.1830|40
28|-0.5890, -1.0886, -1.4029, 0.7540, -1.4263, -0.5698, -1.1814, -1.1625|0
29|-0.5800, -1.0974, -1.3984, 0.7281, -1.4437, -0.5712, -1.1753, -1.1606|0
30|-0.5913, -1.1045, -1.4035, 0.6964, -1.4521, -0.5845, -1.1703, -1.1619|0
31|-0.5845, -1.1113, -1.3934, 0.6581, -1.4579, -0.6154, -1.1490, -1.1693|40
