0|-0.8467, 1.0438, -0.1190, -1.1599, -0.0528, 1.2895, -1.2213, 1.3625|0
1|-0.8391, 1.0540, -0.1367, -1.1674, -0.0420, 1.3005, -1.2194, 1.3641|0
2|-0.8358, 1.0691, -0.1625, -1.1638, -0.0480, 1.3012, -1.2171, 1.3594|40
3|-0.8481, 1.0744, -0.1808, -1.1648, -0.0579, 1.2905, -1.2105, 1.3562|0
4|-0.8467, 1.0671, -0.1961, -1.1738, -0.0726, 1.2922, -1.2206, 1.3517|0
5|-0.8550, 1.0656, -0.2268, -1.1789, -0.0692, 1.2780, -1.2300, 1.3455|0
6|-0.8496, 1.0589, -0.2499, -1.1801, -0.0767, 1.2754, -1.2315, 1.3375|80
7|-0.8420, 1.0553, -0.2472, -1.1951, -0.0686, 1.2763, -1.2286, 1.3436|40
8|-0.8397, 1.0562, -0.2745, -1.2066, -0.0832, 1.2813, -1.2279, 1.3378|40
9|-0.8349, 1.0714, -0.2837, -1.1993, -0.0831, 1.2873, -1.2312, 1.3262|0
10|-0.8241, 1.0581, -0.2957, -1.2011, -0.0905, 1.2886, -1.2297, 1.3258|40
11|-0.8125, 1.0651, -0.3205, -1.2058, -0.0921, 1.2899, -1.2317, 1.3302|80
12|-0.8071, 1.0595, -0.3438, -1.2133, -0.0912, 1.2816, -1.2366, 1.3197|0
13|-0.8090, 1.0620, -0.3694, -1.2334, -0.0868, 1.2750, -1.2450, 1.3251|120
14|-0.8042, 1.0682, -0.3789, -1.2263, -0.0835, 1.2724, -1.2418, 1.3218|0
15|-0.8036, 1.0665, -0.3768, -1.2398, -0.0822, 1.2509, -1.2395, 1.3313|40
16|-0.7989, 1.0664, -0.3840, -1.2478, -0.0966, 1.2437, -1.2417, 1.3327|0
17|-0.7964, 1.0630, -0.3952, -1.2639, -0.1097, 1.2478, -1.2489, 1.3200|80
18|-0.7911, 1.0564, -0.4050, -1.2558, -0.1153, 1.2458, -1.2555, 1.3271|80
19|-0.7934, 1.0548, -0.4184, -1.2579, -0.1132, 1.2415, -1.2686, 1.3393|0
20|-0.7824, 1.0518, -0.4262, -1.2624, -0.1192, 1.2360, -1.2684, 1.3433|40
21|-0.7938, 1.0540, -0.4386, -1.2581, -0.1101, 1.2350, -1.2672, 1.3379|140
22|-0.7918, 1.0588, -0.4606, -1.2732, -0.0998, 1.2231, -1.2688, 1.3292|40
23|-0.7868, 1.0590, -0.4725, -1.2813, -0.1134, 1.2226, -1.2781, 1.3224|80
24|-0.7720, 1.0494, -0.4785, -1.2881, -0.1192, 1.2216, -1.2696, 1.3342|40
25|-0.7795, 1.0505, -0.4812, -1.2914, -0.1191, 1.2214, -1.2556, 1.3385|40
26|-0.7813, 1.0572, -0.4817, -1.3058, -0.1274, 1.2237, -1.2634, 1.3373|40
27|-0.7645, 1.0526, -0.4887, -1.3166, -0.1356, 1.2180, -1.2692, 1.3331|40
28|-0.7611, 1.0536, -0.4889, -1.3243, -0.1436, 1.2155, -1.2587, 1.3341|40
29|-0.7512, 1.0671, -0.5064, -1.3328, -0.1457, 1.2155, -1.2676, 1.3331|40
30|-0.7503, 1.0628, -0.5243, -1.3330, -0.1512, 1.2148, -1.2786, 1.3332|0
31|-0.7518, 1.0551, -0.5308, -1.3403, -0.1563, 1.2106, -1.2876, 1.3379|80
