0|-1.3713, -1.1497, -0.0495, -0.0797, -0.3892, 0.7450, -0.5714, -0.7375|0
1|-1.3642, -1.1491, -0.0571, -0.1020, -0.3817, 0.7350, -0.5928, -0.7418|0
2|-1.3560, -1.1601, -0.0637, -0.1503, -0.3761, 0.7130, -0.5902, -0.7131|0
3|-1.3493, -1.1740, -0.0905, -0.1703, -0.3645, 0.7008, -0.5896, -0.7261|0
4|-1.3337, -1.1751, -0.0935, -0.1862, -0.3586, 0.7045, -0.5642, -0.7203|80
5|-1.3529, -1.1565, -0.1347, -0.2113, -0.3612, 0.6943, -0.5703, -0.7126|0
6|-1.3279, -1.1718, -0.1596, -0.2335, -0.3516, 0.6976, -0.5634, -0.7181|40
7|-1.3082, -1.1865, -0.1774, -0.2422, -0.3826, 0.6900, -0.5840, -0.7043|0
8|-1.3029, -1.2169, -0.2000, -0.2533, -0.3841, 0.6633, -0.5809, -0.7008|40
9|-1.3129, -1.2349, -0.2185, -0.2855, -0.4193, 0.6324, -0.5813, -0.7065|0
10|-1.3185, -1.2375, -0.2317, -0.3009, -0.4247, 0.6312, -0.5910, -0.7218|0
11|-1.3054, -1.2514, -0.2514, -0.3273, -0.4345, 0.6090, -0.5934, -0.7198|0
12|-1.3027, -1.2488, -0.2685, -0.3607, -0.4270, 0.5911, -0.5852, -0.7398|160
13|-1.2675, -1.2190, -0.2868, -0.3976, -0.4295, 0.5749, -0.5630, -0.7441|0
14|-1.2117, -1.2066, -0.3259, -0.4331, -0.4530, 0.5422, -0.5599, -0.7496|80
15|-1.1741, -1.2302, -0.3242, -0.4431, -0.4478, 0.5168, -0.5264, -0.7593|40
16|-1.1845, -1.2476, -0.3345, -0.4641, -0.4460, 0.5058, -0.5533, -0.7544|80
17|-1.1710, -1.2886, -0.3302, -0.4999, -0.4419, 0.4836, -0.5560, -0.7431|120
18|-1.1647, -1.2836, -0.3098, -0.5467, -0.4155, 0.4557, -0.5557, -0.7701|80
19|-1.1428, -1.2730, -0.3110, -0.5741, -0.4084, 0.4260, -0.5371, -0.7615|40
20|-1.1295, -1.2924, -0.3235, -0.6073, -0.4186, 0.3881, -0.5230, -0.7614|80
21|-1.1090, -1.3166, -0.3280, -0.6437, -0.4357, 0.3597, -0.5210, -0.7581|260
22|-1.0923, -1.2994, -0.3354, -0.6771, -0.4424, 0.3492, -0.5240, -0.7525|140
23|-1.0466, -1.2722, -0.3448, -0.6910, -0.4228, 0.3116, -0.5190, -0.7336|180
24|-1.0340, -1.2687, -0.3650, -0.7100, -0.3978, 0.2538, -0.4952, -0.7429|500
25|-1.0122, -1.3053, -0.3846, -0.7149, -0.3959, 0.2272, -0.5291, -0.7382|700
26|-0.9957, -1.3097, -0.3708, -0.7419, -0.3799, 0.2402, -0.5091, -0.7394|340
27|-0.9771, -1.3016, -0.4043, -0.7848, -0.3714, 0.2080, -0.5174, -0.7185|680
28|-0.9464, -1.3100, -0.3805, -0.8076, -0.3864, 0.1866, -0.5026, -0.7114|300
29|-0.9243, -1.3262, -0.3845, -0.8269, -0.3897, 0.1630, -0.5204, -0.7282|200
30|-0.8940, -1.3235, -0.3982, -0.8441, -0.3624, 0.1343, -0.5202, -0.7288|300
31|-0.9112, -1.3388, -0.4059, -0.8544, -0.3572, 0.1160, -0.5240, -0.7604|120
