0|1.4509, -0.5792, 0.2150, 0.1186, -1.0515, 1.4266, -0.1567, -1.4061|0
1|1.4543, -0.5992, 0.2193, 0.1218, -1.0458, 1.4429, -0.1675, -1.3947|0
2|1.4552, -0.6117, 0.1993, 0.1007, -1.0606, 1.4294, -0.1556, -1.3880|0
3|1.4600, -0.6068, 0.2037, 0.1172, -1.0728, 1.4229, -0.1546, -1.3770|0
4|1.4737, -0.6116, 0.1992, 0.1334, -1.0784, 1.4210, -0.1518, -1.3874|0
5|1.4703, -0.6174, 0.1926, 0.1357, -1.0742, 1.4245, -0.1645, -1.3948|0
6|1.4533, -0.6187, 0.1867, 0.1216, -1.0559, 1.4262, -0.1561, -1.3820|0
7|1.4502, -0.6251, 0.1726, 0.1197, -1.0690, 1.4361, -0.1462, -1.3618|0
8|1.4398, -0.6323, 0.1646, 0.1255, -1.0788, 1.4252, -0.1541, -1.3710|0
9|1.4252, -0.6388, 0.1595, 0.1276, -1.0755, 1.4300, -0.1557, -1.3636|0
10|1.4304, -0.6480, 0.1479, 0.1247, -1.0685, 1.4226, -0.1620, -1.3575|0
11|1.4247, -0.6407, 0.1520, 0.1202, -1.0744, 1.4167, -0.1680, -1.3464|0
12|1.4338, -0.6443, 0.1556, 0.1197, -1.0654, 1.4349, -0.1838, -1.3392|0
13|1.4332, -0.6293, 0.1479, 0.1267, -1.0587, 1.4220, -0.1810, -1.3514|0
14|1.4200, -0.6236, 0.1444, 0.1030, -1.0600, 1.4182, -0.1875, -1.3294|0
15|1.4093, -0.6247, 0.1649, 0.1001, -1.0479, 1.4186, -0.1864, -1.3157|0
16|1.3967, -0.6130, 0.1562, 0.0803, -1.0644, 1.4018, -0.1895, -1.3090|0
17|1.3915, -0.6089, 0.1390, 0.0813, -1.0681, 1.3991, -0.1857, -1.3179|0
18|1.3849, -0.6095, 0.1274, 0.0918, -1.0681, 1.4164, -0.1908, -1.3341|0
19|1.3811, -0.6134, 0.1132, 0.0880, -1.0700, 1.4289, -0.1766, -1.3331|0
20|1.3641, -0.6020, 0.1023, 0.1124, -1.0704, 1.4286, -0.1724, -1.3238|0
21|1.3777, -0.6091, 0.0853, 0.1251, -1.0768, 1.4263, -0.1822, -1.3339|0
22|1.3826, -0.5986, 0.0617, 0.1190, -1.0695, 1.4236, -0.1887, -1.3169|0
23|1.3665, -0.6037, 0.0356, 0.1162, -1.0665, 1.4386, -0.1883, -1.2945|0
24|1.3710, -0.6148, 0.0232, 0.1200, -1.0792, 1.4491, -0.1894, -1.3185|0
25|1.3825, -0.6226, 0.0203, 0.1239, -1.0634, 1.4452, -0.1766, -1.3176|0
26|1.3663, -0.6301, -0.0021, 0.1307, -1.0762, 1.4535, -0.1880, -1.3292|0
27|1.3622, -0.6391, -0.0020, 0.1354, -1.0756, 1.4461, -0.1761, -1.3311|0
28|1.3526, -0.6349, -0.0191, 0.1310, -1.0840, 1.4437, -0.1613, -1.3266|0
29|1.3618, -0.6216, -0.0293, 0.1054, -1.0998, 1.4336, -0.1650, -1.3211|0
30|1.3493, -0.6264, -0.0396, 0.0964, -1.1068, 1.4250, -0.1531, -1.3256|0
31|1.3438, -0.6303, -0.0693, 0.0796, -1.0943, 1.4232, -0.1450, -1.3255|0
32|1.3417, -0.6513, -0.0684, 0.0707, -1.1044, 1.4194, -0.1303, -1.3346|0
33|1.3173, -0.6540, -0.0886, 0.0721, -1.0977, 1.4161, -0.1446, -1.3314|40
34|1.3216, -0.6465, -0.0977, 0.0555, -1.1113, 1.4140, -0.1526, -1.3346|0
35|1.3249, -0.6538, -0.1022, 0.0463, -1.0920, 1.4122, -0.1553, -1.3387|0
36|1.3315, -0.6474, -0.1189, 0.0498, -1.0812, 1.4181, -0.1490, -1.3349|0
37|1.3359, -0.6507, -0.1479, 0.0422, -1.0730, 1.4129, -0.1414, -1.3221|0
38|1.3431, -0.6514, -0.1773, 0.0152, -1.0746, 1.4162, -0.1445, -1.3242|0
39|1.3429, -0.6580, -0.1925, 0.0055, -1.0648, 1.4196, -0.1571, -1.3227|80
40|1.3387, -0.6393, -0.2109, -0.0072, -1.0456, 1.4266, -0.1720, -1.3304|0
41|1.3617, -0.6525, -0.2361, -0.0162, -1.0360, 1.4230, -0.1716, -1.3260|0
42|1.3686, -0.6480, -0.2572, -0.0215, -1.0611, 1.4231, -0.1834, -1.3024|80
43|1.3863, -0.6444, -0.2766, -0.0373, -1.0692, 1.4076, -0.1850, -1.3034|0
44|1.3844, -0.6441, -0.2994, -0.0542, -1.0759, 1.3999, -0.1970, -1.2985|0
45|1.3839, -0.6546, -0.3136, -0.0806, -1.0786, 1.3689, -0.1774, -1.2800|0
46|1.3980, -0.6602, -0.3375, -0.1076, -1.0760, 1.3562, -0.1863, -1.2647|0
47|1.3907, -0.6683, -0.3486, -0.1285, -1.0752, 1.3386, -0.1936, -1.2572|0
48|1.4002, -0.6760, -0.3724, -0.1511, -1.0884, 1.3367, -0.2012, -1.2622|80
49|1.3985, -0.6735, -0.3835, -0.1779, -1.0939, 1.3240, -0.1968, -1.2664|220
50|1.4083, -0.6804, -0.4042, -0.2115, -1.0927, 1.3101, -0.2042, -1.2683|160
51|1.4194, -0.6868, -0.4015, -0.2332, -1.0872, 1.3013, -0.2095, -1.2649|0
52|1.4326, -0.6799, -0.4175, -0.2570, -1.0774, 1.2949, -0.2203, -1.2696|40
53|1.4081, -0.6972, -0.4357, -0.2893, -1.0751, 1.2890, -0.2264, -1.2650|0
54|1.4169, -0.7004, -0.4593, -0.3276, -1.0480, 1.2813, -0.2348, -1.2668|40
55|1.4226, -0.7085, -0.4784, -0.3619, -1.0307, 1.2547, -0.2335, -1.2695|120
56|1.4349, -0.7120, -0.4913, -0.3774, -1.0306, 1.2428, -0.2327, -1.2623|0
57|1.4320, -0.7204, -0.4808, -0.4010, -1.0242, 1.2152, -0.2353, -1.2672|40
58|1.4267, -0.7354, -0.5055, -0.4309, -1.0249, 1.2017, -0.2196, -1.2742|0
59|1.4087, -0.7198, -0.4916, -0.4514, -1.0178, 1.1853, -0.2130, -1.2639|820
60|1.4090, -0.7397, -0.4998, -0.4663, -1.0152, 1.1782, -0.1950, -1.2667|0
61|1.4126, -0.7369, -0.5169, -0.4952, -1.0009, 1.1525, -0.1921, -1.2588|80
62|1.4225, -0.7271, -0.5247, -0.5122, -1.0021, 1.1371, -0.1976, -1.2478|160
63|1.4319, -0.7200, -0.5215, -0.5151, -0.9904, 1.1127, -0.1898, -1.2518|0
