0|0.3480, -1.0061, -0.5163, 0.2392, -0.6391, -0.5610, -1.3702, -0.4099|80
1|0.3517, -1.0121, -0.5118, 0.2264, -0.6403, -0.5717, -1.3760, -0.4074|80
2|0.3488, -1.0177, -0.5003, 0.2100, -0.6405, -0.5762, -1.3812, -0.4105|500
3|0.3394, -1.0211, -0.4997, 0.2024, -0.6330, -0.5876, -1.3756, -0.4124|920
4|0.3458, -1.0205, -0.5078, 0.1900, -0.6263, -0.5893, -1.3757, -0.4043|200
5|0.3506, -1.0188, -0.5082, 0.1765, -0.6341, -0.5839, -1.3785, -0.3982|260
6|0.3577, -1.0365, -0.5176, 0.1732, -0.6241, -0.5901, -1.3831, -0.3948|620
7|0.3498, -1.0361, -0.5195, 0.1595, -0.6366, -0.5937, -1.3650, -0.3907|160
8|0.3585, -1.0442, -0.5181, 0.1459, -0.6358, -0.5985, -1.3627, -0.3933|780
9|0.3620, -1.0457, -0.5107, 0.1413, -0.6354, -0.6003, -1.3641, -0.3921|380
10|0.3609, -1.0470, -0.5187, 0.1269, -0.6369, -0.6026, -1.3627, -0.3978|80
11|0.3687, -1.0548, -0.5092, 0.1193, -0.6440, -0.6073, -1.3756, -0.3915|500
12|0.3714, -1.0523, -0.5156, 0.1083, -0.6408, -0.6087, -1.3722, -0.3898|640
13|0.3738, -1.0517, -0.5129, 0.1035, -0.6415, -0.6120, -1.3675, -0.3882|200
14|0.3788, -1.0522, -0.5083, 0.0832, -0.6379, -0.6102, -1.3657, -0.3948|560
15|0.3825, -1.0546, -0.5017, 0.0766, -0.6382, -0.6163, -1.3547, -0.4003|240
16|0.3907, -1.0541, -0.4925, 0.0733, -0.6284, -0.6152, -1.3498, -0.3938|160
17|0.3962, -1.0542, -0.4938, 0.0699, -0.6255, -0.6197, -1.3471, -0.3898|1040
18|0.4026, -1.0575, -0.4921, 0.0648, -0.6284, -0.6219, -1.3481, -0.3974|520
19|0.4008, -1.0528, -0.4936, 0.0539, -0.6304, -0.6236, -1.3423, -0.3918|220
20|0.4057, -1.0513, -0.4886, 0.0473, -0.6348, -0.6251, -1.3389, -0.3895|200
21|0.4147, -1.0423, -0.4835, 0.0403, -0.6304, -0.6269, -1.3358, -0.3853|360
22|0.4136, -1.0494, -0.4751, 0.0287, -0.6214, -0.6334, -1.3309, -0.3797|200
23|0.4181, -1.0469, -0.4646, 0.0255, -0.6201, -0.6391, -1.3375, -0.3826|920
24|0.4167, -1.0432, -0.4566, 0.0184, -0.6153, -0.6408, -1.3353, -0.3829|780
25|0.4191, -1.0398, -0.4529, 0.0176, -0.6136, -0.6499, -1.3328, -0.3811|640
26|0.4236, -1.0351, -0.4533, 0.0137, -0.6120, -0.6496, -1.3326, -0.3739|760
27|0.4219, -1.0421, -0.4517, 0.0016, -0.6051, -0.6554, -1.3383, -0.3772|660
28|0.4189, -1.0407, -0.4445, -0.0031, -0.6035, -0.6614, -1.3385, -0.3753|560
29|0.4237, -1.0484, -0.4433, -0.0107, -0.6001, -0.6660, -1.3373, -0.3731|1760
30|0.4284, -1.0507, -0.4424, -0.0180, -0.6040, -0.6692, -1.3352, -0.3728|1460
31|0.4324, -1.0485, -0.4409, -0.0186, -0.5997, -0.6727, -1.3271, -0.3713|360
