0|1.2079, 1.4675, -1.0318, 0.1227, -1.2020, -0.2019, -1.1794, -1.1589|160
1|1.1963, 1.4681, -1.0169, 0.0804, -1.2026, -0.2121, -1.1723, -1.1605|0
2|1.1688, 1.4541, -1.0328, 0.0355, -1.2246, -0.2113, -1.1650, -1.1222|40
3|1.2001, 1.4430, -1.0328, 0.0202, -1.2295, -0.1830, -1.1631, -1.0972|200
4|1.2022, 1.4591, -1.0086, 0.0008, -1.2426, -0.2178, -1.1671, -1.0857|200
5|1.1852, 1.4645, -1.0114, -0.0347, -1.2189, -0.2076, -1.1549, -1.0754|40
6|1.1904, 1.4537, -0.9883, -0.0618, -1.2280, -0.2273, -1.1464, -1.0764|80
7|1.1577, 1.4482, -1.0351, -0.0854, -1.2307, -0.2155, -1.1587, -1.0504|260
8|1.1565, 1.4755, -1.0233, -0.1158, -1.2173, -0.2352, -1.1604, -1.0358|120
9|1.1562, 1.4619, -1.0262, -0.1457, -1.2376, -0.2599, -1.1752, -1.0471|240
10|1.1208, 1.4501, -1.0184, -0.1776, -1.2409, -0.2709, -1.1794, -1.0509|120
11|1.1166, 1.4505, -1.0339, -0.1835, -1.2456, -0.2934, -1.1923, -1.0371|120
12|1.1297, 1.4258, -1.0146, -0.1675, -1.2409, -0.3050, -1.1736, -1.0601|360
13|1.1334, 1.4481, -1.0113, -0.2034, -1.2682, -0.3129, -1.1857, -1.0605|720
14|1.1336, 1.4474, -1.0072, -0.2366, -1.2618, -0.3201, -1.1676, -1.0583|80
15|1.1695, 1.4318, -1.0203, -0.2601, -1.2428, -0.3334, -1.1495, -1.0821|400
16|1.1501, 1.4335, -1.0086, -0.2663, -1.2361, -0.3285, -1.1488, -1.0944|280
17|1.1473, 1.4274, -1.0030, -0.2744, -1.2475, -0.3199, -1.1434, -1.0806|160
18|1.1705, 1.4126, -0.9996, -0.3058, -1.2383, -0.3381, -1.1395, -1.0683|240
19|1.1625, 1.3934, -1.0065, -0.3451, -1.2353, -0.3325, -1.1521, -1.0707|100
20|1.1705, 1.3934, -1.0346, -0.3765, -1.2249, -0.3570, -1.1538, -1.0730|320
21|1.2139, 1.3986, -1.0153, -0.4241, -1.2437, -0.3619, -1.1504, -1.0455|160
22|1.2319, 1.3761, -1.0344, -0.4366, -1.2414, -0.3821, -1.1669, -1.0457|80
23|1.2492, 1.3461, -1.0274, -0.4400, -1.2250, -0.3803, -1.1653, -1.0237|920
24|1.2562, 1.3441, -1.0212, -0.4591, -1.2542, -0.3834, -1.1469, -1.0101|1060
25|1.2631, 1.3370, -0.9871, -0.4695, -1.2567, -0.3842, -1.1462, -0.9948|160
26|1.2718, 1.3384, -0.9845, -0.4885, -1.2901, -0.3929, -1.1336, -0.9868|600
27|1.2755, 1.3379, -0.9591, -0.5092, -1.2716, -0.4078, -1.1328, -0.9848|360
28|1.2583, 1.3351, -0.9799, -0.5194, -1.2478, -0.4256, -1.1223, -0.9917|540
29|1.2890, 1.3210, -0.9754, -0.5212, -1.2391, -0.4416, -1.1392, -0.9682|40
30|1.2939, 1.2850, -0.9742, -0.5260, -1.2527, -0.4515, -1.1182, -0.9637|640
31|1.2976, 1.2780, -0.9838, -0.5334, -1.2533, -0.4943, -1.1010, -0.9842|40
32|1.3146, 1.2609, -1.0034, -0.5518, -1.2613, -0.4978, -1.0854, -0.9582|240
33|1.3170, 1.2577, -0.9848, -0.5721, -1.2470, -0.5098, -1.0908, -0.9782|160
34|1.3057, 1.2456, -0.9991, -0.5744, -1.2205, -0.5228, -1.0946, -0.9929|440
35|1.3210, 1.2480, -0.9864, -0.5805, -1.2067, -0.5367, -1.0940, -0.9842|240
36|1.3215, 1.2432, -0.9984, -0.5986, -1.1884, -0.5415, -1.0797, -0.9506|200
37|1.3214, 1.2202, -1.0187, -0.6132, -1.1866, -0.5687, -1.0741, -0.9504|320
38|1.2910, 1.2149, -1.0518, -0.6103, -1.1880, -0.5822, -1.0655, -0.9636|120
39|1.3173, 1.2217, -1.0492, -0.5840, -1.1685, -0.5795, -1.0599, -0.9496|1060
40|1.3217, 1.2133, -1.0711, -0.5731, -1.1634, -0.5843, -1.0679, -0.9651|500
41|1.3251, 1.2256, -1.0634, -0.6008, -1.1576, -0.5734, -1.0421, -0.9810|0
42|1.3333, 1.2091, -1.0502, -0.5716, -1.1591, -0.5703, -1.0213, -0.9688|200
43|1.3411, 1.2143, -1.0685, -0.5908, -1.1688, -0.5896, -1.0013, -0.9505|180
44|1.3733, 1.1993, -1.0634, -0.6040, -1.1501, -0.6084, -0.9950, -0.9536|80
45|1.3912, 1.2044, -1.0575, -0.5757, -1.1608, -0.6310, -1.0054, -0.9580|160
46|1.3954, 1.1722, -1.0624, -0.5806, -1.1687, -0.6296, -0.9975, -0.9783|640
47|1.4065, 1.1412, -1.0786, -0.5879, -1.1820, -0.6060, -1.0460, -0.9667|160
48|1.4227, 1.1349, -1.0606, -0.6256, -1.1686, -0.6207, -1.0558, -0.9675|200
49|1.4393, 1.1181, -1.0623, -0.6270, -1.1586, -0.6156, -1.0508, -0.9746|320
50|1.4609, 1.1536, -1.0487, -0.6076, -1.1674, -0.6155, -1.0546, -0.9782|40
51|1.4761, 1.1631, -1.0550, -0.6201, -1.1727, -0.6189, -1.0411, -0.9775|560
52|1.4698, 1.1482, -1.0662, -0.5926, -1.1696, -0.6060, -1.0636, -0.9442|80
53|1.4763, 1.1687, -1.0472, -0.5922, -1.1779, -0.6115, -1.0593, -0.9303|360
54|1.4658, 1.1902, -1.0696, -0.5750, -1.1726, -0.6451, -1.0750, -0.9392|640
55|1.4630, 1.2018, -1.0878, -0.5794, -1.1774, -0.6539, -1.0801, -0.9626|200
56|1.4483, 1.2004, -1.1066, -0.5761, -1.1800, -0.6626, -1.0986, -0.9607|120
57|1.4536, 1.2108, -1.0961, -0.6068, -1.1757, -0.6601, -1.1132, -0.9745|200
58|1.4708, 1.1987, -1.1335, -0.5977, -1.1724, -0.6421, -1.1106, -0.9623|1380
59|1.4964, 1.2020, -1.1045, -0.6115, -1.1765, -0.6464, -1.0925, -0.9416|320
60|1.5034, 1.1981, -1.1146, -0.6210, -1.1631, -0.6404, -1.0853, -0.9353|560
61|1.4931, 1.1617, -1.1120, -0.6301, -1.1651, -0.6403, -1.1016, -0.9194|200
62|1.4820, 1.1546, -1.0998, -0.6328, -1.1845, -0.6201, -1.1170, -0.9298|280
63|1.4696, 1.1538, -1.1050, -0.6180, -1.1819, -0.6342, -1.0852, -0.9432|360
64|1.4737, 1.1190, -1.1207, -0.6390, -1.1876, -0.6565, -1.0830, -0.9351|740
65|1.4693, 1.1338, -1.1215, -0.6353, -1.1825, -0.6623, -1.0534, -0.9345|320
66|1.4744, 1.1461, -1.1054, -0.6567, -1.1896, -0.6567, -1.0501, -0.9052|220
67|1.4910, 1.1383, -1.0788, -0.6650, -1.1844, -0.6604, -1.0251, -0.8988|560
68|1.4917, 1.1524, -1.0758, -0.6465, -1.1636, -0.6797, -1.0063, -0.8955|200
69|1.5098, 1.1449, -1.0643, -0.6430, -1.1579, -0.6715, -1.0193, -0.8898|360
70|1.5137, 1.1425, -1.1029, -0.6674, -1.1633, -0.6677, -1.0292, -0.8991|440
71|1.5091, 1.1328, -1.0942, -0.6706, -1.1766, -0.6902, -1.0060, -0.8992|360
72|1.5080, 1.1443, -1.1016, -0.6703, -1.1495, -0.6694, -1.0115, -0.9084|140
73|1.4831, 1.1459, -1.1031, -0.6616, -1.1671, -0.6886, -0.9977, -0.8587|520
74|1.4748, 1.1629, -1.0785, -0.6937, -1.1599, -0.6657, -0.9979, -0.8503|280
75|1.4842, 1.1425, -1.0700, -0.7116, -1.1459, -0.6588, -0.9810, -0.8413|540
76|1.5144, 1.1341, -1.0635, -0.7171, -1.1717, -0.6720, -0.9639, -0.8304|860
77|1.5149, 1.0912, -1.0638, -0.7347, -1.1679, -0.6616, -0.9649, -0.8098|200
78|1.5133, 1.0951, -1.0835, -0.7438, -1.1641, -0.6692, -0.9722, -0.8066|200
79|1.5053, 1.0830, -1.0727, -0.7729, -1.1508, -0.6681, -0.9996, -0.8075|520
80|1.4852, 1.0977, -1.0680, -0.7707, -1.1577, -0.6438, -0.9762, -0.8113|120
81|1.4854, 1.1000, -1.0526, -0.7654, -1.1701, -0.6778, -0.9475, -0.7865|260
82|1.4941, 1.1113, -1.0657, -0.7529, -1.1744, -0.6775, -0.9635, -0.7635|120
83|1.5193, 1.1170, -1.0861, -0.7549, -1.1863, -0.6665, -0.9597, -0.7593|120
84|1.5238, 1.1227, -1.0912, -0.7412, -1.1779, -0.6694, -0.9498, -0.7469|900
85|1.5207, 1.1300, -1.1003, -0.7500, -1.1791, -0.6841, -0.9491, -0.7427|640
86|1.5181, 1.1106, -1.1318, -0.7610, -1.1682, -0.6968, -0.9154, -0.7093|560
87|1.5062, 1.1106, -1.1525, -0.7518, -1.1787, -0.7168, -0.9280, -0.7156|380
88|1.4934, 1.0969, -1.1577, -0.7524, -1.1625, -0.7240, -0.9209, -0.7395|960
89|1.4749, 1.1189, -1.1585, -0.7693, -1.1557, -0.7231, -0.9163, -0.7293|620
90|1.4929, 1.1364, -1.1702, -0.7684, -1.1603, -0.7419, -0.9366, -0.7213|620
91|1.5075, 1.1202, -1.1660, -0.7465, -1.1772, -0.7376, -0.9160, -0.7351|560
92|1.5113, 1.1187, -1.1531, -0.7375, -1.1741, -0.7432, -0.9380, -0.7356|160
93|1.5207, 1.0905, -1.1369, -0.7438, -1.1679, -0.7279, -0.9163, -0.7289|640
94|1.5386, 1.0801, -1.1557, -0.7649, -1.1326, -0.7098, -0.9016, -0.7028|620
95|1.5272, 1.0631, -1.1467, -0.7717, -1.1317, -0.7229, -0.8841, -0.7250|840
96|1.5360, 1.0789, -1.1732, -0.7638, -1.1123, -0.7306, -0.8813, -0.7178|700
97|1.5204, 1.0694, -1.1823, -0.7559, -1.1119, -0.7139, -0.8946, -0.7079|560
98|1.5348, 1.0798, -1.1645, -0.7589, -1.0947, -0.6919, -0.8855, -0.6942|680
99|1.5477, 1.0800, -1.1862, -0.7541, -1.0928, -0.6516, -0.9202, -0.6946|240
