0|-1.1602, 0.4144, -1.3331, 0.4560, -0.8195, -0.4987, -0.7679, -0.4146|0
1|-1.1578, 0.4057, -1.3219, 0.4531, -0.8250, -0.4982, -0.7763, -0.4165|0
2|-1.1571, 0.3994, -1.3265, 0.4490, -0.8265, -0.4956, -0.7771, -0.4136|0
3|-1.1521, 0.3942, -1.3268, 0.4384, -0.8273, -0.4945, -0.7731, -0.4168|0
4|-1.1502, 0.4033, -1.3307, 0.4309, -0.8342, -0.5010, -0.7730, -0.4111|0
5|-1.1506, 0.4095, -1.3269, 0.4303, -0.8368, -0.4958, -0.7751, -0.4153|0
6|-1.1497, 0.4083, -1.3260, 0.4181, -0.8409, -0.4950, -0.7782, -0.4178|40
7|-1.1526, 0.4008, -1.3347, 0.4130, -0.8452, -0.5004, -0.7774, -0.4149|0
8|-1.1491, 0.4058, -1.3333, 0.4076, -0.8461, -0.4975, -0.7783, -0.4213|40
9|-1.1450, 0.4102, -1.3411, 0.4111, -0.8536, -0.4848, -0.7795, -0.4155|40
10|-1.1439, 0.4145, -1.3396, 0.4127, -0.8553, -0.4895, -0.7817, -0.4198|0
11|-1.1392, 0.4107, -1.3476, 0.4094, -0.8555, -0.4891, -0.7750, -0.4211|0
12|-1.1347, 0.4120, -1.3544, 0.4024, -0.8588, -0.4887, -0.7721, -0.4229|0
13|-1.1332, 0.4121, -1.3552, 0.3928, -0.8619, -0.4939, -0.7613, -0.4269|0
14|-1.1316, 0.4061, -1.3477, 0.3799, -0.8678, -0.4974, -0.7538, -0.4213|40
15|-1.1306, 0.4083, -1.3540, 0.3874, -0.8713, -0.4986, -0.7573, -0.4157|40
16|-1.1263, 0.4065, -1.3543, 0.3747, -0.8737, -0.5010, -0.7527, -0.4151|0
17|-1.1219, 0.4058, -1.3618, 0.3634, -0.8810, -0.5061, -0.7429, -0.4227|0
18|-1.1289, 0.4063, -1.3620, 0.3648, -0.8839, -0.5054, -0.7442, -0.4225|40
19|-1.1231, 0.3968, -1.3611, 0.3660, -0.8780, -0.5038, -0.7390, -0.4266|200
20|-1.1304, 0.3964, -1.3651, 0.3553, -0.8844, -0.5028, -0.7345, -0.4297|0
21|-1.1307, 0.3982, -1.3720, 0.3465, -0.8892, -0.4997, -0.7265, -0.4328|40
22|-1.1383, 0.3954, -1.3733, 0.3430, -0.8912, -0.4957, -0.7386, -0.4397|0
23|-1.1437, 0.3916, -1.3742, 0.3373, -0.8925, -0.4932, -0.7366, -0.4305|80
24|-1.1444, 0.3918, -1.3802, 0.3354, -0.8947, -0.4991, -0.7459, -0.4254|40
25|-1.1517, 0.3928, -1.3830, 0.3308, -0.8958, -0.4966, -0.7484, -0.4194|0
26|-1.1572, 0.4008, -1.3863, 0.3233, -0.9032, -0.4964, -0.7447, -0.4140|220
27|-1.1506, 0.4007, -1.3931, 0.3256, -0.9016, -0.4962, -0.7441, -0.4108|80
28|-1.1463, 0.4017, -1.3958, 0.3187, -0.9029, -0.4983, -0.7426, -0.4062|40
29|-1.1479, 0.4030, -1.4018, 0.3166, -0.9031, -0.4987, -0.7397, -0.4061|40
30|-1.1432, 0.4047, -1.4016, 0.3129, -0.8985, -0.5024, -0.7389, -0.4118|0
31|-1.1413, 0.4200, -1.4019, 0.3090, -0.8989, -0.4972, -0.7358, -0.4113|0
32|-1.1342, 0.4174, -1.4061, 0.3043, -0.8983, -0.5042, -0.7325, -0.4056|180
33|-1.1347, 0.4143, -1.4020, 0.2914, -0.8949, -0.5074, -0.7161, -0.4076|0
34|-1.1410, 0.4072, -1.3881, 0.2895, -0.8910, -0.4923, -0.7161, -0.4083|0
35|-1.1477, 0.4075, -1.3826, 0.2815, -0.8900, -0.4962, -0.7129, -0.4081|0
36|-1.1519, 0.4066, -1.3921, 0.2753, -0.8959, -0.4927, -0.7161, -0.4071|0
37|-1.1478, 0.4045, -1.3893, 0.2697, -0.8894, -0.4931, -0.7197, -0.3979|0
38|-1.1531, 0.4040, -1.3867, 0.2600, -0.8814, -0.4965, -0.7156, -0.4082|0
39|-1.1592, 0.4058, -1.3827, 0.2523, -0.8829, -0.5023, -0.7119, -0.4139|0
40|-1.1443, 0.4084, -1.3838, 0.2397, -0.8831, -0.5093, -0.7073, -0.4213|40
41|-1.1398, 0.4151, -1.3883, 0.2376, -0.8814, -0.5099, -0.7116, -0.4247|560
42|-1.1460, 0.4057, -1.3887, 0.2309, -0.8820, -0.5115, -0.7121, -0.4323|0
43|-1.1439, 0.4069, -1.4001, 0.2143, -0.8709, -0.5145, -0.7023, -0.4366|40
44|-1.1416, 0.4126, -1.4030, 0.2123, -0.8708, -0.5147, -0.7074, -0.4415|200
45|-1.1372, 0.4111, -1.4009, 0.2105, -0.8837, -0.5108, -0.7012, -0.4415|80
46|-1.1356, 0.4163, -1.4027, 0.1983, -0.8908, -0.5064, -0.6981, -0.4313|0
47|-1.1390, 0.4123, -1.4070, 0.1900, -0.8905, -0.5058, -0.6995, -0.4311|40
48|-1.1399, 0.4078, -1.4131, 0.1866, -0.8956, -0.5039, -0.6913, -0.4320|180
49|-1.1388, 0.4093, -1.4129, 0.1832, -0.8927, -0.5050, -0.6886, -0.4394|120
50|-1.1298, 0.4077, -1.4195, 0.1794, -0.8944, -0.5019, -0.6783, -0.4420|0
51|-1.1289, 0.4092, -1.4211, 0.1705, -0.8997, -0.5076, -0.6804, -0.4394|40
52|-1.1260, 0.4102, -1.4245, 0.1693, -0.9096, -0.5186, -0.6827, -0.4376|80
53|-1.1291, 0.4121, -1.4218, 0.1603, -0.9156, -0.5205, -0.6799, -0.4405|0
54|-1.1262, 0.4079, -1.4205, 0.1554, -0.9211, -0.5173, -0.6720, -0.4478|160
55|-1.1295, 0.4001, -1.4309, 0.1485, -0.9287, -0.5256, -0.6667, -0.4556|0
56|-1.1335, 0.3984, -1.4221, 0.1423, -0.9256, -0.5262, -0.6684, -0.4549|40
57|-1.1312, 0.3993, -1.4242, 0.1391, -0.9180, -0.5388, -0.6671, -0.4545|240
58|-1.1346, 0.3989, -1.4184, 0.1335, -0.9163, -0.5449, -0.6698, -0.4513|100
59|-1.1405, 0.3924, -1.4196, 0.1217, -0.9225, -0.5541, -0.6673, -0.4577|40
60|-1.1444, 0.3966, -1.4267, 0.1093, -0.9275, -0.5621, -0.6686, -0.4593|40
61|-1.1434, 0.3868, -1.4245, 0.0954, -0.9257, -0.5651, -0.6686, -0.4624|120
62|-1.1390, 0.3855, -1.4325, 0.0887, -0.9220, -0.5781, -0.6735, -0.4630|0
63|-1.1401, 0.3837, -1.4337, 0.0832, -0.9180, -0.5743, -0.6763, -0.4702|0
64|-1.1317, 0.3757, -1.4392, 0.0694, -0.9175, -0.5743, -0.6796, -0.4645|0
65|-1.1264, 0.3661, -1.4431, 0.0668, -0.9122, -0.5697, -0.6823, -0.4661|40
66|-1.1193, 0.3630, -1.4465, 0.0657, -0.9180, -0.5702, -0.6811, -0.4722|40
67|-1.1239, 0.3642, -1.4438, 0.0593, -0.9201, -0.5827, -0.6792, -0.4804|100
68|-1.1186, 0.3748, -1.4486, 0.0482, -0.9261, -0.5801, -0.6819, -0.4790|120
69|-1.1199, 0.3758, -1.4549, 0.0433, -0.9335, -0.5831, -0.6791, -0.4780|200
70|-1.1103, 0.3785, -1.4621, 0.0315, -0.9295, -0.5884, -0.6843, -0.4785|180
71|-1.1069, 0.3824, -1.4639, 0.0293, -0.9314, -0.6003, -0.6749, -0.4754|40
72|-1.1084, 0.3808, -1.4628, 0.0248, -0.9263, -0.6043, -0.6745, -0.4829|120
73|-1.1077, 0.3771, -1.4716, 0.0184, -0.9274, -0.6091, -0.6775, -0.4824|0
74|-1.0976, 0.3640, -1.4766, 0.0088, -0.9232, -0.6129, -0.6805, -0.4778|40
75|-1.0943, 0.3634, -1.4797, 0.0068, -0.9238, -0.6179, -0.6841, -0.4815|120
76|-1.0926, 0.3500, -1.4870, -0.0001, -0.9220, -0.6189, -0.6910, -0.4857|220
77|-1.0947, 0.3462, -1.4900, 0.0052, -0.9227, -0.6281, -0.6894, -0.4822|240
78|-1.1019, 0.3438, -1.4851, -0.0063, -0.9223, -0.6313, -0.6927, -0.4770|0
79|-1.0951, 0.3364, -1.4786, -0.0134, -0.9221, -0.6271, -0.6961, -0.4884|360
80|-1.0993, 0.3280, -1.4744, -0.0157, -0.9196, -0.6317, -0.7018, -0.4958|0
81|-1.0898, 0.3291, -1.4804, -0.0081, -0.9163, -0.6272, -0.6950, -0.4954|160
82|-1.0795, 0.3285, -1.4892, -0.0128, -0.9179, -0.6300, -0.6935, -0.4949|100
83|-1.0650, 0.3255, -1.4989, -0.0140, -0.9190, -0.6349, -0.6927, -0.4881|400
84|-1.0670, 0.3276, -1.5001, -0.0166, -0.9216, -0.6323, -0.6973, -0.4861|240
85|-1.0679, 0.3310, -1.4907, -0.0266, -0.9265, -0.6373, -0.6972, -0.4867|160
86|-1.0729, 0.3317, -1.4919, -0.0302, -0.9260, -0.6491, -0.6952, -0.4957|160
87|-1.0634, 0.3361, -1.4912, -0.0283, -0.9165, -0.6586, -0.6973, -0.4936|200
88|-1.0655, 0.3296, -1.4935, -0.0353, -0.9165, -0.6581, -0.7005, -0.4979|80
89|-1.0647, 0.3243, -1.4927, -0.0382, -0.9117, -0.6607, -0.7017, -0.4976|80
90|-1.0621, 0.3212, -1.4879, -0.0428, -0.9044, -0.6662, -0.6999, -0.5055|160
91|-1.0660, 0.3177, -1.4906, -0.0462, -0.9080, -0.6722, -0.6985, -0.5122|320
92|-1.0701, 0.3199, -1.4901, -0.0529, -0.9121, -0.6662, -0.6964, -0.5143|80
93|-1.0676, 0.3142, -1.4876, -0.0564, -0.9128, -0.6626, -0.6919, -0.5160|80
94|-1.0631, 0.3078, -1.4854, -0.0535, -0.9198, -0.6650, -0.6870, -0.5142|240
95|-1.0571, 0.3037, -1.4888, -0.0484, -0.9206, -0.6727, -0.6846, -0.5258|0
96|-1.0492, 0.3013, -1.4845, -0.0495, -0.9270, -0.6695, -0.6963, -0.5246|40
97|-1.0491, 0.3053, -1.4795, -0.0543, -0.9296, -0.6703, -0.6881, -0.5213|120
98|-1.0440, 0.3030, -1.4778, -0.0505, -0.9350, -0.6734, -0.6944, -0.5326|80
99|-1.0434, 0.3017, -1.4820, -0.0611, -0.9330, -0.6724, -0.6914, -0.5333|160
