0|-0.3116, -1.3211, -0.1703, -1.0501, 0.7404, 0.8815, -0.2420, -0.3532|500
1|-0.3107, -1.3126, -0.1989, -1.0669, 0.7191, 0.8579, -0.2565, -0.3547|0
2|-0.3069, -1.3089, -0.2380, -1.1003, 0.7048, 0.8344, -0.2539, -0.3615|40
3|-0.2977, -1.3280, -0.2511, -1.1088, 0.6759, 0.8061, -0.2411, -0.3626|0
4|-0.2906, -1.3092, -0.2569, -1.1330, 0.6526, 0.7759, -0.2493, -0.3491|40
5|-0.2826, -1.3252, -0.2708, -1.1376, 0.6474, 0.7464, -0.2530, -0.3457|540
6|-0.3006, -1.3139, -0.2797, -1.1495, 0.6367, 0.7277, -0.2476, -0.3444|340
7|-0.2769, -1.3211, -0.2869, -1.1493, 0.6191, 0.7079, -0.2358, -0.3446|160
8|-0.2539, -1.3328, -0.3066, -1.1713, 0.5895, 0.6950, -0.2239, -0.3333|460
9|-0.2601, -1.3176, -0.3104, -1.1849, 0.5692, 0.6626, -0.2225, -0.3202|140
10|-0.2460, -1.3396, -0.3272, -1.1779, 0.5457, 0.6306, -0.2042, -0.3087|580
11|-0.2245, -1.3283, -0.3408, -1.2119, 0.5186, 0.6283, -0.2011, -0.2974|400
12|-0.2176, -1.3480, -0.3621, -1.2231, 0.4923, 0.6190, -0.2067, -0.3039|320
13|-0.2039, -1.3583, -0.3882, -1.2106, 0.4687, 0.6117, -0.1896, -0.2981|700
14|-0.2031, -1.3819, -0.3940, -1.2203, 0.4790, 0.5999, -0.1890, -0.2802|540
15|-0.2160, -1.3934, -0.3941, -1.2225, 0.4662, 0.5970, -0.1972, -0.2690|600
16|-0.2193, -1.4007, -0.4165, -1.2272, 0.4423, 0.5992, -0.1888, -0.2372|40
17|-0.2018, -1.4112, -0.4474, -1.2199, 0.4203, 0.6116, -0.1853, -0.2278|280
18|-0.2013, -1.4290, -0.4589, -1.2122, 0.4106, 0.5957, -0.1817, -0.2119|540
19|-0.1824, -1.4439, -0.4613, -1.2254, 0.4131, 0.5855, -0.1651, -0.1965|40
20|-0.1748, -1.4516, -0.4649, -1.2188, 0.3960, 0.5997, -0.1552, -0.1874|340
21|-0.1716, -1.4649, -0.4797, -1.2198, 0.3734, 0.6091, -0.1557, -0.1577|440
22|-0.1529, -1.4511, -0.4789, -1.2150, 0.3539, 0.5993, -0.1493, -0.1529|820
23|-0.1321, -1.4677, -0.4857, -1.2165, 0.3339, 0.5894, -0.1495, -0.1429|420
24|-0.1298, -1.4760, -0.4917, -1.2125, 0.3206, 0.5943, -0.1590, -0.1155|120
25|-0.1118, -1.4686, -0.4995, -1.2157, 0.3076, 0.5910, -0.1507, -0.1131|640
26|-0.0973, -1.4806, -0.5071, -1.2262, 0.2900, 0.5851, -0.1506, -0.0954|220
27|-0.0961, -1.4825, -0.5267, -1.2042, 0.2880, 0.5626, -0.1430, -0.0791|820
28|-0.0942, -1.5001, -0.5264, -1.1881, 0.2826, 0.5479, -0.1580, -0.0923|1960
29|-0.0961, -1.5004, -0.5422, -1.1766, 0.2777, 0.5356, -0.1575, -0.0827|1180
30|-0.0759, -1.5075, -0.5364, -1.1523, 0.2936, 0.5372, -0.1538, -0.0847|240
31|-0.0632, -1.5112, -0.5564, -1.1612, 0.2804, 0.5288, -0.1703, -0.0853|520
32|-0.0591, -1.4992, -0.5751, -1.1488, 0.2721, 0.5250, -0.1636, -0.0753|680
33|-0.0451, -1.5159, -0.5894, -1.1389, 0.2494, 0.5130, -0.1566, -0.0694|1020
34|-0.0624, -1.5216, -0.5813, -1.1156, 0.2561, 0.4928, -0.1487, -0.0627|660
35|-0.0520, -1.5166, -0.5952, -1.1023, 0.2356, 0.4781, -0.1467, -0.0465|780
36|-0.0342, -1.5229, -0.5833, -1.0875, 0.2254, 0.4625, -0.1310, -0.0356|2440
37|-0.0070, -1.5301, -0.5870, -1.0853, 0.2075, 0.4550, -0.1356, -0.0269|480
38|-0.0072, -1.5429, -0.5894, -1.0826, 0.2024, 0.4435, -0.1316, -0.0287|2180
39|-0.0095, -1.5549, -0.6018, -1.0610, 0.1750, 0.4191, -0.1234, -0.0414|140
40|-0.0042, -1.5808, -0.6137, -1.0516, 0.1564, 0.4091, -0.1052, -0.0275|320
41|-0.0085, -1.5946, -0.6167, -1.0422, 0.1537, 0.4042, -0.1021, -0.0315|1460
42|-0.0090, -1.6083, -0.6022, -1.0218, 0.1616, 0.4085, -0.0914, -0.0215|1220
43|-0.0056, -1.6199, -0.5957, -1.0141, 0.1661, 0.4008, -0.0863, -0.0168|1160
44|0.0081, -1.6305, -0.6073, -0.9956, 0.1656, 0.3839, -0.0980, -0.0259|1700
45|0.0133, -1.6408, -0.6180, -0.9888, 0.1759, 0.3733, -0.0909, -0.0175|220
46|0.0144, -1.6520, -0.6239, -0.9769, 0.1721, 0.3666, -0.0801, -0.0137|2280
47|0.0045, -1.6645, -0.6246, -0.9678, 0.1676, 0.3594, -0.0847, -0.0280|2460
48|0.0247, -1.6803, -0.6308, -0.9584, 0.1725, 0.3655, -0.0577, -0.0246|2480
49|0.0379, -1.6972, -0.6351, -0.9496, 0.1812, 0.3621, -0.0505, -0.0241|3920
50|0.0370, -1.6992, -0.6456, -0.9248, 0.1847, 0.3614, -0.0599, -0.0023|680
51|0.0452, -1.7095, -0.6383, -0.9001, 0.1739, 0.3597, -0.0440, -0.0024|660
52|0.0376, -1.7203, -0.6286, -0.8954, 0.1610, 0.3561, -0.0522, 0.0033|1620
53|0.0590, -1.7460, -0.6315, -0.8769, 0.1525, 0.3458, -0.0660, 0.0117|1500
54|0.0820, -1.7558, -0.6222, -0.8790, 0.1655, 0.3383, -0.0576, 0.0129|1880
55|0.0890, -1.7573, -0.6007, -0.8666, 0.1755, 0.3374, -0.0650, 0.0247|760
56|0.1064, -1.7588, -0.6049, -0.8351, 0.1619, 0.3332, -0.0651, 0.0429|740
57|0.1140, -1.7652, -0.6202, -0.8356, 0.1725, 0.3384, -0.0711, 0.0603|1600
58|0.1106, -1.7737, -0.6198, -0.8179, 0.1599, 0.3099, -0.0684, 0.0614|2680
59|0.1072, -1.7848, -0.6162, -0.8112, 0.1451, 0.2908, -0.0553, 0.0727|1760
60|0.0992, -1.7792, -0.5982, -0.8004, 0.1468, 0.2799, -0.0487, 0.0778|5160
61|0.1122, -1.7898, -0.5880, -0.7775, 0.1377, 0.2753, -0.0426, 0.0852|5560
62|0.1363, -1.7907, -0.5807, -0.7507, 0.1487, 0.2758, -0.0310, 0.0850|1780
63|0.1498, -1.7960, -0.5711, -0.7603, 0.1588, 0.2736, -0.0178, 0.0748|1460
64|0.1581, -1.8094, -0.5568, -0.7551, 0.1578, 0.2732, -0.0192, 0.0860|1140
65|0.1645, -1.8074, -0.5611, -0.7394, 0.1766, 0.2605, -0.0196, 0.0837|2520
66|0.1655, -1.8095, -0.5535, -0.7080, 0.1768, 0.2518, 0.0004, 0.0757|5720
67|0.1702, -1.8063, -0.5369, -0.7125, 0.1693, 0.2496, 0.0134, 0.0771|140
68|0.1770, -1.8084, -0.5269, -0.7100, 0.1670, 0.2372, 0.0277, 0.0657|1280
69|0.1952, -1.8174, -0.5169, -0.6997, 0.1542, 0.2175, 0.0169, 0.0933|7720
70|0.2400, -1.8219, -0.4923, -0.6931, 0.1474, 0.2272, 0.0129, 0.0927|3400
71|0.2613, -1.8353, -0.4955, -0.6613, 0.1631, 0.2213, 0.0217, 0.1170|20400
72|0.2750, -1.8258, -0.4928, -0.6437, 0.1532, 0.2173, 0.0237, 0.1384|14720
73|0.2850, -1.8471, -0.4666, -0.6343, 0.1541, 0.2254, 0.0123, 0.1360|4260
74|0.2874, -1.8600, -0.4623, -0.6367, 0.1375, 0.2199, 0.0114, 0.1383|9940
75|0.3014, -1.8661, -0.4517, -0.6176, 0.1459, 0.2277, 0.0240, 0.1386|8220
76|0.3105, -1.8682, -0.4309, -0.6048, 0.1333, 0.2271, 0.0386, 0.1541|43060
77|0.3333, -1.8722, -0.4190, -0.5873, 0.1391, 0.2112, 0.0296, 0.1559|13060
78|0.3641, -1.9004, -0.4068, -0.5865, 0.1347, 0.2091, 0.0388, 0.1628|17140
79|0.3698, -1.9182, -0.3812, -0.5796, 0.1271, 0.2067, 0.0540, 0.1871|5480
80|0.3871, -1.9213, -0.3684, -0.5793, 0.1271, 0.1962, 0.0430, 0.1831|20920
81|0.3926, -1.9460, -0.3466, -0.5764, 0.1114, 0.1946, 0.0503, 0.1996|2500
82|0.4014, -1.9563, -0.3188, -0.5678, 0.0954, 0.1974, 0.0530, 0.1867|15660
83|0.4091, -1.9534, -0.2949, -0.5362, 0.0928, 0.2087, 0.0639, 0.1993|1400
84|0.4265, -1.9391, -0.2786, -0.5336, 0.0873, 0.2076, 0.0714, 0.2075|25060
85|0.4572, -1.9388, -0.2600, -0.5102, 0.0741, 0.2103, 0.0722, 0.2008|11760
86|0.4581, -1.9413, -0.2378, -0.4958, 0.0705, 0.1987, 0.0683, 0.2034|9680
87|0.4761, -1.9602, -0.2171, -0.4928, 0.0566, 0.1839, 0.0631, 0.1852|10980
88|0.4993, -1.9616, -0.2011, -0.4665, 0.0445, 0.1773, 0.0778, 0.1961|98460
89|0.4929, -1.9639, -0.1902, -0.4598, 0.0507, 0.1704, 0.0714, 0.1995|12040
90|0.4866, -1.9549, -0.1633, -0.4372, 0.0539, 0.1658, 0.0935, 0.1918|52240
91|0.4923, -1.9675, -0.1421, -0.4263, 0.0374, 0.1614, 0.0848, 0.1912|13360
92|0.4907, -1.9721, -0.1254, -0.4143, 0.0349, 0.1467, 0.0821, 0.1989|227540
93|0.5052, -1.9677, -0.1027, -0.4041, 0.0279, 0.1449, 0.0864, 0.1954|88960
94|0.5313, -1.9783, -0.0981, -0.3985, 0.0332, 0.1250, 0.0765, 0.2082|83480
95|0.5235, -1.9785, -0.0928, -0.3803, 0.0181, 0.1114, 0.0834, 0.1993|41200
96|0.5498, -1.9852, -0.0835, -0.3643, 0.0029, 0.0936, 0.0824, 0.1814|1400
97|0.5379, -1.9902, -0.0791, -0.3584, 0.0046, 0.0930, 0.0780, 0.1817|94840
98|0.5373, -1.9850, -0.0907, -0.3584, -0.0083, 0.0848, 0.0817, 0.1563|212720
99|0.5488, -1.9891, -0.0935, -0.3416, -0.0087, 0.0776, 0.0736, 0.1675|94340
