0|1.0086, 0.5939, -0.5703, 1.1098, -0.6058, -0.4291, 0.4816, -0.2681|0
1|1.0411, 0.6387, -0.5346, 0.9443, -0.7141, -0.4517, 0.5147, -0.2675|0
2|1.0428, 0.5737, -0.6217, 0.8654, -0.7645, -0.4127, 0.5382, -0.3238|0
3|1.0320, 0.5509, -0.6636, 0.8334, -0.8296, -0.4962, 0.5734, -0.4410|40
4|0.9725, 0.5114, -0.6391, 0.7986, -0.8914, -0.5135, 0.5544, -0.4700|40
5|0.9506, 0.5482, -0.6507, 0.7756, -0.9526, -0.5471, 0.5742, -0.4890|40
6|0.9799, 0.6221, -0.6853, 0.7427, -0.9499, -0.6668, 0.5659, -0.4535|0
7|1.0011, 0.5933, -0.8255, 0.7566, -0.9854, -0.7337, 0.5225, -0.4395|40
8|0.9940, 0.5531, -0.8674, 0.6420, -0.9745, -0.6951, 0.4914, -0.4795|40
9|0.8795, 0.5565, -0.9208, 0.5993, -1.0852, -0.6464, 0.4730, -0.4105|40
10|0.9144, 0.4667, -0.9378, 0.5172, -1.1519, -0.6590, 0.4495, -0.4404|40
11|0.9019, 0.4567, -0.9648, 0.3981, -1.2248, -0.6748, 0.4218, -0.4023|80
12|0.8919, 0.4656, -0.9206, 0.2484, -1.2200, -0.6787, 0.3334, -0.3573|80
13|0.9301, 0.4651, -0.8879, 0.1027, -1.1612, -0.6644, 0.3485, -0.3674|120
14|0.9687, 0.3208, -0.8875, -0.1054, -1.2310, -0.7241, 0.3593, -0.3668|160
15|1.0204, 0.3042, -0.9008, -0.2459, -1.1517, -0.7908, 0.4132, -0.3271|80
16|0.9464, 0.2461, -0.8738, -0.3323, -1.1344, -0.7891, 0.3976, -0.4563|420
17|0.9703, 0.2296, -0.8917, -0.2701, -1.0602, -0.7921, 0.3961, -0.4895|480
18|1.0085, 0.1549, -0.9058, -0.3290, -1.0481, -0.7951, 0.4341, -0.4357|840
19|0.9941, 0.1614, -0.8976, -0.4472, -1.0614, -0.7834, 0.4448, -0.3964|580
20|1.0662, 0.0768, -0.9138, -0.5667, -1.1444, -0.7226, 0.4760, -0.3516|840
21|1.0790, -0.0778, -0.8508, -0.6262, -1.1499, -0.6370, 0.5553, -0.3023|840
22|1.0373, -0.2220, -0.8898, -0.6313, -1.1326, -0.6883, 0.5889, -0.2738|500
23|1.0644, -0.2803, -0.9560, -0.6474, -1.1601, -0.6163, 0.5538, -0.2174|240
24|1.1143, -0.3305, -0.9244, -0.7095, -1.0459, -0.5455, 0.5523, -0.2441|760
25|1.1222, -0.3656, -0.9877, -0.7204, -1.0534, -0.4321, 0.6339, -0.2319|280
26|1.1766, -0.3797, -0.9984, -0.7005, -0.9712, -0.4470, 0.6728, -0.2613|640
27|1.2049, -0.4201, -1.0203, -0.6949, -0.9445, -0.4382, 0.6569, -0.3347|500
28|1.2098, -0.3721, -1.0347, -0.7389, -0.8987, -0.4625, 0.7086, -0.3760|240
29|1.1958, -0.4543, -1.0352, -0.7211, -0.9609, -0.4374, 0.6698, -0.3559|180
30|1.3220, -0.4655, -0.9848, -0.6986, -0.9699, -0.3852, 0.7083, -0.3510|560
31|1.3301, -0.4778, -1.0016, -0.6899, -0.9736, -0.4340, 0.6191, -0.3282|740
32|1.3684, -0.5177, -0.9475, -0.6747, -0.8971, -0.5533, 0.6578, -0.3378|340
33|1.2625, -0.5615, -0.9714, -0.6469, -0.8597, -0.6222, 0.6642, -0.3693|1220
34|1.2170, -0.6233, -0.9078, -0.6129, -0.8323, -0.6531, 0.7615, -0.4064|2020
35|1.2443, -0.6567, -0.9085, -0.6512, -0.8835, -0.6666, 0.7137, -0.4035|1600
36|1.2380, -0.7432, -0.8959, -0.6224, -0.7737, -0.6740, 0.6564, -0.3428|1160
37|1.2869, -0.7184, -0.8773, -0.6340, -0.7161, -0.6623, 0.5101, -0.2636|1020
38|1.3414, -0.7953, -0.8810, -0.6213, -0.6797, -0.5432, 0.4533, -0.2367|2560
39|1.3084, -0.7276, -0.8899, -0.6084, -0.6499, -0.5909, 0.3852, -0.2309|2720
40|1.2808, -0.7913, -0.8554, -0.5861, -0.6644, -0.5906, 0.3913, -0.2079|920
41|1.2726, -0.8453, -0.8220, -0.4875, -0.6442, -0.5239, 0.3088, -0.1417|860
42|1.3023, -0.8927, -0.8218, -0.4608, -0.6567, -0.4224, 0.3135, -0.0308|1120
43|1.2877, -0.9403, -0.8696, -0.4107, -0.5930, -0.4623, 0.1912, 0.0170|1360
44|1.3441, -0.9883, -0.8176, -0.3712, -0.6160, -0.5048, 0.0919, 0.0167|820
45|1.2955, -1.0382, -0.8166, -0.4084, -0.5832, -0.4815, -0.0044, 0.0026|540
46|1.3414, -1.0854, -0.7768, -0.4351, -0.5794, -0.3730, -0.0296, -0.0306|2760
47|1.2885, -1.1730, -0.7403, -0.4057, -0.6649, -0.4124, -0.0099, -0.0287|1520
48|1.2397, -1.0955, -0.7310, -0.4662, -0.6240, -0.3716, 0.0231, -0.0252|3120
49|1.1714, -1.1957, -0.6548, -0.3568, -0.6032, -0.3449, 0.0091, -0.0159|1080
50|1.1821, -1.2477, -0.6653, -0.3905, -0.5864, -0.4177, -0.0908, 0.0763|7360
51|1.1614, -1.3374, -0.6068, -0.3529, -0.5120, -0.3564, -0.0962, 0.0706|2100
52|1.1374, -1.3859, -0.5756, -0.3728, -0.4380, -0.3318, -0.1198, 0.0841|1520
53|1.1684, -1.3705, -0.5738, -0.3426, -0.3933, -0.2845, -0.0859, 0.1444|1160
54|1.2273, -1.4969, -0.5716, -0.3126, -0.3992, -0.3133, -0.1315, 0.1575|3200
55|1.2033, -1.5690, -0.4660, -0.3552, -0.2879, -0.3293, -0.2521, 0.1957|3780
56|1.1377, -1.6177, -0.4416, -0.2662, -0.2822, -0.2021, -0.2637, 0.1859|8320
57|1.0874, -1.5969, -0.3895, -0.1880, -0.1908, -0.1523, -0.2590, 0.1116|17180
58|1.0981, -1.5898, -0.3469, -0.1812, -0.2392, -0.1154, -0.1898, 0.0142|4980
59|1.0696, -1.5732, -0.2405, -0.2342, -0.1698, -0.0505, -0.1653, 0.0314|2540
60|1.0491, -1.5863, -0.1885, -0.2130, -0.0924, 0.0474, -0.1837, 0.0500|65720
61|1.0919, -1.5136, -0.0580, -0.2754, -0.0454, 0.0019, -0.1102, 0.1291|140620
62|1.1631, -1.6109, -0.0853, -0.2464, -0.0287, 0.0769, -0.0088, 0.1605|510400
63|1.1795, -1.7051, -0.1082, -0.3086, -0.0776, 0.0463, -0.0281, 0.1367|12260
64|1.2216, -1.8133, -0.0734, -0.2030, -0.0345, 0.0381, -0.0764, 0.1613|104180
65|1.1992, -1.7900, -0.1203, -0.2462, -0.0733, 0.0335, -0.0739, 0.0981|57920
66|1.2231, -1.8588, -0.1036, -0.2217, 0.0371, 0.0292, -0.0964, 0.1250|41620
67|1.2869, -1.9172, -0.1200, -0.2551, -0.0766, -0.0018, -0.0551, 0.0338|42580
68|1.3003, -2.0322, -0.1573, -0.1857, -0.0791, 0.0548, -0.0992, 0.0991|302580
69|1.3029, -2.0134, -0.0200, -0.3277, -0.1162, -0.0936, -0.1112, 0.0984|61540
70|1.3511, -1.9834, -0.1439, -0.2190, -0.0970, -0.0173, -0.0454, 0.1134|40460
71|1.3148, -1.9615, -0.0549, -0.1781, -0.1033, -0.0130, -0.0651, 0.1251|489300
72|1.3705, -1.9405, -0.0746, -0.2327, -0.0985, -0.0478, -0.0271, 0.0610|24340
73|1.3517, -2.1239, -0.0830, -0.2136, -0.0897, 0.0206, -0.0210, 0.1217|120820
74|1.3006, -2.2229, -0.1071, -0.3308, -0.0458, 0.0139, -0.0560, 0.1031|136080
75|1.3728, -2.2384, -0.0899, -0.2097, -0.1268, 0.1262, 0.0418, 0.0452|103680
76|1.4056, -2.2944, -0.1712, -0.3288, -0.0619, -0.0254, 0.0122, 0.0684|91600
77|1.4341, -2.2014, -0.0944, -0.1926, -0.0050, -0.0208, -0.0712, 0.1257|306940
78|1.3988, -2.1827, -0.0527, -0.3284, -0.0698, -0.0141, -0.0455, 0.1222|240920
79|1.3290, -2.2059, -0.1356, -0.2778, -0.0178, 0.0059, -0.0239, 0.0557|74900
80|1.4172, -2.2752, -0.0967, -0.2696, -0.0764, 0.0794, 0.0172, -0.0039|121700
81|1.3967, -2.2661, -0.1556, -0.3156, -0.0610, 0.0350, -0.0334, -0.0106|2080
82|1.3532, -2.3815, -0.1581, -0.1956, -0.0849, 0.0237, 0.0068, 0.0188|36400
83|1.3742, -2.4963, -0.0798, -0.3384, -0.0377, -0.0161, -0.0395, 0.0509|292300
84|1.4204, -2.5087, -0.1209, -0.2119, -0.1424, 0.0317, -0.0499, 0.0520|107380
85|1.3929, -2.5186, -0.0736, -0.2652, -0.0748, -0.1221, 0.0406, 0.0507|197560
86|1.4525, -2.5070, 0.0096, -0.1077, -0.0806, 0.0012, -0.0045, -0.0145|102100
87|1.3746, -2.5052, -0.1081, -0.2686, -0.1070, -0.0203, -0.0886, 0.0634|239340
88|1.3212, -2.4797, -0.1083, -0.3230, -0.0433, 0.0389, -0.0672, 0.0956|366220
89|1.2733, -2.5568, -0.1119, -0.2758, -0.0669, 0.0004, -0.1338, 0.1768|741880
90|1.2857, -2.6408, -0.0790, -0.3091, -0.1140, 0.0091, -0.0874, 0.1313|69560
91|1.2624, -2.6771, -0.0967, -0.1860, -0.1233, -0.0528, -0.1306, 0.0723|557140
92|1.3126, -2.6928, -0.0193, -0.2936, -0.1318, -0.0553, -0.1223, 0.1262|119860
93|1.2979, -2.6601, -0.1267, -0.2602, -0.0745, 0.0244, -0.0826, 0.1049|481900
94|1.2424, -2.7279, -0.1318, -0.2725, -0.1645, -0.0421, -0.0823, 0.1319|97860
95|1.2162, -2.8258, -0.0873, -0.2492, -0.1085, -0.0137, -0.0976, 0.0806|248700
96|1.1758, -2.8348, -0.1002, -0.2701, -0.0768, 0.0188, -0.0603, 0.1520|895500
97|1.1429, -2.9351, -0.1323, -0.3365, -0.0997, -0.0332, -0.0702, 0.2450|40560
98|0.9982, -3.0567, -0.1027, -0.3398, -0.1289, 0.0487, -0.1119, 0.1323|2220
99|1.0278, -3.0360, -0.0734, -0.3217, -0.1241, 0.0557, -0.0412, 0.1473|206660
