0|0.1961, -1.3320, -0.9675, 1.2818, -1.1518, -0.0650, 0.2387, 0.8209|0
1|0.2235, -1.3539, -1.0009, 1.2250, -1.1686, -0.0771, 0.2168, 0.8030|0
2|0.2283, -1.3664, -0.9418, 1.2000, -1.2018, -0.0800, 0.2187, 0.8171|0
3|0.2550, -1.3753, -0.9528, 1.2204, -1.2460, -0.0914, 0.2050, 0.8380|0
4|0.2492, -1.3550, -0.9444, 1.1999, -1.2537, -0.1223, 0.1845, 0.8518|180
5|0.2653, -1.3607, -0.9490, 1.2106, -1.2586, -0.1206, 0.1878, 0.8559|0
6|0.2652, -1.3213, -0.9679, 1.2000, -1.2700, -0.1345, 0.2134, 0.8371|0
7|0.2620, -1.3190, -0.9461, 1.1723, -1.2926, -0.1413, 0.2092, 0.8167|0
8|0.2360, -1.3018, -0.9521, 1.1511, -1.3135, -0.1710, 0.1990, 0.8227|0
9|0.2315, -1.3038, -0.9685, 1.1285, -1.3262, -0.1740, 0.1767, 0.8545|0
10|0.2257, -1.2991, -0.9776, 1.1023, -1.3442, -0.1758, 0.1721, 0.8790|0
11|0.2391, -1.2916, -0.9470, 1.0671, -1.3212, -0.1877, 0.1708, 0.9038|0
12|0.2876, -1.2635, -0.9367, 1.0665, -1.3127, -0.2129, 0.1895, 0.9169|0
13|0.3079, -1.2604, -0.9252, 1.0451, -1.3122, -0.2208, 0.1657, 0.9317|40
14|0.2933, -1.2676, -0.8968, 1.0179, -1.2939, -0.2103, 0.1797, 0.9150|40
15|0.2989, -1.2778, -0.9128, 0.9987, -1.3286, -0.2180, 0.2082, 0.9011|0
16|0.3151, -1.2739, -0.8982, 0.9863, -1.3465, -0.2196, 0.1983, 0.9184|0
17|0.3015, -1.2645, -0.8760, 0.9967, -1.3620, -0.2183, 0.1765, 0.9144|40
18|0.2947, -1.2740, -0.8861, 0.9581, -1.3509, -0.2155, 0.1494, 0.9115|0
19|0.2754, -1.2887, -0.9271, 0.9435, -1.3673, -0.2744, 0.1628, 0.9064|0
20|0.2765, -1.2930, -0.9731, 0.9127, -1.3792, -0.2615, 0.1661, 0.8713|0
21|0.2890, -1.2834, -0.9668, 0.8885, -1.3638, -0.2668, 0.1799, 0.8869|0
22|0.2963, -1.3164, -0.9690, 0.8503, -1.3611, -0.2420, 0.1852, 0.8735|100
23|0.2809, -1.3253, -0.9888, 0.8324, -1.3627, -0.2196, 0.1719, 0.8619|40
24|0.2785, -1.3251, -1.0193, 0.8353, -1.3502, -0.1873, 0.1904, 0.8803|0
25|0.2795, -1.3209, -1.0130, 0.8119, -1.3968, -0.2137, 0.2068, 0.8654|40
26|0.2643, -1.3046, -1.0472, 0.7863, -1.4317, -0.1807, 0.1884, 0.8806|200
27|0.2580, -1.3072, -1.0403, 0.7488, -1.4436, -0.2096, 0.1798, 0.8757|0
28|0.3108, -1.2961, -1.0807, 0.6924, -1.4627, -0.2206, 0.1836, 0.8750|0
29|0.3077, -1.3557, -1.0731, 0.6879, -1.4851, -0.2334, 0.1945, 0.8945|0
30|0.3238, -1.3419, -1.0676, 0.6368, -1.4902, -0.2389, 0.2327, 0.9030|0
31|0.3248, -1.3124, -1.0506, 0.5933, -1.5041, -0.2511, 0.2548, 0.8981|0
32|0.3325, -1.3358, -1.0389, 0.5874, -1.4995, -0.2759, 0.2383, 0.8821|180
33|0.3815, -1.3162, -1.0560, 0.5495, -1.5313, -0.2919, 0.2550, 0.8756|40
34|0.3951, -1.3147, -1.0843, 0.4967, -1.5078, -0.2902, 0.2578, 0.8742|120
35|0.3923, -1.3361, -1.1068, 0.4668, -1.5127, -0.3037, 0.2486, 0.8668|120
36|0.3977, -1.3381, -1.1453, 0.3846, -1.4938, -0.3048, 0.2374, 0.8430|0
37|0.3826, -1.3080, -1.1690, 0.3809, -1.4633, -0.3070, 0.2412, 0.8340|40
38|0.4310, -1.3190, -1.1553, 0.3379, -1.4636, -0.3081, 0.3007, 0.8240|100
39|0.4163, -1.3690, -1.1523, 0.3112, -1.4671, -0.3303, 0.3180, 0.8071|380
40|0.4376, -1.3421, -1.1576, 0.2600, -1.4733, -0.3757, 0.3250, 0.8281|360
41|0.4415, -1.3334, -1.1584, 0.2025, -1.4348, -0.3965, 0.3107, 0.8207|80
42|0.4291, -1.3501, -1.1526, 0.1392, -1.4219, -0.4160, 0.3235, 0.8572|0
43|0.4016, -1.3855, -1.1642, 0.0788, -1.3847, -0.4172, 0.3129, 0.8540|400
44|0.3609, -1.3604, -1.1602, 0.0333, -1.3819, -0.4251, 0.2987, 0.8432|200
45|0.3623, -1.3492, -1.1485, -0.0364, -1.3945, -0.4471, 0.3025, 0.8245|140
46|0.3363, -1.3746, -1.1535, -0.0761, -1.3604, -0.4694, 0.3110, 0.8249|180
47|0.3541, -1.3746, -1.1575, -0.1536, -1.3589, -0.4952, 0.2919, 0.8047|80
48|0.3868, -1.3967, -1.1769, -0.2187, -1.3740, -0.5175, 0.2958, 0.8183|980
49|0.3839, -1.4275, -1.1840, -0.2453, -1.3795, -0.5439, 0.2839, 0.8035|300
50|0.3776, -1.4575, -1.1853, -0.2832, -1.3906, -0.5938, 0.2892, 0.8233|640
51|0.3599, -1.4586, -1.1774, -0.3468, -1.3980, -0.6314, 0.2974, 0.8000|1020
52|0.3434, -1.4960, -1.1546, -0.3906, -1.3949, -0.6125, 0.3071, 0.7988|1700
53|0.3439, -1.5296, -1.1303, -0.3972, -1.3984, -0.6010, 0.2909, 0.7918|1480
54|0.3345, -1.5486, -1.1266, -0.4414, -1.4086, -0.6225, 0.3084, 0.8000|1900
55|0.3301, -1.5609, -1.0998, -0.4697, -1.3784, -0.6323, 0.2873, 0.8123|780
56|0.3302, -1.5746, -1.1073, -0.5094, -1.3451, -0.6143, 0.2493, 0.8219|400
57|0.3342, -1.6014, -1.1056, -0.5486, -1.3085, -0.6301, 0.2660, 0.7870|1140
58|0.3178, -1.6044, -1.1055, -0.5703, -1.3036, -0.6187, 0.2477, 0.7839|1320
59|0.3619, -1.6090, -1.0593, -0.5905, -1.3101, -0.5701, 0.2338, 0.7517|380
60|0.3890, -1.6540, -1.0442, -0.5993, -1.2713, -0.5758, 0.2410, 0.7556|4300
61|0.3986, -1.6789, -1.0312, -0.6161, -1.2613, -0.5787, 0.2250, 0.7318|920
62|0.3832, -1.6916, -1.0028, -0.6273, -1.2767, -0.5839, 0.2374, 0.6845|2680
63|0.3659, -1.7150, -0.9939, -0.6195, -1.2943, -0.5972, 0.2393, 0.6908|1980
64|0.3820, -1.7204, -0.9958, -0.6176, -1.2942, -0.5860, 0.2231, 0.7149|780
65|0.3516, -1.7277, -0.9762, -0.6366, -1.3137, -0.5710, 0.2214, 0.6897|960
66|0.3829, -1.7192, -0.9646, -0.6374, -1.2844, -0.5210, 0.1698, 0.6717|2360
67|0.4001, -1.7521, -0.9573, -0.6741, -1.2607, -0.5128, 0.1615, 0.6560|2140
68|0.3990, -1.7582, -0.9154, -0.6774, -1.2302, -0.5058, 0.1428, 0.6540|2680
69|0.3976, -1.7708, -0.9607, -0.6751, -1.2162, -0.5126, 0.1677, 0.6765|440
70|0.3902, -1.7743, -0.9469, -0.6690, -1.1950, -0.5115, 0.1893, 0.6468|2020
71|0.4161, -1.7927, -0.9218, -0.6426, -1.1226, -0.5321, 0.1914, 0.6575|1220
72|0.4060, -1.7725, -0.9040, -0.6126, -1.1256, -0.5251, 0.1611, 0.6705|2120
73|0.4047, -1.8153, -0.8891, -0.6347, -1.1458, -0.5003, 0.1601, 0.6664|660
74|0.3890, -1.8449, -0.8648, -0.6842, -1.1423, -0.4884, 0.1415, 0.6570|880
75|0.4241, -1.8762, -0.8677, -0.6996, -1.1450, -0.5181, 0.1269, 0.6362|1280
76|0.4164, -1.9137, -0.8546, -0.7229, -1.1283, -0.5324, 0.1054, 0.5960|2000
77|0.4455, -1.9233, -0.8293, -0.7125, -1.1317, -0.5359, 0.0923, 0.5960|3040
78|0.4601, -1.9538, -0.8267, -0.7306, -1.0950, -0.5551, 0.1034, 0.6095|7740
79|0.4544, -1.9552, -0.8150, -0.7134, -1.0728, -0.5319, 0.0735, 0.6730|1160
80|0.4588, -1.9400, -0.8159, -0.7091, -1.0516, -0.5039, 0.0691, 0.6729|620
81|0.4678, -1.9891, -0.7830, -0.6967, -1.0326, -0.5004, 0.0645, 0.6719|1040
82|0.4839, -1.9813, -0.7710, -0.6641, -0.9968, -0.4762, 0.0891, 0.6890|2120
83|0.4778, -1.9847, -0.7834, -0.6569, -0.9801, -0.4685, 0.0918, 0.7174|3180
84|0.4703, -2.0030, -0.7578, -0.6553, -0.9746, -0.4620, 0.0983, 0.6947|2940
85|0.4852, -2.0194, -0.7448, -0.6598, -0.9726, -0.4742, 0.0815, 0.6887|1560
86|0.4777, -2.0282, -0.7292, -0.6563, -0.9580, -0.4629, 0.0446, 0.6959|3000
87|0.4950, -2.0238, -0.7156, -0.6708, -0.9315, -0.4564, 0.0410, 0.7341|4420
88|0.5064, -2.0330, -0.7119, -0.7022, -0.9350, -0.4626, 0.0532, 0.7441|1540
89|0.5428, -2.0396, -0.7113, -0.7250, -0.9289, -0.4575, 0.0568, 0.7373|1560
90|0.5665, -2.0416, -0.7214, -0.7279, -0.9146, -0.4485, 0.0685, 0.7238|1980
91|0.5823, -2.0579, -0.7526, -0.7358, -0.9188, -0.4407, 0.0553, 0.7218|1460
92|0.6126, -2.0860, -0.7684, -0.7289, -0.8978, -0.4408, 0.0481, 0.7017|880
93|0.6101, -2.1052, -0.7346, -0.7370, -0.8870, -0.4462, 0.0418, 0.6934|780
94|0.6038, -2.1068, -0.6777, -0.7265, -0.8652, -0.4266, 0.0071, 0.7374|6160
95|0.6290, -2.0981, -0.6743, -0.7050, -0.8446, -0.4422, 0.0071, 0.7449|5580
96|0.6153, -2.1111, -0.6282, -0.6926, -0.8422, -0.4070, 0.0442, 0.7070|1400
97|0.5991, -2.1302, -0.6293, -0.6793, -0.8761, -0.3824, 0.0333, 0.7035|1540
98|0.6019, -2.1288, -0.5997, -0.6687, -0.8624, -0.3927, 0.0240, 0.6890|1040
99|0.6116, -2.1266, -0.5550, -0.6647, -0.8419, -0.3591, 0.0421, 0.6910|4220
