0|-0.7287, -0.1096, 0.8191, -0.4620, -0.7521, -0.9990, -1.0670, -0.2235|0
1|-0.7325, -0.1177, 0.8144, -0.4620, -0.7426, -0.9995, -1.0591, -0.2268|0
2|-0.7282, -0.1187, 0.8091, -0.4600, -0.7497, -0.9948, -1.0571, -0.2261|0
3|-0.7262, -0.1171, 0.8143, -0.4629, -0.7488, -1.0024, -1.0580, -0.2350|40
4|-0.7286, -0.1146, 0.8065, -0.4683, -0.7417, -1.0014, -1.0632, -0.2274|0
5|-0.7275, -0.1199, 0.8026, -0.4726, -0.7538, -0.9923, -1.0647, -0.2285|0
6|-0.7300, -0.1147, 0.7926, -0.4751, -0.7442, -0.9988, -1.0635, -0.2217|0
7|-0.7284, -0.1198, 0.7917, -0.4828, -0.7428, -1.0002, -1.0616, -0.2286|40
8|-0.7313, -0.1231, 0.7799, -0.4877, -0.7501, -0.9987, -1.0613, -0.2344|0
9|-0.7312, -0.1147, 0.7774, -0.4915, -0.7541, -0.9989, -1.0555, -0.2329|40
10|-0.7225, -0.1123, 0.7673, -0.4978, -0.7534, -0.9976, -1.0599, -0.2296|0
11|-0.7282, -0.1147, 0.7581, -0.4995, -0.7511, -0.9984, -1.0654, -0.2348|40
12|-0.7221, -0.1225, 0.7615, -0.4962, -0.7547, -1.0119, -1.0710, -0.2281|0
13|-0.7123, -0.1205, 0.7476, -0.4982, -0.7601, -1.0223, -1.0647, -0.2267|0
14|-0.7198, -0.1153, 0.7399, -0.5022, -0.7641, -1.0348, -1.0709, -0.2271|40
15|-0.7256, -0.1128, 0.7340, -0.4970, -0.7718, -1.0312, -1.0625, -0.2249|0
16|-0.7276, -0.1176, 0.7259, -0.5076, -0.7778, -1.0289, -1.0619, -0.2255|0
17|-0.7213, -0.1182, 0.7159, -0.5134, -0.7837, -1.0292, -1.0691, -0.2253|0
18|-0.7247, -0.1144, 0.7118, -0.5139, -0.7859, -1.0383, -1.0756, -0.2325|40
19|-0.7268, -0.1200, 0.7002, -0.5230, -0.7818, -1.0430, -1.0741, -0.2304|0
20|-0.7284, -0.1189, 0.6878, -0.5234, -0.7789, -1.0443, -1.0742, -0.2333|0
21|-0.7330, -0.1193, 0.6804, -0.5214, -0.7797, -1.0350, -1.0740, -0.2338|0
22|-0.7318, -0.1119, 0.6682, -0.5325, -0.7846, -1.0321, -1.0623, -0.2292|40
23|-0.7331, -0.1136, 0.6625, -0.5393, -0.7817, -1.0319, -1.0623, -0.2261|0
24|-0.7278, -0.1062, 0.6550, -0.5490, -0.7703, -1.0358, -1.0545, -0.2273|40
25|-0.7225, -0.1105, 0.6453, -0.5574, -0.7658, -1.0437, -1.0582, -0.2238|0
26|-0.7153, -0.1079, 0.6424, -0.5582, -0.7671, -1.0421, -1.0548, -0.2205|0
27|-0.7127, -0.1026, 0.6373, -0.5654, -0.7708, -1.0432, -1.0487, -0.2273|0
28|-0.7054, -0.1018, 0.6307, -0.5690, -0.7731, -1.0406, -1.0451, -0.2220|0
29|-0.7009, -0.1034, 0.6250, -0.5694, -0.7661, -1.0455, -1.0536, -0.2166|0
30|-0.7023, -0.1027, 0.6151, -0.5813, -0.7708, -1.0458, -1.0518, -0.2101|0
31|-0.6991, -0.1022, 0.6093, -0.5820, -0.7649, -1.0520, -1.0541, -0.2118|0
32|-0.7020, -0.1116, 0.5965, -0.5914, -0.7692, -1.0579, -1.0501, -0.2185|40
33|-0.6997, -0.1162, 0.5791, -0.5988, -0.7664, -1.0619, -1.0492, -0.2116|40
34|-0.6957, -0.1140, 0.5599, -0.6009, -0.7706, -1.0645, -1.0429, -0.2137|0
35|-0.6881, -0.1171, 0.5538, -0.6035, -0.7596, -1.0639, -1.0424, -0.2117|0
36|-0.6906, -0.1220, 0.5466, -0.6038, -0.7616, -1.0707, -1.0446, -0.2121|0
37|-0.6970, -0.1297, 0.5238, -0.6068, -0.7671, -1.0907, -1.0444, -0.2041|0
38|-0.6968, -0.1243, 0.5081, -0.6151, -0.7689, -1.0928, -1.0392, -0.1997|40
39|-0.6931, -0.1279, 0.4966, -0.6109, -0.7790, -1.0993, -1.0365, -0.1991|40
40|-0.6942, -0.1263, 0.4783, -0.6105, -0.7724, -1.0950, -1.0315, -0.2044|40
41|-0.6994, -0.1283, 0.4749, -0.6111, -0.7765, -1.1003, -1.0304, -0.2012|0
42|-0.6977, -0.1299, 0.4546, -0.6152, -0.7758, -1.1037, -1.0308, -0.2016|0
43|-0.7014, -0.1367, 0.4438, -0.6166, -0.7856, -1.1034, -1.0348, -0.2014|0
44|-0.6937, -0.1387, 0.4278, -0.6172, -0.7777, -1.0968, -1.0297, -0.1931|0
45|-0.6996, -0.1295, 0.4147, -0.6198, -0.7808, -1.0968, -1.0166, -0.1858|0
46|-0.6934, -0.1349, 0.4174, -0.6226, -0.7860, -1.1034, -1.0193, -0.1845|0
47|-0.6965, -0.1416, 0.4037, -0.6216, -0.7868, -1.1076, -1.0134, -0.1835|0
48|-0.6945, -0.1509, 0.3854, -0.6226, -0.7829, -1.1102, -1.0040, -0.1926|120
49|-0.6927, -0.1630, 0.3704, -0.6289, -0.7828, -1.1128, -1.0017, -0.1904|80
50|-0.6852, -0.1688, 0.3555, -0.6350, -0.7851, -1.1119, -1.0010, -0.1949|40
51|-0.6801, -0.1725, 0.3441, -0.6390, -0.7841, -1.1127, -1.0038, -0.1929|80
52|-0.6722, -0.1730, 0.3287, -0.6388, -0.7780, -1.1090, -0.9953, -0.1912|40
53|-0.6655, -0.1712, 0.3190, -0.6370, -0.7766, -1.1177, -0.9922, -0.1900|80
54|-0.6653, -0.1789, 0.3049, -0.6389, -0.7776, -1.1228, -0.9894, -0.1976|0
55|-0.6589, -0.1840, 0.2983, -0.6487, -0.7711, -1.1229, -0.9904, -0.1966|0
56|-0.6611, -0.1976, 0.2819, -0.6498, -0.7773, -1.1202, -0.9855, -0.1885|40
57|-0.6648, -0.2046, 0.2611, -0.6578, -0.7742, -1.1175, -0.9824, -0.1895|40
58|-0.6623, -0.2091, 0.2342, -0.6566, -0.7728, -1.1273, -0.9848, -0.1908|80
59|-0.6668, -0.2231, 0.2135, -0.6569, -0.7742, -1.1213, -0.9800, -0.1897|120
60|-0.6654, -0.2328, 0.1944, -0.6569, -0.7804, -1.1304, -0.9826, -0.1956|40
61|-0.6641, -0.2333, 0.1681, -0.6566, -0.7790, -1.1280, -0.9827, -0.2001|40
62|-0.6638, -0.2348, 0.1423, -0.6591, -0.7790, -1.1334, -0.9864, -0.1940|0
63|-0.6607, -0.2405, 0.1261, -0.6634, -0.7822, -1.1377, -0.9811, -0.1893|0
64|-0.6535, -0.2594, 0.1102, -0.6669, -0.7865, -1.1398, -0.9866, -0.1852|40
65|-0.6518, -0.2615, 0.0799, -0.6693, -0.7822, -1.1389, -0.9869, -0.1854|80
66|-0.6579, -0.2685, 0.0589, -0.6710, -0.7793, -1.1508, -0.9880, -0.1829|80
67|-0.6518, -0.2706, 0.0345, -0.6754, -0.7804, -1.1536, -0.9874, -0.1778|40
68|-0.6546, -0.2679, 0.0167, -0.6771, -0.7813, -1.1556, -0.9900, -0.1746|160
69|-0.6636, -0.2829, -0.0019, -0.6746, -0.7845, -1.1579, -0.9890, -0.1683|0
70|-0.6485, -0.2843, -0.0250, -0.6779, -0.7778, -1.1605, -0.9862, -0.1617|240
71|-0.6491, -0.2975, -0.0485, -0.6772, -0.7833, -1.1559, -0.9895, -0.1576|120
72|-0.6364, -0.3051, -0.0703, -0.6759, -0.7926, -1.1583, -0.9865, -0.1522|320
73|-0.6345, -0.3031, -0.0805, -0.6804, -0.7987, -1.1563, -0.9941, -0.1546|200
74|-0.6282, -0.3065, -0.1024, -0.6848, -0.8097, -1.1485, -0.9851, -0.1553|200
75|-0.6313, -0.3071, -0.1254, -0.6850, -0.8000, -1.1521, -0.9861, -0.1519|480
76|-0.6286, -0.3094, -0.1478, -0.6865, -0.7976, -1.1565, -0.9921, -0.1518|400
77|-0.6202, -0.3088, -0.1684, -0.6815, -0.8039, -1.1593, -0.9960, -0.1589|160
78|-0.6075, -0.3113, -0.1892, -0.6798, -0.8101, -1.1661, -1.0024, -0.1561|200
79|-0.6116, -0.3196, -0.2096, -0.6804, -0.8115, -1.1581, -1.0059, -0.1565|180
80|-0.6114, -0.3248, -0.2121, -0.6768, -0.8161, -1.1568, -1.0052, -0.1432|200
81|-0.6113, -0.3200, -0.2334, -0.6792, -0.8206, -1.1516, -1.0097, -0.1438|240
82|-0.6137, -0.3313, -0.2527, -0.6708, -0.8179, -1.1458, -1.0154, -0.1452|200
83|-0.6145, -0.3397, -0.2610, -0.6674, -0.8204, -1.1431, -1.0172, -0.1379|360
84|-0.6031, -0.3381, -0.2746, -0.6591, -0.8239, -1.1443, -1.0136, -0.1332|200
85|-0.6047, -0.3438, -0.2849, -0.6474, -0.8222, -1.1355, -1.0122, -0.1323|280
86|-0.5989, -0.3428, -0.2922, -0.6443, -0.8248, -1.1428, -1.0166, -0.1446|240
87|-0.5973, -0.3492, -0.3041, -0.6415, -0.8223, -1.1439, -1.0066, -0.1460|340
88|-0.5906, -0.3630, -0.3234, -0.6331, -0.8322, -1.1490, -0.9980, -0.1501|320
89|-0.5934, -0.3676, -0.3418, -0.6221, -0.8292, -1.1467, -0.9967, -0.1510|80
90|-0.5927, -0.3679, -0.3573, -0.6240, -0.8345, -1.1533, -1.0012, -0.1521|380
91|-0.5855, -0.3766, -0.3707, -0.6182, -0.8367, -1.1575, -1.0072, -0.1583|280
92|-0.5829, -0.3847, -0.3833, -0.6033, -0.8412, -1.1627, -1.0153, -0.1493|360
93|-0.5768, -0.3882, -0.3981, -0.6048, -0.8379, -1.1625, -1.0086, -0.1478|640
94|-0.5715, -0.3991, -0.4106, -0.6055, -0.8386, -1.1576, -1.0090, -0.1501|320
95|-0.5706, -0.4042, -0.4208, -0.6079, -0.8416, -1.1566, -1.0024, -0.1460|220
96|-0.5690, -0.4076, -0.4323, -0.6160, -0.8380, -1.1558, -0.9983, -0.1496|80
97|-0.5803, -0.4158, -0.4417, -0.6167, -0.8306, -1.1600, -0.9945, -0.1471|400
98|-0.5728, -0.4252, -0.4508, -0.6170, -0.8249, -1.1590, -0.9859, -0.1530|320
99|-0.5766, -0.4282, -0.4583, -0.6087, -0.8275, -1.1639, -0.9713, -0.1476|240
