0|0.3289, 0.0517, -0.8883, -0.2492, -0.5976, -1.0337, 0.7398, 0.2041|220
1|0.3328, 0.0537, -0.8868, -0.2568, -0.6021, -1.0406, 0.7349, 0.2038|240
2|0.3331, 0.0492, -0.8872, -0.2536, -0.6045, -1.0453, 0.7251, 0.2049|420
3|0.3371, 0.0373, -0.9001, -0.2671, -0.6035, -1.0405, 0.7131, 0.2064|300
4|0.3452, 0.0409, -0.9027, -0.2827, -0.5960, -1.0426, 0.7159, 0.1983|940
5|0.3494, 0.0508, -0.8958, -0.2947, -0.5860, -1.0569, 0.7037, 0.1844|80
6|0.3553, 0.0398, -0.8870, -0.3021, -0.5820, -1.0644, 0.7039, 0.1824|360
7|0.3567, 0.0410, -0.8976, -0.3023, -0.5889, -1.0657, 0.6978, 0.2011|320
8|0.3648, 0.0402, -0.8885, -0.3187, -0.5872, -1.0748, 0.6982, 0.1973|400
9|0.3706, 0.0336, -0.8905, -0.3284, -0.5819, -1.0832, 0.6900, 0.2052|880
10|0.3768, 0.0249, -0.8970, -0.3382, -0.5728, -1.0854, 0.6793, 0.2060|280
11|0.3750, 0.0249, -0.9037, -0.3493, -0.5859, -1.0935, 0.6805, 0.2119|260
12|0.3756, 0.0229, -0.9004, -0.3578, -0.5846, -1.0904, 0.6802, 0.2158|440
13|0.3827, 0.0192, -0.9034, -0.3615, -0.5924, -1.0854, 0.6810, 0.2146|100
14|0.3972, 0.0163, -0.9043, -0.3689, -0.5866, -1.0755, 0.6789, 0.2109|1000
15|0.4080, 0.0179, -0.8962, -0.3794, -0.5860, -1.0810, 0.6782, 0.2206|260
16|0.4087, 0.0086, -0.8893, -0.3883, -0.5911, -1.0763, 0.6917, 0.2255|980
17|0.4048, -0.0050, -0.8724, -0.3946, -0.5977, -1.0757, 0.6824, 0.2204|220
18|0.4110, -0.0143, -0.8760, -0.3906, -0.5968, -1.0735, 0.6682, 0.2286|200
19|0.4021, -0.0276, -0.8728, -0.3931, -0.5961, -1.0778, 0.6548, 0.2200|520
20|0.3992, -0.0242, -0.8749, -0.3928, -0.5855, -1.0797, 0.6424, 0.2123|260
21|0.4058, -0.0273, -0.8658, -0.3968, -0.5794, -1.0761, 0.6352, 0.1948|260
22|0.4071, -0.0288, -0.8540, -0.3989, -0.5905, -1.0753, 0.6385, 0.2026|280
23|0.4180, -0.0287, -0.8649, -0.3992, -0.5969, -1.0806, 0.6371, 0.2016|1140
24|0.4100, -0.0451, -0.8776, -0.4069, -0.5988, -1.0760, 0.6312, 0.2060|520
25|0.3996, -0.0600, -0.8791, -0.4025, -0.6135, -1.0854, 0.6150, 0.1970|540
26|0.4023, -0.0616, -0.8802, -0.4156, -0.6168, -1.0959, 0.6120, 0.2112|160
27|0.4014, -0.0573, -0.8897, -0.4258, -0.6210, -1.0880, 0.6011, 0.2078|320
28|0.4067, -0.0539, -0.8844, -0.4263, -0.6119, -1.0958, 0.5964, 0.1930|560
29|0.4008, -0.0505, -0.8951, -0.4328, -0.6107, -1.1033, 0.5852, 0.2076|400
30|0.4027, -0.0611, -0.9033, -0.4331, -0.6084, -1.1150, 0.5809, 0.1957|400
31|0.4088, -0.0485, -0.9017, -0.4305, -0.6181, -1.1269, 0.5669, 0.1936|420
32|0.4052, -0.0479, -0.8865, -0.4448, -0.6099, -1.1230, 0.5599, 0.1938|860
33|0.4131, -0.0492, -0.8880, -0.4495, -0.6170, -1.1171, 0.5694, 0.1980|880
34|0.4072, -0.0545, -0.8913, -0.4666, -0.6096, -1.1232, 0.5668, 0.2064|1660
35|0.4103, -0.0562, -0.8880, -0.4707, -0.6010, -1.1376, 0.5527, 0.2146|460
36|0.4178, -0.0560, -0.8982, -0.4771, -0.5983, -1.1471, 0.5525, 0.2119|320
37|0.4394, -0.0713, -0.8974, -0.4686, -0.5975, -1.1393, 0.5525, 0.2200|460
38|0.4471, -0.0788, -0.8896, -0.4685, -0.5882, -1.1235, 0.5542, 0.2227|500
39|0.4364, -0.0814, -0.8844, -0.4837, -0.5883, -1.1265, 0.5473, 0.2209|1120
40|0.4441, -0.0849, -0.8932, -0.4819, -0.5799, -1.1368, 0.5456, 0.2314|1840
41|0.4407, -0.0953, -0.8981, -0.4880, -0.5884, -1.1362, 0.5494, 0.2364|560
42|0.4324, -0.0989, -0.9037, -0.4899, -0.5848, -1.1368, 0.5483, 0.2474|580
43|0.4321, -0.0941, -0.9040, -0.4953, -0.5854, -1.1388, 0.5515, 0.2526|1100
44|0.4324, -0.0999, -0.9007, -0.4910, -0.5963, -1.1382, 0.5483, 0.2617|1200
45|0.4419, -0.1038, -0.9071, -0.5111, -0.6093, -1.1404, 0.5441, 0.2577|500
46|0.4385, -0.1083, -0.9072, -0.5126, -0.6169, -1.1371, 0.5486, 0.2605|740
47|0.4290, -0.1091, -0.9174, -0.5001, -0.6157, -1.1479, 0.5398, 0.2621|600
48|0.4362, -0.1149, -0.9196, -0.5059, -0.6202, -1.1522, 0.5438, 0.2683|320
49|0.4436, -0.1204, -0.9336, -0.5166, -0.6218, -1.1514, 0.5385, 0.2650|400
50|0.4329, -0.1169, -0.9245, -0.5174, -0.6255, -1.1452, 0.5323, 0.2664|120
51|0.4233, -0.1369, -0.9118, -0.5088, -0.6143, -1.1454, 0.5386, 0.2704|900
52|0.4263, -0.1426, -0.9089, -0.5035, -0.6299, -1.1462, 0.5338, 0.2651|280
53|0.4307, -0.1488, -0.9119, -0.5061, -0.6222, -1.1435, 0.5406, 0.2641|240
54|0.4302, -0.1494, -0.9035, -0.5043, -0.6107, -1.1407, 0.5334, 0.2636|520
55|0.4316, -0.1461, -0.9044, -0.5058, -0.6122, -1.1504, 0.5240, 0.2781|480
56|0.4364, -0.1426, -0.9105, -0.5164, -0.6178, -1.1629, 0.5287, 0.2736|580
57|0.4486, -0.1366, -0.9028, -0.5131, -0.6262, -1.1790, 0.5332, 0.2771|760
58|0.4588, -0.1392, -0.9102, -0.5039, -0.6258, -1.1952, 0.5260, 0.2788|540
59|0.4619, -0.1473, -0.9162, -0.5069, -0.6194, -1.1976, 0.5232, 0.2681|560
60|0.4708, -0.1445, -0.9195, -0.4984, -0.6226, -1.1985, 0.5126, 0.2716|980
61|0.4634, -0.1497, -0.9312, -0.4939, -0.6158, -1.1949, 0.5220, 0.2834|480
62|0.4642, -0.1579, -0.9360, -0.4909, -0.6156, -1.1953, 0.5185, 0.2857|1040
63|0.4555, -0.1580, -0.9393, -0.4937, -0.6247, -1.1985, 0.5134, 0.2801|1020
64|0.4565, -0.1676, -0.9392, -0.4919, -0.6155, -1.1953, 0.5152, 0.2649|460
65|0.4582, -0.1721, -0.9465, -0.5003, -0.6256, -1.1975, 0.5078, 0.2764|1460
66|0.4498, -0.1802, -0.9432, -0.5002, -0.6318, -1.2065, 0.5106, 0.2820|280
67|0.4474, -0.1839, -0.9431, -0.5020, -0.6401, -1.1923, 0.5027, 0.2744|680
68|0.4490, -0.1746, -0.9394, -0.5108, -0.6303, -1.1972, 0.4846, 0.2748|120
69|0.4441, -0.1768, -0.9395, -0.5134, -0.6241, -1.1984, 0.4775, 0.2780|520
70|0.4447, -0.1865, -0.9404, -0.5172, -0.6095, -1.2062, 0.4742, 0.2744|720
71|0.4399, -0.1854, -0.9409, -0.5197, -0.6063, -1.2015, 0.4736, 0.2748|620
72|0.4478, -0.1850, -0.9475, -0.5228, -0.6112, -1.2075, 0.4629, 0.2769|320
73|0.4406, -0.1878, -0.9439, -0.5206, -0.6178, -1.2160, 0.4700, 0.2695|1180
74|0.4368, -0.2006, -0.9552, -0.5280, -0.6159, -1.2117, 0.4700, 0.2626|600
75|0.4372, -0.2038, -0.9440, -0.5340, -0.6341, -1.2035, 0.4659, 0.2493|1200
76|0.4376, -0.1924, -0.9517, -0.5315, -0.6359, -1.1987, 0.4616, 0.2605|260
77|0.4310, -0.1818, -0.9519, -0.5177, -0.6284, -1.2054, 0.4684, 0.2608|200
78|0.4242, -0.1904, -0.9601, -0.5288, -0.6299, -1.2074, 0.4677, 0.2547|380
79|0.4343, -0.1930, -0.9656, -0.5159, -0.6184, -1.2143, 0.4636, 0.2555|540
80|0.4349, -0.1796, -0.9648, -0.5154, -0.6141, -1.2176, 0.4629, 0.2393|560
81|0.4345, -0.1698, -0.9610, -0.5214, -0.6187, -1.2196, 0.4610, 0.2409|500
82|0.4395, -0.1844, -0.9663, -0.5062, -0.6140, -1.2352, 0.4592, 0.2421|1720
83|0.4653, -0.1980, -0.9717, -0.5187, -0.6048, -1.2231, 0.4701, 0.2545|280
84|0.4532, -0.2016, -0.9713, -0.5232, -0.6143, -1.2100, 0.4765, 0.2550|2640
85|0.4436, -0.2060, -0.9714, -0.5158, -0.6082, -1.2279, 0.4809, 0.2495|340
86|0.4555, -0.2090, -0.9777, -0.5244, -0.6049, -1.2320, 0.4708, 0.2520|1140
87|0.4661, -0.2082, -0.9745, -0.5305, -0.6136, -1.2239, 0.4715, 0.2421|680
88|0.4670, -0.1958, -0.9770, -0.5300, -0.6157, -1.2182, 0.4749, 0.2470|280
89|0.4836, -0.2001, -0.9748, -0.5275, -0.6164, -1.2130, 0.4683, 0.2527|1100
90|0.4865, -0.2099, -0.9706, -0.5399, -0.6178, -1.2061, 0.4599, 0.2695|1000
91|0.4955, -0.2112, -0.9658, -0.5311, -0.6199, -1.2074, 0.4553, 0.2597|1100
92|0.4873, -0.2212, -0.9720, -0.5399, -0.6237, -1.1918, 0.4589, 0.2620|640
93|0.4818, -0.2262, -0.9730, -0.5339, -0.6167, -1.1928, 0.4546, 0.2688|420
94|0.5016, -0.2401, -0.9722, -0.5457, -0.6206, -1.1928, 0.4435, 0.2719|280
95|0.4990, -0.2544, -0.9773, -0.5609, -0.6255, -1.1962, 0.4386, 0.2770|540
96|0.4944, -0.2607, -0.9775, -0.5661, -0.6106, -1.2116, 0.4431, 0.2791|660
97|0.5110, -0.2712, -0.9945, -0.5671, -0.6180, -1.2133, 0.4391, 0.2737|800
98|0.5076, -0.2725, -1.0020, -0.5696, -0.6190, -1.2159, 0.4349, 0.2733|940
99|0.4975, -0.2842, -1.0004, -0.5751, -0.6301, -1.2191, 0.4372, 0.2787|880
