0|-0.0636, -1.3450, -1.2481, -1.0771, -0.7359, 0.7773, 1.4532, -0.3089|320
1|-0.0528, -1.3539, -1.2341, -1.0938, -0.7390, 0.7591, 1.4521, -0.3130|200
2|-0.0411, -1.3522, -1.2652, -1.0932, -0.7481, 0.7621, 1.4463, -0.3260|520
3|-0.0341, -1.3649, -1.2595, -1.0931, -0.7644, 0.7673, 1.4439, -0.3100|1340
4|-0.0361, -1.3642, -1.2485, -1.0914, -0.7478, 0.7667, 1.4373, -0.2968|220
5|-0.0585, -1.3553, -1.2418, -1.1213, -0.7146, 0.7393, 1.4286, -0.2762|1560
6|-0.0735, -1.3492, -1.2268, -1.1273, -0.6770, 0.7343, 1.4171, -0.2862|300
7|-0.0734, -1.3545, -1.2284, -1.1517, -0.6873, 0.7422, 1.4289, -0.2898|580
8|-0.1062, -1.3367, -1.2175, -1.1665, -0.6954, 0.7250, 1.4465, -0.2860|960
9|-0.0919, -1.3406, -1.2236, -1.1749, -0.7031, 0.7296, 1.4384, -0.2977|520
10|-0.0641, -1.3602, -1.2258, -1.1973, -0.7020, 0.7384, 1.4250, -0.2722|520
11|-0.0791, -1.3732, -1.2291, -1.2255, -0.7078, 0.7349, 1.4187, -0.2536|300
12|-0.0599, -1.3685, -1.2369, -1.2378, -0.6735, 0.7164, 1.4170, -0.2334|240
13|-0.0502, -1.3569, -1.2610, -1.2429, -0.6625, 0.7110, 1.4371, -0.2314|1520
14|-0.0630, -1.3568, -1.2619, -1.2288, -0.6516, 0.6927, 1.4282, -0.2149|900
15|-0.0535, -1.3563, -1.2573, -1.2398, -0.6306, 0.6861, 1.4486, -0.2216|160
16|-0.0894, -1.3440, -1.2505, -1.2603, -0.6132, 0.6818, 1.4555, -0.2287|380
17|-0.0829, -1.3727, -1.2429, -1.2637, -0.6343, 0.6784, 1.4466, -0.2144|1340
18|-0.0898, -1.3825, -1.2467, -1.2672, -0.6178, 0.6636, 1.4356, -0.2227|360
19|-0.0830, -1.4033, -1.2271, -1.2936, -0.6054, 0.6506, 1.4254, -0.2241|540
20|-0.0775, -1.4223, -1.2208, -1.3048, -0.6120, 0.6321, 1.4241, -0.2393|500
21|-0.0438, -1.4154, -1.2160, -1.3146, -0.6112, 0.6323, 1.4391, -0.2273|720
22|-0.0616, -1.4066, -1.2191, -1.3469, -0.6121, 0.6266, 1.4354, -0.2124|620
23|-0.0415, -1.4199, -1.2189, -1.3606, -0.5926, 0.6445, 1.4213, -0.1974|860
24|-0.0418, -1.4324, -1.2136, -1.3722, -0.5796, 0.6477, 1.4198, -0.1930|2120
25|-0.0559, -1.4265, -1.2115, -1.3701, -0.5828, 0.6404, 1.4042, -0.1836|440
26|-0.0362, -1.4298, -1.1864, -1.3716, -0.5570, 0.6398, 1.3964, -0.1804|120
27|-0.0267, -1.4042, -1.1843, -1.3685, -0.5492, 0.6355, 1.4062, -0.1957|860
28|-0.0050, -1.4244, -1.1922, -1.3672, -0.5631, 0.6525, 1.4175, -0.1751|300
29|-0.0020, -1.4226, -1.1729, -1.3559, -0.5501, 0.6799, 1.3974, -0.1762|720
30|-0.0160, -1.4106, -1.1833, -1.3608, -0.5374, 0.6555, 1.3997, -0.1573|340
31|-0.0057, -1.4040, -1.1881, -1.3607, -0.5278, 0.6523, 1.3935, -0.1635|500
32|0.0109, -1.4250, -1.1667, -1.3607, -0.5085, 0.6560, 1.3854, -0.1802|480
33|-0.0237, -1.4384, -1.1695, -1.3739, -0.4956, 0.6578, 1.3796, -0.1741|180
34|-0.0307, -1.4265, -1.1800, -1.3661, -0.5052, 0.6641, 1.3741, -0.1690|80
35|-0.0323, -1.4449, -1.1671, -1.3876, -0.4988, 0.6601, 1.3686, -0.1505|1220
36|-0.0271, -1.4484, -1.1606, -1.3867, -0.5031, 0.6830, 1.3730, -0.1479|700
37|-0.0315, -1.4419, -1.1704, -1.3796, -0.4924, 0.6787, 1.3548, -0.1437|980
38|-0.0084, -1.4401, -1.1570, -1.3897, -0.4922, 0.6720, 1.3519, -0.1529|480
39|-0.0151, -1.4376, -1.1443, -1.3775, -0.4921, 0.6622, 1.3493, -0.1443|1080
40|-0.0281, -1.4645, -1.1490, -1.3777, -0.5017, 0.6622, 1.3380, -0.1520|340
41|0.0128, -1.4685, -1.1502, -1.3715, -0.5031, 0.6459, 1.3108, -0.1496|1560
42|0.0112, -1.4523, -1.1608, -1.3526, -0.5022, 0.6338, 1.3152, -0.1690|1560
43|0.0143, -1.4616, -1.1433, -1.3401, -0.4617, 0.6105, 1.3069, -0.1618|1180
44|0.0239, -1.4806, -1.1440, -1.3363, -0.4784, 0.5810, 1.2878, -0.1523|40
45|0.0237, -1.4619, -1.1266, -1.3334, -0.4927, 0.5715, 1.2665, -0.1447|1360
46|0.0219, -1.4589, -1.1102, -1.3421, -0.4818, 0.5609, 1.2667, -0.1571|1480
47|0.0324, -1.4659, -1.1168, -1.3560, -0.4822, 0.5551, 1.2464, -0.1877|560
48|0.0358, -1.4734, -1.0981, -1.3502, -0.4749, 0.5492, 1.2500, -0.1531|600
49|0.0436, -1.4720, -1.1164, -1.3659, -0.4652, 0.5463, 1.2554, -0.1251|340
50|0.0510, -1.4628, -1.1284, -1.3548, -0.4680, 0.5364, 1.2298, -0.1351|720
51|0.0452, -1.4838, -1.1244, -1.3418, -0.4708, 0.5226, 1.2403, -0.1370|100
52|0.0619, -1.4986, -1.1298, -1.3618, -0.4669, 0.5238, 1.2585, -0.1231|340
53|0.0596, -1.4985, -1.1232, -1.3530, -0.4437, 0.5048, 1.2434, -0.1106|380
54|0.0737, -1.4680, -1.0994, -1.3344, -0.4605, 0.4943, 1.2242, -0.1014|1040
55|0.0823, -1.4925, -1.0944, -1.3519, -0.4530, 0.4681, 1.2375, -0.1106|1540
56|0.0907, -1.5021, -1.0885, -1.3679, -0.4530, 0.4737, 1.2355, -0.0815|1280
57|0.1134, -1.5161, -1.0874, -1.3575, -0.4292, 0.4697, 1.2297, -0.0506|3400
58|0.1452, -1.5207, -1.1013, -1.3477, -0.4193, 0.4779, 1.2335, -0.0420|960
59|0.1505, -1.5331, -1.1008, -1.3559, -0.4100, 0.4641, 1.2089, -0.0525|940
60|0.1520, -1.5468, -1.1007, -1.3647, -0.4376, 0.4770, 1.2031, -0.0562|1100
61|0.1539, -1.5513, -1.0964, -1.3554, -0.4270, 0.4599, 1.1898, -0.0660|620
62|0.1556, -1.5462, -1.1021, -1.3381, -0.4213, 0.4507, 1.1857, -0.0570|560
63|0.1556, -1.5513, -1.0909, -1.3345, -0.4426, 0.4549, 1.1883, -0.0448|580
64|0.1633, -1.5226, -1.0708, -1.3611, -0.4289, 0.4741, 1.1983, -0.0341|2680
65|0.1771, -1.5405, -1.0903, -1.3451, -0.4340, 0.4757, 1.1984, -0.0205|1800
66|0.2091, -1.5349, -1.0856, -1.3199, -0.3936, 0.4573, 1.2051, -0.0112|780
67|0.2171, -1.5231, -1.0582, -1.3139, -0.4081, 0.4502, 1.1935, -0.0021|1700
68|0.2250, -1.5036, -1.0597, -1.3014, -0.4108, 0.4511, 1.1850, -0.0053|1140
69|0.2155, -1.5202, -1.0540, -1.2912, -0.4044, 0.4417, 1.1982, -0.0037|1920
70|0.2178, -1.4993, -1.0502, -1.2880, -0.4188, 0.4325, 1.1878, -0.0302|5320
71|0.2216, -1.4972, -1.0530, -1.2805, -0.4154, 0.4163, 1.1666, -0.0204|440
72|0.2216, -1.5100, -1.0469, -1.2572, -0.4064, 0.4193, 1.1257, -0.0344|1020
73|0.2124, -1.5083, -1.0664, -1.2623, -0.4118, 0.4076, 1.1312, -0.0353|440
74|0.2024, -1.5107, -1.0862, -1.2748, -0.4168, 0.4345, 1.1401, -0.0343|2220
75|0.2171, -1.5332, -1.1065, -1.2789, -0.4211, 0.4222, 1.1255, -0.0276|1120
76|0.2149, -1.5290, -1.1224, -1.2989, -0.4405, 0.4300, 1.1286, 0.0071|80
77|0.2244, -1.5318, -1.1412, -1.3274, -0.4337, 0.4126, 1.1355, 0.0118|200
78|0.2313, -1.5154, -1.1295, -1.3099, -0.4076, 0.3894, 1.1131, 0.0273|1420
79|0.2374, -1.5409, -1.1237, -1.2999, -0.4034, 0.3690, 1.1071, 0.0484|480
80|0.2431, -1.5446, -1.1193, -1.3211, -0.4019, 0.3681, 1.1035, 0.0278|1560
81|0.2534, -1.5389, -1.1174, -1.3391, -0.3931, 0.3561, 1.0948, 0.0166|400
82|0.2355, -1.5382, -1.1256, -1.3466, -0.3883, 0.3599, 1.0997, 0.0422|400
83|0.2277, -1.5575, -1.1223, -1.3392, -0.3914, 0.3453, 1.0836, 0.0176|1320
84|0.2425, -1.5579, -1.1518, -1.3576, -0.4098, 0.3578, 1.0938, 0.0077|1360
85|0.2544, -1.5780, -1.1602, -1.3557, -0.4013, 0.3845, 1.0930, 0.0249|1360
86|0.2606, -1.5922, -1.1584, -1.3521, -0.4120, 0.3822, 1.1049, 0.0266|800
87|0.2544, -1.5830, -1.1491, -1.3423, -0.3940, 0.4010, 1.1088, 0.0101|1600
88|0.2601, -1.5911, -1.1337, -1.3365, -0.3745, 0.3923, 1.1198, 0.0133|900
89|0.3067, -1.6065, -1.1101, -1.3374, -0.3637, 0.3744, 1.1104, 0.0319|1280
90|0.2954, -1.5949, -1.1122, -1.3334, -0.3534, 0.3797, 1.0959, 0.0251|1260
91|0.2912, -1.6099, -1.0787, -1.3389, -0.3488, 0.3750, 1.0866, 0.0192|1320
92|0.2983, -1.6346, -1.0713, -1.3357, -0.3182, 0.3677, 1.0682, 0.0292|600
93|0.2909, -1.6298, -1.0900, -1.3335, -0.3058, 0.3833, 1.0651, 0.0231|1700
94|0.3209, -1.6436, -1.0780, -1.3225, -0.2855, 0.4032, 1.0547, 0.0487|420
95|0.3207, -1.6525, -1.0541, -1.2988, -0.2717, 0.3947, 1.0254, 0.0851|780
96|0.3219, -1.6467, -1.0525, -1.3037, -0.2873, 0.3649, 1.0185, 0.1120|2260
97|0.3287, -1.6383, -1.0448, -1.2778, -0.2762, 0.3653, 1.0157, 0.1062|620
98|0.3385, -1.6352, -1.0289, -1.2701, -0.2500, 0.3815, 0.9983, 0.1175|5140
99|0.3692, -1.6355, -1.0241, -1.2622, -0.2515, 0.3839, 0.9855, 0.1183|1040
