1|0.0190, -0.9948, -1.0000, -0.6205, 0.1340, -0.9013, 0.3233, 0.4637|3100|0.0325, -0.5398, -0.7948, -0.5185, -0.0720, -0.2777, -0.1506, 0.0950|792.0
2|0.8631, -0.9948, -1.0000, -0.6205, 0.1340, 0.2908, 0.3233, -0.1108|8500|0.3548, -0.5101, -0.7889, -0.4924, -0.2188, -0.3382, 0.1644, 0.1895|1726.0
3|0.8631, -0.9948, -1.0000, -0.4487, 0.1340, 0.2908, 0.0035, 0.4637|5020|0.3566, -0.8662, -0.9423, -0.5174, -0.2059, -0.4244, 0.1314, 0.2339|1444.0
4|0.0190, -0.8217, -1.0000, -0.4487, -0.1709, -0.9013, 0.0035, 0.4637|1900|0.1878, -0.8060, -1.0000, -0.4487, -0.3214, -0.6629, 0.0035, 0.4063|898.0
5|0.8631, -0.9948, -1.0000, -0.4487, -0.7159, 0.2908, 0.0035, 0.4637|2560|0.4411, -0.8744, -1.0000, -0.4487, -0.3519, -0.3052, 0.0035, 0.4063|1116.0
6|0.8631, -0.9948, -1.0000, -0.4487, -0.7159, -0.3583, 0.0035, 0.4637|3740|0.6099, -0.8549, -1.0000, -0.4487, -0.5424, -0.1317, 0.0035, 0.4637|1812.0
7|0.8631, -0.8217, -1.0000, -0.4487, -0.7159, 0.2908, 0.0035, 0.4637|2160|0.7787, -0.8376, -1.0000, -0.4487, -0.6564, 0.0555, 0.0035, 0.4637|988.0
8|0.8631, -0.9948, -1.0000, -0.4487, -0.7159, 0.2908, 0.0035, 0.4637|3060|0.7787, -0.7589, -1.0000, -0.4487, -0.6564, 0.1747, 0.0037, 0.4637|1288.0
9|0.8631, -0.9948, -1.0000, -0.4487, -0.7159, 0.2908, 0.0035, 0.4637|5360|0.7787, -0.8297, -1.0000, -0.4487, -0.6564, 0.1747, 0.0031, 0.4637|1592.0
10|0.8631, -0.8217, -1.0000, -0.4487, -0.1210, 0.2908, 0.0035, 0.4637|11860|0.5800, -0.8018, -0.9789, -0.4393, -0.6800, 0.2721, 0.0037, 0.4539|2448.0
11|0.8631, -0.5547, -1.0000, -0.4487, -0.7159, 0.2908, 0.0035, 0.4637|3140|0.8507, -0.8431, -0.9856, -0.4423, -0.6253, 0.2710, 0.0035, 0.4570|936.0
12|0.8631, -0.9948, -1.0000, -0.4487, -0.7159, 0.2908, 0.0035, 0.4637|3480|0.8636, -0.8633, -0.8013, -0.4490, -0.5973, 0.2910, 0.0035, 0.4639|1494.0
13|0.8631, -0.9948, -1.0000, -0.4487, -0.7159, 0.2908, 0.0035, 0.4637|3700|0.8631, -0.8628, -1.0000, -0.4487, -0.6564, 0.1865, 0.0035, 0.4637|1476.0
14|0.8631, -0.9948, -1.0000, -0.4487, -0.1210, 0.2908, 0.0035, 0.4637|3580|0.8636, -0.9513, -0.8851, -0.4490, -0.5973, 0.2388, 0.0035, 0.4639|1592.0
15|0.8631, -0.9948, -1.0000, -0.4487, -0.1210, 0.2908, 0.0035, 0.4637|6020|0.8631, -0.9948, -1.0000, -0.4487, -0.5374, 0.2908, 0.0035, 0.4637|2712.0
16|0.8631, -0.9948, -1.0000, -0.4487, -0.1210, 0.2908, 0.0035, 0.4637|8380|0.8222, -0.9954, -0.9526, -0.3831, -0.5035, 0.2771, 0.0034, 0.4417|2406.0
17|0.8676, -1.0000, -0.5126, -0.4511, -0.1217, 0.2924, 0.0035, 0.4661|11140|0.8649, -0.9969, -0.8050, -0.3609, -0.4187, 0.2914, 0.0035, 0.4647|3854.0
18|0.8676, -1.0000, -0.5126, -0.4511, -0.1217, 0.2924, 0.0035, 0.4661|10800|0.8667, -0.9990, -0.6101, -0.4506, -0.2405, 0.2921, 0.0035, 0.4656|3814.0
19|0.8676, -1.0000, -0.5126, -0.4511, -0.1217, 0.2924, 0.0035, 0.4661|6680|0.8672, -0.9995, -0.5614, -0.4508, -0.1811, 0.2922, 0.0035, 0.4659|3820.0
20|0.8676, -1.0000, -0.5126, -0.4511, -0.1217, 0.2924, 0.0035, 0.4661|22440|0.8676, -1.0000, -0.5126, -0.4511, -0.1217, 0.2678, 0.0035, 0.4661|5048.0
21|0.8676, -1.0000, -0.5126, -0.4511, -0.1217, 0.2924, 0.0035, 0.4661|10800|0.8676, -1.0000, -0.5126, -0.4855, -0.1217, 0.2924, 0.0035, 0.4661|2910.0
22|0.8676, -1.0000, -0.5126, -0.4511, -0.1217, 0.2924, 0.0035, 0.4661|8360|0.7041, -1.0000, -0.5126, -0.5027, -0.1217, 0.2924, 0.0035, 0.4661|3032.0
23|0.8676, -1.0000, -0.5126, -0.4511, -0.1217, 0.2924, 0.0035, 0.4661|12520|0.8676, -1.0000, -0.5126, -0.4683, -0.1217, 0.2924, 0.0035, 0.4661|3786.0
24|0.8676, -1.0000, -0.5126, -0.6231, -0.1217, 0.2924, 0.0035, 0.4661|4420|0.8676, -1.0000, -0.5126, -0.4855, -0.1217, 0.2924, 0.0035, 0.4661|2044.0
25|0.8676, -1.0000, -0.5126, -0.4511, 0.1477, 0.2924, 0.0035, 0.4661|12980|0.8676, -1.0000, -0.5126, -0.5199, -0.0947, 0.2924, 0.0035, 0.4661|5396.0
26|0.8676, -1.0000, -0.5126, -0.4511, -0.1217, 0.2924, 0.0035, 0.4661|6480|0.8676, -1.0000, -0.5126, -0.4855, -0.0678, 0.2924, 0.0035, 0.4661|3128.0
27|0.8676, -1.0000, -0.5126, -0.4511, -0.1217, 0.2924, 0.0035, 0.4661|6360|0.8676, -1.0000, -0.4630, -0.4511, -0.0409, 0.2924, 0.0036, 0.3870|3002.0
28|0.8676, -1.0000, -0.0165, -0.4511, -0.1217, 0.2924, 0.0035, 0.4661|6600|0.8676, -1.0000, -0.4630, -0.4511, -0.1217, 0.2652, 0.0035, 0.4762|3208.0
29|0.8676, -1.0000, -0.0165, -0.4511, -0.1217, 0.2924, 0.0035, 0.4661|12520|0.8676, -1.0000, -0.3638, -0.4511, -0.1321, 0.2924, 0.0035, 0.4661|3350.0
30|0.8676, -1.0000, -0.5126, -0.4511, -0.1217, 0.2924, 0.0035, 0.4661|4780|0.8676, -1.0000, -0.3149, -0.4511, -0.1321, 0.2924, 0.0035, 0.4661|2330.0
31|0.8676, -1.0000, -0.5126, -0.4511, -0.2265, 0.2924, 0.0035, 0.4661|13060|0.8676, -1.0000, -0.3646, -0.4511, -0.1531, 0.2924, 0.0035, 0.4661|4022.0
32|1.0000, -0.7342, -0.3763, -0.3312, -0.0893, 0.2146, 0.0026, 0.3422|7180|0.7958, -0.5734, -0.3511, -0.3949, -0.1589, 0.2559, 0.0031, 0.4080|2434.0
