1|1.0000, -0.2825, -0.6186, -0.9113, 0.4949, -0.5572, -0.4523, -0.8693|1480|-0.2219, 0.2597, 0.0734, 0.0721, -0.0547, 0.3101, 0.3460, 0.2209|80.0
2|1.0000, 0.5724, -1.0000, -0.9113, 0.4949, -0.5572, -0.7779, -0.8693|700|-0.3687, 0.4516, 0.1561, -0.0737, -0.0207, 0.2807, 0.4454, 0.1765|77.0
3|1.0000, -0.2825, -0.6186, -0.9113, 0.4949, -0.5572, -0.4523, -0.8693|500|-0.2714, 0.4073, 0.0256, -0.0646, 0.0102, 0.2662, 0.1886, -0.0442|69.0
4|1.0000, -0.2825, -0.6186, -0.9113, 0.4949, -0.5572, -0.7779, -0.8693|520|-0.2172, 0.2506, -0.1361, -0.1020, 0.0698, 0.2720, -0.0804, 0.0089|105.0
5|1.0000, -0.2825, -0.6186, -0.9113, 0.4949, -0.5572, -0.4523, -0.8693|860|-0.0174, 0.0451, -0.2051, -0.2715, 0.0786, 0.1035, -0.1028, -0.2683|221.0
6|1.0000, -0.2825, -0.6186, -0.9113, 0.4949, -0.5572, -0.4523, -0.8693|1300|0.6530, -0.1116, -0.6329, -0.6419, 0.4707, -0.4853, -0.4476, -0.8090|399.0
7|1.0000, -0.2825, -0.6186, -0.9649, 0.4949, -0.5572, -0.4523, -0.9126|1360|0.6751, -0.2439, -0.6467, -0.8642, 0.5460, -0.5653, -0.3884, -0.8884|564.0
8|1.0000, -0.3100, -0.6186, -1.0000, 0.5431, -0.5572, -0.2109, -0.9538|1240|0.8162, -0.2723, -0.6237, -0.9619, 0.5419, -0.5818, -0.3921, -0.9160|477.0
9|0.5339, -0.3100, -0.6788, -1.0000, 0.5431, -0.6114, -0.2109, -0.9538|860|0.9094, -0.2922, -0.6177, -0.9584, 0.5124, -0.5710, -0.3921, -0.8671|407.0
10|1.0000, -0.2825, -0.6186, -0.9649, 0.4740, -0.5572, -0.4523, -0.9126|1100|0.9094, -0.2894, -0.6362, -0.7961, 0.5138, -0.5710, -0.4126, -0.8651|362.0
11|1.0000, -0.2825, -0.6186, -0.9649, 0.4949, -0.6114, -0.2109, -0.1499|1320|0.8628, -0.2922, -0.6224, -0.9798, 0.5127, -0.5737, -0.4481, -0.8422|526.0
12|1.0000, -0.2825, -0.6186, -0.9649, 0.4949, -0.6114, -0.2109, -0.1499|1520|0.7809, -0.2758, -0.5708, -0.6842, 0.4755, -0.4734, -0.3981, -0.7798|501.0
13|1.0000, -0.2825, -0.6186, -0.9649, 0.4949, -0.5572, -0.4523, -0.8693|920|0.8002, -0.2636, -0.5737, -0.5912, 0.4726, -0.4076, -0.3839, -0.7385|436.0
14|1.0000, -0.2825, -0.6186, -0.9649, 0.4949, -0.5572, -0.4523, -0.8693|1280|0.8833, -0.2758, -0.6004, -0.8860, 0.4728, -0.5058, -0.4624, -0.8312|464.0
15|1.0000, -0.2825, -0.6186, -0.9649, 0.4949, -0.6114, -0.8536, -0.9538|1540|0.9342, -0.2921, -0.6120, -0.9675, 0.4807, -0.2519, -0.5702, -0.7504|553.0
16|1.0000, -0.2825, -0.6186, -0.9649, 0.5431, -0.6114, -0.2530, -0.9538|1040|0.8179, -0.2908, -0.6243, -0.9653, 0.4390, -0.3130, -0.4404, -0.8258|367.0
17|0.5339, -0.2825, -0.6186, -0.9649, 0.5431, -0.6114, -0.8536, -0.9538|1400|0.8136, -0.3097, -0.6239, -0.9790, 0.4971, -0.3924, -0.5132, -0.8481|476.0
18|1.0000, -0.2928, -0.6186, -1.0000, 0.5628, -0.6114, -0.2530, -0.9538|1080|0.6139, -0.2768, -0.5135, -0.9646, 0.5117, -0.5149, -0.4136, -0.7500|385.0
19|0.5777, -0.2928, -0.6411, -1.0000, 0.5628, -0.6336, -0.2622, -0.9009|1240|0.6207, -0.2867, -0.5710, -0.9842, 0.5365, -0.5796, -0.3905, -0.7602|513.0
20|1.0000, -0.2825, -0.6186, -0.9649, 0.5431, -0.6114, -0.2530, -0.9538|1740|0.7323, -0.2867, -0.6231, -0.9895, 0.5414, -0.5963, -0.3905, -0.7344|512.0
21|1.0000, -0.2928, -0.6186, -1.0000, 0.5431, -0.2759, -0.2530, -0.9885|1340|0.9099, -0.2444, -0.6231, -0.9912, 0.5481, -0.5796, -0.3685, -0.9105|476.0
22|1.0000, -0.2928, -0.6186, -1.0000, 0.5431, -0.3661, -0.2530, -0.9538|1620|0.9964, -0.2872, -0.6198, -0.9894, 0.5490, -0.4548, -0.3568, -0.8483|541.0
23|1.0000, -0.2928, -0.6186, -1.0000, 0.5431, -0.2759, -0.2530, -0.9885|1000|0.9833, -0.2849, -0.6286, -0.8434, 0.4873, -0.4712, -0.2219, -0.9361|445.0
24|1.0000, -0.2928, -0.6186, -1.0000, 0.5431, -0.6336, -0.2530, -0.9538|1980|0.9500, -0.2746, -0.5931, -0.9465, 0.5209, -0.4510, -0.0651, -0.9011|631.0
25|1.0000, -0.1952, -0.6186, -0.6666, 0.3620, -0.4223, 1.0000, -0.5794|2020|0.9122, -0.2644, -0.5682, -0.9155, 0.5039, -0.5156, 0.0981, -0.8523|640.0
26|1.0000, -0.1952, -0.6186, -1.0000, 0.3620, -0.4223, -0.2530, -0.9538|1300|0.8864, -0.2474, -0.6042, -0.8719, 0.4698, -0.4966, 0.1907, -0.7876|517.0
27|0.8632, -0.2439, -0.8060, -1.0000, 0.4858, -0.5278, -0.2184, -0.8234|1080|0.8819, -0.2543, -0.6772, -0.8959, 0.3360, -0.5156, 0.0683, -0.7577|589.0
28|0.6666, -0.1952, -0.4124, -0.5204, 0.3620, -0.4223, 1.0000, -0.5794|2260|0.8751, -0.2476, -0.6481, -0.8946, 0.3973, -0.4749, 0.1321, -0.7702|788.0
29|0.6666, -0.1952, -0.4124, -0.5204, 0.3620, -0.4223, 1.0000, -0.5794|1960|0.8231, -0.2427, -0.5978, -0.8280, 0.4768, -0.4585, 0.2022, -0.7981|678.0
30|0.9564, -0.1952, -0.6411, -0.5204, 0.5431, -0.4223, -0.2530, -0.5794|2900|0.8286, -0.2332, -0.5986, -0.7932, 0.4510, -0.4071, 0.3206, -0.7329|845.0
31|1.0000, -0.2439, -0.6411, -0.9649, 0.4858, -0.5278, -0.2184, -0.5794|1400|0.8040, -0.1861, -0.6475, -0.8617, 0.4687, -0.4338, 0.2638, -0.7645|565.0
32|1.0000, -0.2439, -0.6411, -0.9649, 0.4858, -0.5278, -0.2184, -0.5794|1580|0.7472, -0.2229, -0.5926, -0.9497, 0.4540, -0.4341, 0.0862, -0.7105|613.0
