1|0.1884, -1.0000, -0.6832, -0.7126, -0.0656, 0.8201, 0.1828, 0.2600|2260|-0.1139, -0.0777, -0.0774, 0.1592, -0.1229, -0.0678, -0.0615, -0.0937|120.4
2|0.1884, -0.0275, -1.0000, -0.7126, -0.0656, -0.4730, 0.4577, 0.2600|500|-0.1721, -0.1309, -0.1812, 0.2106, -0.1713, -0.0759, -0.1059, -0.1544|54.4
3|-0.1337, -0.4682, -0.6832, -0.7126, -1.0000, -0.0417, -0.4517, 0.2600|660|-0.2355, -0.3348, -0.2770, 0.0172, -0.1755, 0.1175, -0.1627, -0.0902|80.8
4|-0.0553, 0.3330, -1.0000, -0.7126, -0.6942, 0.8871, -0.4181, 0.2600|1440|-0.2382, -0.3586, -0.4739, -0.1509, -0.3872, 0.1708, -0.1685, 0.0513|171.6
5|-0.1337, -0.4682, -0.6832, -0.7126, -0.2708, -0.0417, 0.0104, -0.1868|2540|-0.2502, -0.3542, -0.6195, -0.4321, -0.5764, 0.0156, -0.0574, 0.0395|370.0
6|-0.1337, -0.4682, -0.6832, -0.7126, -0.2708, -0.0417, 0.0104, -0.1868|2180|-0.1794, -0.3152, -0.6226, -0.5208, -0.6912, -0.1099, -0.1219, 0.1085|459.6
7|-0.1337, -0.4682, -0.7196, -0.7126, -0.2708, -1.0000, -0.4517, 0.2600|2080|-0.1572, -0.3175, -0.7458, -0.5498, -0.7276, -0.0807, -0.0994, 0.0676|417.2
8|0.2702, -0.4682, -0.6832, -0.7126, -0.3536, -0.0417, 0.2749, 0.2600|3000|-0.1847, -0.3575, -0.7284, -0.4414, -0.6001, -0.1495, 0.0102, -0.0120|503.2
9|-0.2602, -0.4682, -1.0000, -0.7126, -0.6824, -0.0417, 0.0104, -0.1868|5200|-0.2086, -0.4364, -0.8434, -0.4175, -0.5095, -0.1795, 0.1240, -0.0258|530.4
10|-0.3651, -0.6570, -0.5784, -1.0000, -0.4962, -0.0585, 0.3858, 0.3648|2240|-0.0669, -0.4316, -0.7886, -0.5616, -0.5485, -0.1595, 0.1183, 0.0215|592.4
11|0.2702, -0.4682, -0.6832, -0.7126, -0.3536, -0.0417, 0.2749, 0.2600|1960|-0.0087, -0.5215, -0.7685, -0.5609, -0.6823, -0.1029, 0.0239, 0.0634|531.2
12|0.2311, -0.8291, -1.0000, -0.0720, -0.3963, 0.0021, 0.0153, -0.1868|3940|0.0576, -0.5052, -0.7142, -0.4023, -0.6873, -0.0278, -0.0438, 0.0827|628.8
13|0.2819, -0.4883, -1.0000, -0.7433, -0.4134, -0.0610, -0.0801, 0.3805|2500|0.1143, -0.5487, -0.7035, -0.5939, -0.6957, -0.0167, -0.1006, 0.1381|615.2
14|0.2702, -1.0000, -0.6832, -0.7126, -0.3963, -0.0417, 0.2749, 0.2600|2980|0.2162, -0.5954, -0.7604, -0.6175, -0.5261, -0.0396, -0.0623, 0.1482|791.2
15|0.2702, -0.4682, -0.7196, -0.7126, -0.3963, -0.0417, 0.2749, -0.2030|3500|0.2284, -0.6766, -0.7173, -0.6826, -0.5642, -0.0041, -0.0942, 0.1121|984.4
16|0.2702, -1.0000, -1.0000, -0.7126, -0.4134, 0.3203, -0.0801, 0.3805|3080|0.2189, -0.7397, -0.7670, -0.6527, -0.4596, 0.0336, -0.2169, 0.1703|867.6
17|0.2702, -1.0000, -0.6832, -0.7126, -0.3963, -0.0417, -0.4764, 0.2600|3740|0.2019, -0.8266, -0.7249, -0.6937, -0.5289, -0.0298, -0.1289, 0.1894|1168.0
18|0.2702, -1.0000, -0.5784, -0.8595, -0.3963, -0.0417, 0.2749, 0.2600|5660|0.2277, -0.8365, -0.7572, -0.6575, -0.4898, -0.0202, -0.0533, 0.1920|1264.8
19|0.2702, -1.0000, -0.6832, -0.7126, -0.3963, -0.0417, 0.2749, 0.2600|4240|0.1943, -0.6206, -0.7496, -0.7278, -0.5194, -0.0292, -0.0341, 0.1845|1068.0
20|0.2702, -1.0000, -0.9588, -0.7126, -0.3963, -0.0417, 0.2749, 0.2600|3320|0.1940, -0.7540, -0.7637, -0.6926, -0.5374, -0.0668, -0.0011, 0.2311|1056.4
21|0.2702, -1.0000, -0.8241, -0.7126, -0.3304, 0.3203, 0.1633, 0.3101|3820|0.2229, -0.7233, -0.7400, -0.7370, -0.5291, -0.0331, -0.0197, 0.2111|898.4
22|0.2093, -1.0000, -0.6832, -0.5520, -0.2097, -0.0345, 0.2785, 0.2223|5700|0.2590, -0.7387, -0.7900, -0.7555, -0.5156, -0.0283, -0.1148, 0.2313|1332.8
23|0.2702, -1.0000, -0.9588, -0.7126, -0.2536, -0.0610, 0.2575, 0.2600|3280|0.2510, -0.8446, -0.8168, -0.7573, -0.4742, -0.0313, -0.0845, 0.2546|1144.8
24|0.2702, -1.0000, -0.9588, -0.7126, -0.3963, -0.0417, 0.2749, 0.2223|4140|0.2607, -0.8668, -0.7851, -0.7359, -0.5922, 0.0328, -0.1539, 0.2384|1269.2
25|0.2702, -1.0000, -0.6832, -0.7126, -0.2530, -0.0417, 0.2749, 0.2223|5300|0.2717, -0.9747, -0.8247, -0.7308, -0.5472, 0.0153, -0.0088, 0.2470|1441.6
26|0.2702, -1.0000, -0.6832, -0.7126, -0.2530, -0.0417, 0.2749, 0.2223|4000|0.2748, -0.9869, -0.8093, -0.7725, -0.5433, -0.0098, -0.0050, 0.2438|1260.8
27|0.2702, -1.0000, -0.6832, -0.7126, -0.2530, -0.0417, 0.2749, 0.2223|4560|0.2764, -0.9559, -0.7857, -0.7860, -0.4954, -0.0200, 0.0147, 0.2584|1389.2
28|0.3792, -0.9220, -0.6832, -1.0000, -0.2530, -0.0102, -0.1002, 0.2223|5500|0.2672, -0.9609, -0.8048, -0.7799, -0.4354, -0.0296, -0.0105, 0.2692|1335.6
29|0.2702, -1.0000, -0.6832, -0.7126, -0.5562, -0.0417, 0.2749, 0.2223|5320|0.2880, -0.9470, -0.8054, -0.7867, -0.3734, -0.0505, -0.0862, 0.2852|1306.4
30|0.3260, -1.0000, -0.6832, -0.7126, 0.3353, -0.0417, 0.2749, 0.2223|6900|0.2851, -0.9342, -0.7814, -0.7035, -0.2861, -0.0463, 0.0431, 0.2788|1206.8
31|0.3260, -1.0000, -0.6832, -0.7126, 0.3353, -0.0417, 0.2749, 0.2223|5940|0.2721, -0.9292, -0.7495, -0.7431, -0.2090, -0.0494, 0.1025, 0.2580|1394.8
32|0.2206, -1.0000, -0.6832, -0.7126, 0.5872, -0.0102, 0.2749, 0.2223|8880|0.2594, -0.9816, -0.7301, -0.7561, -0.2273, -0.0330, 0.1281, 0.2549|1903.2
