1|-0.2754, -0.8635, -0.7522, -0.9638, -0.6634, 0.5300, 0.5511, 1.0000|1400|0.0765, -0.0355, -0.0243, -0.1407, -0.0025, -0.1221, 0.0809, 0.0466|146.0
2|0.1957, -0.5982, -0.6437, -0.9638, 0.6504, 0.5300, 0.5511, -0.6321|1340|0.0378, -0.1677, -0.1364, -0.3709, -0.1547, -0.1759, -0.0303, 0.1481|205.0
3|1.0000, -0.6104, -0.1835, -0.1661, -0.5478, -0.5941, -0.5898, 0.1380|2840|0.1031, -0.2390, -0.3892, -0.5279, -0.2591, -0.2094, -0.0778, 0.1234|332.0
4|0.6059, -0.6104, -0.1835, -0.2672, -0.9126, 0.0113, -0.5898, 0.1380|3200|0.2127, -0.4352, -0.3913, -0.6550, -0.3202, -0.1527, -0.0439, 0.0925|449.2
5|0.3506, -0.8635, -0.1835, -0.2672, -0.9126, 0.2047, -0.5898, 0.1380|2200|0.2245, -0.5382, -0.3913, -0.6650, -0.3669, -0.2245, -0.0162, 0.1491|500.6
6|0.2178, -0.9327, -1.0000, -0.7675, -0.6511, -1.0000, 0.2412, 0.5161|3220|0.3137, -0.5520, -0.4294, -0.6900, -0.3256, -0.2010, 0.1507, 0.0943|688.6
7|0.8501, -1.0000, -0.4594, -0.4377, 0.1082, 0.0185, 0.5806, 0.2261|7400|0.2996, -0.5967, -0.4358, -0.6899, -0.3674, -0.2526, 0.0526, 0.0132|667.2
8|0.9692, -0.5916, -0.8739, -0.2590, -0.8845, -1.0000, -0.5716, 0.1338|2560|0.3359, -0.5545, -0.4546, -0.7316, -0.4982, -0.2690, -0.0702, -0.0218|616.0
9|0.5333, -0.9626, -0.9017, -0.7427, -0.9126, 0.3476, 0.3544, -0.4033|2900|0.4003, -0.5536, -0.5327, -0.6831, -0.6453, -0.2020, -0.1358, 0.0030|744.2
10|0.9692, -0.8635, -0.8739, -0.2590, -0.8845, 0.0239, -0.3353, 0.3761|4220|0.5083, -0.5908, -0.5335, -0.6423, -0.6989, -0.2603, -0.1124, -0.0800|903.8
11|0.9413, -0.9484, -1.0000, -0.9906, -0.5987, 0.1132, -0.9163, 0.5843|3680|0.5394, -0.6332, -0.5663, -0.5740, -0.7238, -0.1861, -0.1533, 0.0244|969.0
12|0.6059, -0.5464, -0.1927, -0.2672, -0.2854, 0.0113, -0.5898, 0.1380|3120|0.5672, -0.5738, -0.5238, -0.5581, -0.6915, -0.2154, -0.3213, 0.0758|895.0
13|0.6059, -0.8635, -0.1835, -0.2672, -0.0234, 0.0113, -1.0000, 0.1380|4180|0.6385, -0.6312, -0.5155, -0.5008, -0.6989, -0.1760, -0.2984, 0.0244|971.0
14|1.0000, -0.8604, -0.1927, -0.2672, -0.2854, 0.0113, -0.5898, -0.4145|4380|0.6625, -0.6835, -0.4843, -0.5040, -0.6710, -0.2078, -0.2873, 0.0945|1027.2
15|0.6059, -0.5382, -0.1835, -0.2672, -0.9126, -0.0859, 0.1366, 0.1338|4020|0.6380, -0.6764, -0.4854, -0.4442, -0.6875, -0.2180, -0.2784, 0.1113|1089.2
16|0.6059, -0.6104, -0.9017, -0.2672, -0.2854, 0.0239, 0.1366, 0.1338|5160|0.6293, -0.6194, -0.4328, -0.4169, -0.6263, -0.1858, -0.3198, 0.2496|973.6
17|0.4064, -1.0000, -0.1954, -0.1792, -0.1914, 0.0113, 0.3544, 0.1513|6240|0.6044, -0.6461, -0.4494, -0.3971, -0.6301, -0.2301, -0.3136, 0.1888|1136.4
18|0.6059, -0.5382, -0.1835, -0.2672, -0.9126, -0.0859, 0.1366, 0.1338|6820|0.6448, -0.6613, -0.4256, -0.4141, -0.6038, -0.1852, -0.2485, 0.2208|1184.4
19|0.6059, -0.8635, -0.9017, -0.2672, -0.2854, 0.0239, 0.1366, 0.1338|5680|0.6548, -0.6461, -0.4866, -0.4032, -0.6073, -0.2267, -0.1214, 0.2546|1275.8
20|0.6059, -0.8635, -0.9017, -0.2672, -0.2854, 0.0239, 0.1366, 0.1338|6480|0.6708, -0.6474, -0.4142, -0.3975, -0.6702, -0.2259, -0.0449, 0.1993|1195.4
21|1.0000, -0.9265, -0.2913, -0.4530, -0.9415, 0.0113, 0.2465, 0.1380|6480|0.6864, -0.6793, -0.3814, -0.3983, -0.6926, -0.0932, -0.0327, 0.1340|1283.8
22|0.9692, -0.8635, -0.2010, -0.2928, -0.2854, 0.0262, 0.1366, 0.1338|7520|0.6976, -0.7700, -0.3535, -0.3557, -0.6074, -0.1155, -0.0175, 0.0726|1627.4
23|1.0000, -1.0000, -0.1954, -0.2672, -0.2854, 0.0076, -0.3463, 0.1380|15500|0.7405, -0.7969, -0.2891, -0.3149, -0.4806, -0.1054, -0.0451, 0.0865|2275.2
24|1.0000, -0.8877, -0.1770, -0.1623, -0.2854, 0.0113, 0.1497, 0.1380|8780|0.7031, -0.7069, -0.2720, -0.2790, -0.4770, -0.1236, -0.0441, 0.0773|2138.2
25|0.6188, -1.0000, -0.1735, -0.1653, -0.1766, 0.0070, 0.0513, 0.0854|44020|0.7998, -0.8364, -0.2770, -0.2612, -0.4478, -0.1579, -0.0283, 0.1158|2739.2
26|0.6188, -1.0000, -0.1735, -0.1653, -0.1766, 0.0113, 0.0830, 0.1513|19900|0.7655, -0.8452, -0.2484, -0.3001, -0.4221, -0.1616, -0.0520, 0.1213|2911.2
27|0.6059, -0.9327, -0.1770, -0.2672, -0.2854, 0.0070, 0.0513, 0.0854|13180|0.7468, -0.8698, -0.2241, -0.2767, -0.3535, -0.1220, 0.0010, 0.1439|3365.0
28|1.0000, -1.0000, -0.1770, -0.1623, -0.1142, 0.0045, 0.0830, 0.0823|18820|0.6658, -0.8093, -0.2324, -0.2513, -0.2673, -0.0897, 0.0110, 0.1287|3916.2
29|0.6074, -1.0000, -0.1735, -0.1653, -0.1766, -0.0121, -0.3463, 0.1380|40380|0.7383, -0.9091, -0.2226, -0.2473, -0.2769, -0.0373, -0.0138, 0.1241|5501.2
30|0.6188, -1.0000, -0.1735, -0.1653, -0.1766, 0.0113, 0.0830, 0.1513|52600|0.7527, -0.9419, -0.1854, -0.2251, -0.2034, -0.0173, 0.0278, 0.1263|7268.4
31|0.6059, -1.0000, -0.1770, -0.1653, 0.0002, 0.0113, 0.1366, 0.1513|60540|0.7454, -0.9644, -0.1865, -0.2058, -0.2337, -0.0008, 0.0363, 0.1084|8239.8
32|0.6059, -1.0000, -0.1770, -0.1653, 0.0002, 0.0113, 0.1366, 0.1513|64640|0.7592, -0.9817, -0.1789, -0.2037, -0.2215, 0.0038, 0.0211, 0.1234|9439.8
