1|-0.3399, -1.0000, -0.8118, -0.8406, 0.3849, -0.0241, -0.0304, 0.1696|3260|0.0122, -0.2671, -0.1855, -0.0082, -0.1554, -0.1389, -0.0190, -0.0903|148.2
2|0.8366, -0.9506, -0.8053, -1.0000, -0.2888, 0.3594, -0.1373, -0.5253|1600|0.1443, -0.3687, -0.1743, -0.1790, -0.1889, -0.1720, -0.1154, -0.1773|179.8
3|0.8366, -0.9506, -0.8053, -1.0000, 0.2938, 0.3594, -0.1373, -0.5253|3360|0.2442, -0.5533, -0.2002, -0.4404, -0.2526, -0.1920, -0.0708, -0.1895|393.6
4|1.0000, -0.8615, -1.0000, -0.5991, -0.2617, 0.3257, -0.1244, -0.4761|5420|0.3248, -0.5710, -0.4067, -0.4614, -0.1053, 0.0645, -0.0765, -0.2186|350.6
5|-0.0803, -0.8615, -0.8053, -1.0000, -0.2888, 0.3594, -0.1373, -0.4761|1980|0.3930, -0.4430, -0.5173, -0.4658, -0.0552, 0.0210, -0.1124, -0.2998|286.6
6|1.0000, -0.8615, -1.0000, -0.5991, -0.2617, 0.3257, -0.1244, -0.4761|2840|0.3589, -0.5007, -0.6359, -0.6046, -0.0218, 0.0480, -0.1071, -0.3287|387.2
7|0.7786, -0.9501, -0.4737, -0.5496, -0.0539, 0.0302, 0.7460, 0.0409|3420|0.4063, -0.6014, -0.6782, -0.7202, -0.0579, 0.1017, -0.0956, -0.3162|517.4
8|0.7786, -0.9501, -0.4737, -0.5496, -0.0539, 0.0302, 0.7460, 0.0409|2620|0.3292, -0.5739, -0.5753, -0.8220, -0.0688, 0.0986, -0.0108, -0.2906|586.8
9|0.8800, -0.9301, -0.8053, -0.8491, -0.5462, -0.1533, -0.1373, 0.8781|6240|0.3122, -0.6688, -0.7004, -0.8490, -0.0952, 0.1241, -0.0506, -0.2211|818.8
10|0.8800, -0.9301, -0.8053, -0.8491, -0.5462, -0.1533, -0.1373, 0.8781|2700|0.3555, -0.6460, -0.6967, -0.7832, -0.0280, 0.1272, -0.0532, -0.1612|689.6
11|0.2234, -0.9506, -0.8053, -1.0000, 0.1634, 0.2061, 0.1602, 0.4448|3460|0.4480, -0.6874, -0.6975, -0.8376, -0.1067, 0.0362, -0.0784, -0.0732|873.0
12|0.8800, -0.9303, -0.8053, -1.0000, -0.5462, 0.3257, -0.1373, 0.8781|3300|0.5201, -0.7742, -0.7294, -0.8298, -0.0922, -0.0256, -0.0543, 0.0018|895.8
13|1.0000, -0.7248, -0.6599, -0.6615, 0.1273, -0.1194, -0.1125, 0.6841|5520|0.5542, -0.6547, -0.7021, -0.7080, -0.0648, -0.0409, -0.0360, -0.1004|1014.6
14|0.8800, -1.0000, -0.8053, -0.5907, 0.1800, -0.0191, -0.2078, 0.0930|6040|0.6111, -0.8341, -0.6920, -0.8251, -0.1403, -0.0450, 0.0353, -0.0475|1277.4
15|0.3969, -1.0000, -0.9105, -0.5907, 0.1800, -0.0191, -0.2078, 0.0930|6400|0.6208, -0.7925, -0.6772, -0.7600, -0.1640, -0.0238, 0.0289, 0.0444|1219.2
16|0.3969, -0.9301, -0.9105, -0.8491, -0.5462, -0.1533, -0.1373, 0.8781|5380|0.6899, -0.8755, -0.7358, -0.6475, -0.1698, -0.0415, 0.0216, 0.0947|1161.0
17|0.8800, -0.9301, -0.8053, -0.8491, -0.5462, -0.1533, -0.1373, 0.8781|4860|0.6806, -0.9022, -0.7597, -0.7478, -0.2006, -0.0453, 0.0079, 0.2975|1202.6
18|0.3970, -1.0000, -0.4012, -0.6236, 0.1756, 0.2662, 0.2667, -0.0822|7680|0.7289, -0.9218, -0.7918, -0.7957, -0.1677, -0.0342, 0.0812, 0.2504|1471.8
19|0.3692, -0.9506, -0.3731, -0.5907, 0.3091, -0.1533, -0.1373, 0.0930|8520|0.7463, -0.6941, -0.7581, -0.8142, -0.1635, -0.0347, 0.1564, 0.2939|1312.0
20|0.3886, -0.7248, -0.8475, -0.6615, 0.1835, 0.3428, -0.1125, 0.6841|5940|0.7295, -0.7029, -0.7754, -0.7690, -0.1034, 0.0038, 0.1169, 0.3158|1223.4
21|0.4496, -1.0000, -0.4544, -0.7063, 0.1989, 0.3015, 0.5648, -0.0931|4400|0.7362, -0.7981, -0.7548, -0.7793, -0.2385, 0.0319, 0.1113, 0.4300|1187.2
22|1.0000, -1.0000, -0.8053, -0.7140, 0.3551, 0.2662, 0.6482, 0.8781|5340|0.5771, -0.8910, -0.7226, -0.6941, -0.2900, 0.0335, 0.1379, 0.3955|1213.4
23|0.7786, -1.0000, -0.8658, -0.8217, -0.5873, 0.2662, 0.7460, 0.9441|4060|0.6545, -0.9373, -0.7593, -0.7859, -0.4208, 0.0062, 0.1011, 0.4842|1388.8
24|1.0000, -0.5484, -0.9494, -0.9010, -0.3281, 0.3025, 0.8477, -0.1458|4380|0.7679, -0.9071, -0.7487, -0.8048, -0.4606, 0.0064, 0.1317, 0.4076|1379.4
25|0.9462, -1.0000, -0.8658, -1.0000, 0.2026, -0.2105, -0.0162, 0.9441|5400|0.8020, -0.8960, -0.7419, -0.7946, -0.4926, -0.0304, 0.0977, 0.4388|1498.2
26|1.0000, -0.9501, -0.4706, -0.8648, -0.5873, 0.0298, -0.1476, 0.3257|6000|0.8011, -0.8799, -0.5264, -0.5705, -0.5011, -0.0493, 0.0950, 0.5096|1342.0
27|0.9462, -1.0000, -0.8658, -0.4475, -0.5873, -0.0311, -0.1373, 0.8781|5300|0.8158, -0.8612, -0.6334, -0.7506, -0.4927, -0.0750, 0.0707, 0.5310|1121.6
28|0.8371, -1.0000, -0.6997, -0.7929, -0.2509, 0.2313, -0.2008, 0.9441|4680|0.7736, -0.8768, -0.6547, -0.7749, -0.4437, -0.0617, -0.0459, 0.6165|1268.0
29|0.9462, -1.0000, -0.9494, -1.0000, -0.2739, -0.1121, -0.0162, 0.6419|5700|0.6743, -0.8937, -0.6239, -0.7869, -0.3813, -0.0612, -0.0281, 0.6226|1466.6
30|0.9462, -1.0000, -0.5886, -0.8648, -0.2739, -0.0311, -0.1476, 0.6419|4520|0.6602, -0.8541, -0.6095, -0.8007, -0.2998, -0.0608, -0.0065, 0.6250|1372.2
31|0.9462, -0.9708, -0.8658, -0.9708, 0.1967, -0.2105, -0.0162, 0.9441|6200|0.6987, -0.8728, -0.5514, -0.7019, -0.3385, -0.0216, -0.0034, 0.5332|1535.4
32|0.6268, -1.0000, -0.5736, -0.6048, -0.5873, -0.1801, -0.0745, 0.5883|5300|0.7817, -0.9420, -0.5259, -0.7730, -0.3823, -0.0147, 0.0012, 0.5614|1443.6
