1|0.8427, -1.0000, -0.6121, -0.4897, -0.7471, -0.3060, -0.2295, -1.0000|2120|-0.0751, 0.1278, 0.0212, -0.1688, 0.0667, -0.0153, 0.0649, 0.1277|66.2
2|-0.0599, -1.0000, -0.6142, -1.0000, -0.6561, -0.3060, -0.2295, -0.1662|1780|-0.0675, 0.1950, -0.1784, -0.3413, -0.0107, -0.1545, 0.1132, 0.1294|132.0
3|1.0000, -0.9372, -0.5736, -0.4590, -0.6053, -0.4821, -0.2151, 0.1679|2700|0.0462, 0.1399, -0.3616, -0.4776, -0.1808, -0.2896, 0.0382, 0.0238|239.0
4|1.0000, -0.9372, -0.5736, -0.4590, -0.6053, -0.4821, -0.2151, 0.1679|3120|0.1478, 0.0464, -0.6156, -0.5679, -0.1971, -0.3837, -0.0129, -0.0338|401.6
5|0.8023, -1.0000, -0.6142, -1.0000, -0.7471, -0.3892, 0.0174, 0.0315|2080|0.2414, -0.1234, -0.7041, -0.6885, -0.2548, -0.4355, 0.0195, 0.0584|504.6
6|0.9862, -0.9372, -0.5736, -0.4590, -0.7471, -0.6623, -0.0009, 0.5548|7420|0.3530, -0.1922, -0.7994, -0.7146, -0.2385, -0.5592, 0.0883, 0.0199|814.4
7|1.0000, -0.9503, -0.5543, -0.6186, -0.5623, 0.2391, -0.0009, 0.7707|9020|0.4244, -0.2863, -0.7877, -0.6925, -0.2979, -0.5103, 0.0793, 0.0853|802.4
8|0.2777, -1.0000, -1.0000, -0.8287, -0.8246, -0.3060, -0.1759, 0.0315|5020|0.4523, -0.4637, -0.7624, -0.7625, -0.3644, -0.5066, 0.0341, 0.1141|856.6
9|0.6723, -0.8380, -0.8047, -0.8414, 0.2118, -0.4040, 1.0000, -0.1392|6420|0.6384, -0.6301, -0.8151, -0.7439, -0.3708, -0.5213, -0.0475, 0.1081|1052.0
10|0.9862, -1.0000, -1.0000, -1.0000, 0.2506, -0.4465, 0.0037, 0.1679|5700|0.7179, -0.6682, -0.7760, -0.7198, -0.4112, -0.4916, 0.0041, 0.0867|1100.4
11|1.0000, -0.9372, -1.0000, -0.8260, 0.2506, -0.4465, -0.2295, 0.0315|5600|0.7354, -0.6614, -0.7857, -0.7571, -0.3963, -0.5102, -0.0067, 0.1303|1142.2
12|0.8023, -1.0000, -1.0000, -0.8452, -0.6458, -0.4465, -0.2151, 0.1679|5100|0.7318, -0.7533, -0.7899, -0.7793, -0.3708, -0.4992, -0.0254, 0.1123|1223.4
13|0.9862, -1.0000, -1.0000, -0.4925, -0.0533, -0.3060, -0.0099, 0.0315|5240|0.7454, -0.8490, -0.7785, -0.7430, -0.2613, -0.4970, 0.0068, 0.1456|1287.2
14|0.9862, -1.0000, -0.5929, -0.4925, 0.1194, -0.5144, 0.1396, 0.0467|5140|0.7066, -0.8922, -0.7439, -0.6932, -0.2475, -0.5033, -0.0219, 0.1705|1449.6
15|0.5548, -1.0000, -0.5548, -0.3929, 0.1390, -0.3060, -0.1616, 0.3609|7560|0.7343, -0.9040, -0.7564, -0.6744, -0.2398, -0.4760, -0.0598, 0.1935|1408.6
16|0.8023, -0.9372, -1.0000, -1.0000, 0.2118, -0.3060, -0.0009, 0.1792|6340|0.7678, -0.9373, -0.7472, -0.6747, -0.2232, -0.4621, -0.0759, 0.2080|1395.8
17|0.9862, -1.0000, -0.8441, -0.4590, -0.2156, -0.7826, -0.1616, 0.6506|5640|0.8628, -0.9006, -0.6967, -0.5729, -0.2788, -0.4614, -0.1251, 0.2331|1433.2
18|1.0000, -0.9877, -0.6061, -0.3929, -0.4998, -0.5081, -0.1616, 0.2082|5060|0.8829, -0.9410, -0.6860, -0.6530, -0.2173, -0.4722, -0.1323, 0.2181|1550.0
19|0.8441, -1.0000, -0.5543, -0.4590, 0.0690, -0.3060, -0.1616, 0.0224|9400|0.8910, -0.9666, -0.6848, -0.6623, -0.2664, -0.4545, -0.1406, 0.2473|1919.4
20|0.8023, -0.9372, -0.5736, -0.4187, -0.2156, -0.3060, -0.0009, 0.1792|6260|0.9101, -0.9817, -0.6823, -0.6037, -0.3044, -0.4440, -0.1457, 0.2633|1880.8
21|1.0000, -1.0000, -0.5929, -0.4590, 0.0690, -0.5081, 0.1396, -0.1007|6960|0.9041, -0.9531, -0.6987, -0.5742, -0.2785, -0.4445, -0.1635, 0.2423|1553.4
22|0.8023, -0.9372, -0.5543, -0.4187, 0.0690, -0.3060, -0.1616, -0.1662|5660|0.9075, -0.9790, -0.7208, -0.5978, -0.2661, -0.4201, -0.1422, 0.2638|1580.4
23|1.0000, -1.0000, -0.5736, -0.3929, -0.2156, -0.1147, -0.0009, 0.1792|7020|0.9206, -0.9843, -0.6985, -0.5426, -0.2727, -0.4365, -0.1621, 0.2363|2035.4
24|0.9862, -0.9877, -0.8263, -0.4590, -0.4998, -0.7826, -0.1616, 0.1792|6540|0.8597, -0.9563, -0.6958, -0.5279, -0.2795, -0.4056, -0.1345, 0.2614|1974.2
25|1.0000, -1.0000, -0.8263, -0.3620, -0.6053, -0.3988, -0.1616, 0.1792|8800|0.8494, -0.9381, -0.6924, -0.5278, -0.3104, -0.3726, -0.1433, 0.2616|2036.6
26|1.0000, -1.0000, -0.8263, -0.3620, -0.2156, -0.3988, -0.1616, 0.3853|9640|0.8743, -0.9561, -0.6672, -0.5035, -0.3277, -0.3559, -0.1315, 0.2366|1976.8
27|1.0000, -1.0000, -0.7421, -0.3929, -0.0479, 0.1020, -0.0009, 0.3416|7000|0.8611, -0.9535, -0.6633, -0.4655, -0.3247, -0.3340, -0.1238, 0.2370|2096.0
28|1.0000, -1.0000, -0.8441, -0.4187, 0.0736, -0.3667, -0.0073, 0.1912|6360|0.9260, -0.9575, -0.6658, -0.3980, -0.3091, -0.3689, -0.1134, 0.2286|1898.4
29|0.7844, -1.0000, -0.6121, -0.3424, -0.0533, 0.1005, -0.1616, 0.1792|8300|0.9361, -0.9317, -0.6405, -0.4182, -0.2920, -0.3692, -0.1061, 0.2473|2273.4
30|0.8023, -1.0000, -0.5050, -0.3386, -0.2300, -0.3988, -0.1639, 0.1817|7700|0.9561, -0.9555, -0.6284, -0.4081, -0.3290, -0.3484, -0.1121, 0.2342|2222.6
31|0.9862, -1.0000, -0.8263, -0.4590, -0.4185, -0.4465, -0.1616, 0.1792|9020|0.9387, -0.9387, -0.6099, -0.4000, -0.2956, -0.3316, -0.1127, 0.2427|2272.6
32|1.0000, -1.0000, -0.5050, -0.4925, -0.2300, 0.1005, -0.0069, 0.1912|9720|0.8972, -0.9380, -0.5912, -0.3774, -0.2556, -0.3125, -0.1113, 0.2431|2462.8
