1|1.0000, -0.4622, -0.6387, -1.0000, 0.0401, -0.5348, 0.8172, 0.4842|1100|-0.0799, -0.0739, -0.1218, -0.1467, -0.0086, -0.0305, 0.0542, -0.0493|91.0
2|1.0000, -0.4622, -0.6387, -1.0000, 0.0401, -0.5348, 0.8172, 0.4842|1640|-0.1045, -0.2191, -0.2284, -0.4120, 0.0706, -0.0901, 0.1068, -0.0503|207.6
3|0.7619, -0.7793, -0.8974, -0.5057, -0.1987, 0.7534, -1.0000, 0.3349|2440|-0.0270, -0.3510, -0.3822, -0.6135, 0.0368, -0.1852, 0.2563, -0.1263|345.4
4|1.0000, -0.7618, -0.4689, -0.5805, 0.5032, -0.3469, 0.6051, -0.0291|3920|0.2958, -0.5319, -0.3710, -0.7053, 0.0148, -0.2093, 0.2616, -0.0639|492.6
5|0.2354, -0.7660, -0.5901, -0.6210, -0.0126, 0.0891, 0.5027, -0.5987|2180|0.3049, -0.6318, -0.3783, -0.6834, -0.0812, -0.2424, 0.3356, -0.0613|501.0
6|-0.3938, -0.7313, -0.7816, -0.7341, 0.0491, -0.3904, 0.6051, 0.5925|4340|0.4235, -0.7294, -0.4039, -0.7522, -0.1304, -0.2702, 0.3237, -0.1587|712.4
7|0.2354, -1.0000, -0.0788, -0.6210, -0.0126, 0.0891, 0.5027, 0.3672|2940|0.5275, -0.7429, -0.4486, -0.7547, -0.1356, -0.2586, 0.3472, -0.1109|827.6
8|1.0000, -1.0000, -0.4689, -0.5545, 0.0889, 0.2751, 0.7996, -0.0195|5240|0.6284, -0.7700, -0.4326, -0.7173, -0.1646, -0.2104, 0.3323, -0.1079|972.6
9|1.0000, -0.7313, -0.8857, -0.7341, 0.5032, -0.3904, 0.1496, -0.0291|3240|0.6772, -0.7493, -0.4615, -0.7421, -0.1074, -0.2056, 0.3680, -0.0232|944.4
10|1.0000, -0.6984, -0.5362, -0.6210, -0.5794, -0.3904, 0.7996, -0.0291|4900|0.7228, -0.7527, -0.5061, -0.6833, -0.2594, -0.1266, 0.4032, 0.0154|1063.4
11|1.0000, -1.0000, -0.7816, -0.7341, 0.0491, -0.2495, 0.2054, -0.1380|6460|0.6962, -0.7889, -0.4372, -0.7125, -0.2757, -0.1336, 0.3983, 0.1062|1118.6
12|1.0000, -0.7313, -0.1497, -0.7341, 0.3058, -0.3904, 0.1496, 0.4842|4180|0.6494, -0.7838, -0.4725, -0.6860, -0.2118, -0.2080, 0.4292, 0.0967|1067.6
13|1.0000, -1.0000, -0.7816, -0.7341, 0.0491, -0.2495, 0.2054, -0.1380|5700|0.7553, -0.8583, -0.5155, -0.6781, -0.3047, -0.2254, 0.3808, 0.0890|1213.0
14|1.0000, -1.0000, -0.4689, -0.5100, 0.0205, -0.3904, 0.1496, 0.0026|6540|0.8272, -0.8449, -0.5219, -0.6894, -0.2988, -0.2231, 0.3932, 0.1877|1465.6
15|0.3073, -0.9133, -0.3855, -0.5805, -0.0165, 0.0597, 0.2054, 0.4842|7280|0.8106, -0.9022, -0.4929, -0.6698, -0.2668, -0.2102, 0.2694, 0.1865|1794.4
16|1.0000, -1.0000, -0.3855, -0.5805, -0.0126, -0.2868, 0.2054, -0.0385|5420|0.8885, -0.8878, -0.5090, -0.6326, -0.2794, -0.1793, 0.2662, 0.1649|1483.0
17|0.3073, -0.9133, -0.3855, -0.5805, -0.0165, 0.0597, 0.2054, 0.6652|8020|0.7631, -0.9078, -0.4544, -0.6398, -0.2613, -0.1307, 0.2465, 0.1688|1800.2
18|0.4762, -1.0000, -0.0520, -0.4062, 0.0280, 0.0642, 0.1171, 0.2760|10380|0.8155, -0.9021, -0.4637, -0.5777, -0.1407, -0.1259, 0.2380, 0.1911|1934.6
19|1.0000, -0.9133, -0.0912, -0.5805, 0.0491, 0.0891, 0.2054, 0.4842|6540|0.9250, -0.9080, -0.4870, -0.5801, -0.1358, -0.1341, 0.2156, 0.1886|2178.6
20|1.0000, -1.0000, -0.4689, -0.4287, 0.0280, 0.0642, 0.1199, 0.2760|15540|0.8617, -0.9303, -0.4998, -0.6058, -0.1443, -0.1514, 0.2201, 0.2124|2242.8
21|1.0000, -1.0000, -0.1800, -0.2818, -0.0165, 0.1126, 0.1496, -0.0422|20540|0.8322, -0.9180, -0.4923, -0.5589, -0.1622, -0.1445, 0.2390, 0.1740|2656.6
22|1.0000, -1.0000, -0.2569, -0.4022, -0.0517, -0.1367, 0.0819, 0.2653|25060|0.8566, -0.9504, -0.4683, -0.5721, -0.1588, -0.1331, 0.2084, 0.1799|2437.6
23|1.0000, -1.0000, -0.2569, -0.4022, -0.0517, -0.1367, 0.0819, 0.2653|16120|0.8807, -0.9457, -0.4863, -0.5604, -0.1374, -0.1267, 0.1828, 0.2064|2464.2
24|1.0000, -0.9133, -0.4689, -0.4062, -0.3173, 0.0891, 0.1095, -0.0195|8500|0.8520, -0.9476, -0.4304, -0.4816, -0.0886, -0.1217, 0.1397, 0.2840|2648.0
25|1.0000, -1.0000, -0.2569, -0.4022, 0.0491, -0.2495, 0.2054, 0.4842|13260|0.8903, -0.9487, -0.4274, -0.5384, -0.0881, -0.0959, 0.1416, 0.3306|2913.0
26|1.0000, -1.0000, -0.2569, -0.4022, -0.0517, -0.1367, 0.0819, 0.1641|23040|0.8688, -0.9460, -0.3937, -0.5261, -0.0415, -0.0791, 0.1278, 0.3113|3220.8
27|1.0000, -1.0000, -0.2569, -0.4022, -0.0517, -0.1367, 0.0819, 0.1641|16280|0.9120, -0.9028, -0.4126, -0.4608, -0.0305, -0.0549, 0.1250, 0.3215|3194.8
28|1.0000, -1.0000, -0.4689, -0.4022, -0.0049, 0.0891, 0.1496, 0.1859|13680|0.9186, -0.9166, -0.3687, -0.4872, -0.0239, -0.0547, 0.1197, 0.3180|3128.8
29|0.8354, -1.0000, -0.1975, -0.3092, -0.0053, -0.1051, 0.1641, 0.3557|17540|0.8641, -0.9551, -0.3575, -0.5079, -0.0040, -0.0332, 0.1112, 0.3235|4055.0
30|0.8354, -1.0000, -0.2998, -0.5805, 0.0131, 0.1244, 0.1095, 0.5301|17800|0.8594, -0.8680, -0.3433, -0.4706, -0.0032, -0.0139, 0.1234, 0.2508|3754.4
31|1.0000, -1.0000, -0.2569, -0.4022, 0.0241, 0.0766, 0.1286, 0.3557|19460|0.9187, -0.9141, -0.3510, -0.4586, -0.0018, -0.0136, 0.1213, 0.2865|3666.6
32|1.0000, -1.0000, -0.1975, -0.4062, 0.0235, 0.1483, 0.2054, -0.0076|41840|0.8988, -0.9015, -0.3530, -0.4355, -0.0015, -0.0040, 0.1221, 0.3074|4647.2
