1|-0.0648, -0.7164, -0.2863, -0.3764, -1.0000, 0.0017, 0.5616, 0.3039|2380|-0.0817, 0.0335, -0.2113, -0.0354, 0.0423, 0.0911, -0.0533, -0.0620|87.8
2|-0.0648, -0.7164, -0.2863, -0.4638, -1.0000, 0.0017, -0.5096, 0.3039|1580|-0.0143, -0.0050, -0.3046, -0.2145, -0.0559, -0.0095, -0.0261, -0.0409|143.6
3|0.9465, -0.3612, -1.0000, -0.5493, -0.2063, -0.7700, 0.0569, 0.5786|2980|0.0560, -0.1361, -0.3227, -0.3697, -0.1497, -0.1099, -0.0185, 0.0241|361.4
4|-0.0648, -0.7164, -0.2863, -0.3764, -1.0000, -0.0021, 0.5616, 0.3039|2020|0.0676, -0.1557, -0.4762, -0.4883, -0.2006, -0.2079, -0.0069, -0.0359|335.2
5|-0.0350, -0.2571, -0.8384, -0.4605, -0.2872, -0.0011, 0.3030, 0.1389|1800|-0.0274, -0.2699, -0.5707, -0.5038, -0.2679, -0.3260, 0.0032, -0.1217|443.6
6|0.0380, -1.0000, -0.1027, -0.1500, 0.1829, -0.1574, -0.0243, -0.0708|3920|0.0592, -0.3307, -0.5750, -0.5999, -0.4385, -0.2716, 0.0351, -0.1059|541.0
7|-0.0905, -1.0000, -0.5074, -0.2597, -0.4008, -0.7601, -0.2853, -0.1343|2360|0.1041, -0.3926, -0.4944, -0.6229, -0.4568, -0.2673, 0.0610, -0.1809|576.6
8|1.0000, -1.0000, -0.2007, -0.5974, -0.0969, -0.0015, 0.2898, 0.3039|3580|0.0689, -0.4365, -0.4826, -0.5863, -0.4441, -0.3657, -0.0572, -0.1915|612.2
9|1.0000, -1.0000, -0.2007, -0.5974, 0.3167, -0.0956, -0.0421, -0.1225|4340|0.1627, -0.5272, -0.3717, -0.5545, -0.2036, -0.3304, -0.0551, -0.1162|777.2
10|1.0000, -1.0000, -0.5074, -0.2597, -0.4008, -0.7601, -0.2853, 0.3039|4420|0.3188, -0.5420, -0.3809, -0.5647, -0.2794, -0.3151, -0.0360, -0.1378|783.8
11|1.0000, -1.0000, -0.5074, -0.2597, 0.0351, -0.0015, 0.3619, -0.1343|9560|0.4243, -0.6925, -0.3675, -0.5139, -0.3006, -0.2632, -0.0425, -0.0910|931.2
12|-0.0905, -1.0000, -0.5702, -0.5529, 0.2212, -0.2771, 0.0106, 0.2421|7420|0.4229, -0.7473, -0.3421, -0.5646, -0.3122, -0.1779, -0.0735, -0.0628|1218.8
13|1.0000, -1.0000, -0.2281, -0.3500, -0.4008, -0.0956, -0.1987, -0.2090|4140|0.5399, -0.7477, -0.3503, -0.5545, -0.2681, -0.1830, -0.0634, -0.1054|1101.8
14|1.0000, -0.7235, -0.2789, -0.1879, 0.0254, 0.0017, 0.1359, -0.0824|11500|0.5501, -0.7472, -0.3749, -0.5041, -0.3223, -0.1136, 0.0552, -0.0952|1426.4
15|1.0000, -0.8748, -0.5702, -0.5254, 0.0351, -0.0956, -0.0102, 0.0767|8380|0.5969, -0.8438, -0.3850, -0.5269, -0.3420, -0.0089, 0.0282, -0.0603|1415.2
16|1.0000, -1.0000, -0.5702, -0.5254, 0.2212, 0.0024, 0.0106, -0.1339|8380|0.5596, -0.7898, -0.3836, -0.4973, -0.3302, -0.0363, -0.0062, -0.0051|1701.0
17|1.0000, -1.0000, -0.2690, -0.2597, 0.2212, 0.0024, -0.1987, -0.2208|10480|0.6281, -0.8878, -0.3715, -0.4191, -0.3427, -0.0688, 0.0673, -0.0446|1620.6
18|1.0000, -1.0000, -0.2281, -0.4037, 0.2212, 0.0024, 0.2898, 0.0767|18540|0.6133, -0.6888, -0.4121, -0.4676, -0.2427, -0.0567, 0.0717, 0.0110|1867.0
19|0.5735, -1.0000, -0.1543, -0.1489, -0.2299, -0.0026, 0.1662, -0.1199|8920|0.5238, -0.7155, -0.4199, -0.4598, -0.2400, -0.0732, 0.1021, -0.0288|1458.4
20|1.0000, -1.0000, -0.3893, -0.2395, 0.0159, -0.0046, -0.0421, 0.0595|12880|0.6141, -0.9287, -0.3893, -0.4005, -0.2619, -0.0781, 0.1068, -0.0465|1976.2
21|0.5735, -1.0000, -0.1543, -0.3500, -0.2299, -0.0026, -0.0094, -0.1199|13200|0.7165, -0.9145, -0.4057, -0.3919, -0.2922, -0.0643, 0.0676, -0.0773|2023.2
22|1.0000, -1.0000, -0.5702, -0.2597, 0.2212, -0.0013, 0.3619, -0.2194|13340|0.7135, -0.9349, -0.3436, -0.3757, -0.2259, -0.0555, 0.0747, -0.0938|2190.6
23|0.5735, -1.0000, -0.2204, -0.1489, 0.1028, -0.0026, 0.1662, -0.1199|16500|0.7394, -0.9305, -0.3122, -0.3216, -0.1484, -0.0551, 0.0981, -0.0861|2686.8
24|0.5735, -1.0000, -0.0094, -0.1489, 0.1028, -0.0026, 0.1662, -0.1343|55760|0.7579, -0.9777, -0.2959, -0.2878, -0.1090, -0.0115, 0.1149, -0.0723|3496.6
25|0.5735, -1.0000, -0.2281, -0.1489, -0.0833, 0.0027, 0.0103, 0.0767|59680|0.7791, -0.9267, -0.2399, -0.2872, -0.1408, -0.0064, 0.0717, -0.0639|3888.6
26|1.0000, -1.0000, -0.0094, -0.1489, 0.1028, -0.0026, 0.0103, -0.1343|23240|0.7147, -0.7920, -0.2266, -0.2711, -0.0745, -0.0027, -0.0041, -0.0578|3198.8
27|1.0000, -1.0000, -0.2204, -0.1915, 0.1028, -0.0010, 0.0103, -0.1343|10040|0.8506, -0.8382, -0.2304, -0.2493, -0.0704, -0.0006, -0.0039, -0.0577|2714.2
28|0.6556, -1.0000, -0.2204, -0.3927, 0.1028, 0.2029, -0.0015, 0.2178|21100|0.7824, -0.7460, -0.1872, -0.2821, -0.1658, 0.0028, 0.0388, -0.0797|2868.8
29|0.3391, -1.0000, -0.1349, -0.2070, -0.0153, 0.0014, -0.0907, 0.1033|71100|0.6639, -0.8088, -0.1902, -0.2410, -0.0454, 0.0029, 0.0244, -0.0890|4162.6
30|1.0000, -1.0000, -0.0216, -0.1915, 0.1028, -0.0010, 0.2577, -0.1488|23180|0.4894, -0.7938, -0.1662, -0.2860, -0.0933, 0.0044, 0.0019, -0.0445|2505.2
31|0.6556, -1.0000, -0.2204, -0.3927, 0.1028, 0.0994, 0.0005, 0.2178|17520|0.5591, -0.8943, -0.1717, -0.3190, -0.0423, 0.0088, -0.0027, -0.0438|3349.6
32|0.9264, -1.0000, -0.0094, -0.0868, -0.0984, -0.0018, 0.0059, -0.1199|51440|0.5837, -0.9361, -0.1673, -0.2812, -0.0520, 0.0114, -0.0191, -0.0478|5725.2
