1|1.0000, -0.6195, -0.3668, -0.1524, -0.4195, 0.2811, 0.1634, 0.0999|1820|0.0388, 0.0680, -0.1834, -0.2195, -0.0453, 0.0441, 0.2033, -0.0734|117.8
2|1.0000, -0.6195, -0.3668, -0.1524, -0.4195, 0.2811, 0.1634, 0.0999|2260|0.1043, 0.1815, -0.1984, -0.4497, -0.0548, 0.0722, 0.2422, -0.1207|140.8
3|-0.1568, -1.0000, -0.4890, -0.5169, 0.5284, -0.9946, -0.9635, 0.9416|1500|0.2162, 0.1616, -0.3015, -0.5382, -0.0304, -0.1061, 0.1581, -0.0028|226.2
4|0.6938, -0.4171, -0.9863, -0.8487, 1.0000, -0.6895, 0.9992, -0.7630|2620|0.2491, 0.1350, -0.3588, -0.5393, -0.0449, -0.1035, 0.1540, -0.1055|318.0
5|0.6855, -1.0000, -0.5702, -0.5169, -0.2382, -0.0028, -0.9635, 0.2942|2260|0.3183, 0.0546, -0.2841, -0.5535, -0.1007, -0.1730, 0.0970, -0.2376|347.2
6|0.6855, -0.6448, -0.5702, -0.3902, -0.2382, -0.3659, 0.1566, 0.2942|3240|0.3798, -0.1687, -0.3027, -0.6248, -0.1902, -0.1428, 0.0132, -0.3514|433.6
7|0.6618, -1.0000, -0.5505, -0.4990, -0.2300, -0.0027, 0.1512, 0.2841|4760|0.3456, -0.3558, -0.3451, -0.6441, -0.2016, -0.1413, -0.0160, -0.3813|561.4
8|0.6938, -0.8086, -0.9395, -0.7739, -0.0871, -0.6895, 0.1566, -0.4713|2460|0.3917, -0.5661, -0.3673, -0.5206, -0.2714, -0.1809, -0.0062, -0.2950|525.8
9|0.9765, -0.8086, -0.3777, -0.7739, -1.0000, -0.0027, 0.1094, 0.8221|3220|0.4265, -0.7648, -0.3759, -0.6836, -0.4063, -0.1915, 0.0039, -0.2188|713.0
10|0.9765, -0.8086, -0.3777, -0.7739, -1.0000, -0.0027, 0.1094, 0.8221|4660|0.4581, -0.8275, -0.3689, -0.6669, -0.3947, -0.2202, -0.0336, -0.1576|708.6
11|0.6618, -1.0000, -0.9863, -0.7739, -0.1077, -0.3659, 0.6917, -0.8302|4580|0.5467, -0.8514, -0.4348, -0.6981, -0.4449, -0.0630, -0.0474, -0.0819|989.0
12|0.9765, -1.0000, -0.9395, -0.8978, 0.2720, -0.3659, -0.0834, -0.0382|3920|0.5988, -0.8954, -0.4573, -0.7528, -0.3495, -0.1063, -0.0189, -0.1112|1103.6
13|0.6855, -1.0000, -0.9395, -0.5342, -0.0328, -0.0028, 0.3662, -0.1393|4740|0.7047, -0.8582, -0.5041, -0.6487, -0.3706, -0.1310, 0.0329, -0.1346|1199.8
14|0.8500, -0.7182, -0.6505, -0.5342, -0.0328, -0.4563, 0.3662, 0.1901|7900|0.7066, -0.7435, -0.5234, -0.6438, -0.3911, -0.1471, 0.1017, -0.0874|1093.2
15|0.9765, -1.0000, -0.3777, -0.6246, -0.4646, -0.0028, 0.1566, 0.2647|5140|0.7456, -0.8715, -0.5310, -0.6240, -0.3716, -0.1709, 0.1449, -0.0472|1287.6
16|0.6855, -0.8449, -0.3777, -0.8978, -0.0438, 0.3410, 0.0543, 0.2534|4820|0.6941, -0.8558, -0.5107, -0.6253, -0.3291, -0.1466, 0.1430, -0.0254|1561.6
17|1.0000, -1.0000, -0.1386, -0.3935, -0.2038, -0.0014, 0.0556, 0.1901|16120|0.7146, -0.8727, -0.5687, -0.6237, -0.2993, -0.0906, 0.1559, -0.0538|1473.8
18|0.9765, -1.0000, -0.4050, -0.3821, -0.4646, -0.0028, 0.1566, -0.2717|7820|0.6975, -0.8985, -0.5914, -0.6081, -0.2583, -0.1922, 0.1653, -0.0633|1714.2
19|1.0000, -1.0000, -0.4050, -0.3935, -0.2038, -0.0014, 0.0556, -0.0382|5720|0.7321, -0.9193, -0.5724, -0.6222, -0.2420, -0.1272, 0.1261, -0.0049|1627.0
20|1.0000, -1.0000, -0.4050, -0.3935, -0.2038, -0.0014, 0.0556, -0.0382|5160|0.7795, -0.8960, -0.5188, -0.5760, -0.2218, -0.1355, 0.1422, -0.0204|1447.4
21|0.9765, -1.0000, -0.2155, -0.4185, -0.0869, 0.1368, 0.0741, 0.2647|18560|0.8272, -0.9104, -0.4503, -0.5631, -0.2482, -0.0530, 0.1621, -0.0258|1890.6
22|1.0000, -0.7449, -0.1605, -0.3118, -0.0647, -0.0808, 0.0552, 0.1972|8380|0.7644, -0.8594, -0.4437, -0.5429, -0.2701, -0.0409, 0.1872, -0.0133|1821.0
23|1.0000, -1.0000, -0.2155, -0.3821, 0.2802, -0.0014, 0.2242, -0.0095|10960|0.7638, -0.7949, -0.3922, -0.4603, -0.2087, -0.0377, 0.1196, -0.0351|2043.8
24|1.0000, -1.0000, -0.1605, -0.3118, 0.0832, -0.0014, -0.0335, 0.1972|67880|0.8856, -0.7597, -0.3620, -0.4490, -0.2381, -0.0219, 0.1323, -0.0366|2950.4
25|1.0000, -1.0000, -0.1386, -0.0220, -0.0328, -0.0014, -0.0335, -0.0382|37080|0.8905, -0.5435, -0.3046, -0.3899, -0.1045, 0.0045, 0.1065, 0.0200|3596.0
26|1.0000, -1.0000, -0.1605, -0.3118, 0.0832, -0.0014, -0.0335, 0.1972|66820|0.9103, -0.7622, -0.2952, -0.2970, -0.0610, 0.0025, 0.0760, -0.0053|4557.2
27|1.0000, -1.0000, -0.1386, -0.0220, -0.0328, -0.0021, -0.0335, -0.0155|35980|0.9423, -0.8372, -0.2688, -0.3117, -0.0713, -0.0108, 0.0303, 0.0179|4343.6
28|1.0000, -1.0000, -0.1605, -0.0776, -0.1152, -0.0008, -0.0911, 0.0874|49060|0.8968, -0.9122, -0.2250, -0.3210, -0.0813, -0.0144, 0.0166, 0.0376|6017.6
29|1.0000, -1.0000, -0.1605, -0.0776, -0.1152, -0.0008, -0.0911, 0.0874|39900|0.8852, -0.8857, -0.2189, -0.2689, -0.0664, -0.0110, 0.0201, 0.0479|5997.4
30|1.0000, -1.0000, -0.1386, -0.2140, 0.0005, 0.0019, -0.0335, 0.1972|72180|0.8761, -0.9423, -0.1663, -0.2738, -0.0843, -0.0228, 0.0268, 0.0476|7779.0
31|1.0000, -1.0000, -0.1386, -0.2140, -0.0328, -0.0016, 0.0087, -0.0155|38820|0.8137, -0.9147, -0.1339, -0.2449, -0.0511, -0.0142, 0.0260, 0.0301|7230.2
32|0.8091, -1.0000, -0.0674, -0.1731, -0.0160, -0.0012, 0.0093, 0.1213|103000|0.8508, -0.8817, -0.1556, -0.2496, -0.0580, -0.0178, -0.0045, 0.0282|10362.0
