1|-0.0505, -1.0000, -0.5562, -0.0476, -0.6965, -0.0441, -0.0888, -0.3882|3200|-0.1223, -0.0451, -0.0543, -0.0692, 0.0757, 0.0239, -0.2525, -0.1789|128.8
2|0.9054, -0.9174, -0.5562, -0.0476, -0.6965, -0.0441, -0.4980, -0.1454|2380|-0.0006, -0.0267, -0.2033, -0.3137, -0.1490, 0.0610, -0.3310, -0.3771|171.8
3|0.8710, -0.9174, -0.8283, -1.0000, -0.1361, -0.1086, -0.4980, -1.0000|1900|0.0993, -0.1149, -0.2773, -0.4432, -0.2917, -0.0466, -0.3932, -0.4683|235.2
4|0.4550, -1.0000, -1.0000, -0.7832, -0.1223, 0.0823, -0.7742, 0.2065|1980|0.1675, -0.1276, -0.3194, -0.4996, -0.3446, -0.0949, -0.3623, -0.4945|266.6
5|0.4550, -1.0000, -1.0000, -0.7252, -0.1223, -0.1086, -0.3966, -1.0000|2760|0.1348, -0.3006, -0.3342, -0.6277, -0.3837, -0.1110, -0.3815, -0.5485|328.6
6|0.9054, -0.9174, -0.0869, -0.5062, -0.7704, -0.0679, -0.4980, -0.1454|2100|0.1188, -0.4079, -0.3535, -0.6693, -0.3957, -0.2490, -0.3891, -0.6340|392.6
7|0.9054, -0.9174, -0.8283, -0.0476, -0.6965, -0.1086, -0.4980, -0.1454|2060|0.1843, -0.4271, -0.3759, -0.6746, -0.4723, -0.2702, -0.3837, -0.6460|411.0
8|0.9054, -0.9174, -0.8283, -0.7905, -0.6965, -0.1086, -0.4980, -0.1454|3740|0.1540, -0.5632, -0.4277, -0.6133, -0.4937, -0.3961, -0.3105, -0.5093|606.4
9|0.4966, -1.0000, -0.3192, -0.3918, -0.1361, -0.2671, -0.6566, -0.0623|4160|0.2449, -0.7746, -0.4592, -0.5957, -0.4420, -0.3309, -0.3562, -0.4313|662.6
10|0.9869, -1.0000, -0.9028, -0.8616, -0.7592, -0.1184, -0.7141, -0.1584|3860|0.3125, -0.8776, -0.4360, -0.5874, -0.4753, -0.4215, -0.3233, -0.3695|843.8
11|-0.0924, -1.0000, -0.5562, -0.4216, -0.4849, -0.9387, -0.5019, -0.1454|4320|0.4348, -0.7081, -0.4366, -0.6094, -0.3750, -0.3877, -0.2955, -0.3380|929.8
12|0.9054, -1.0000, -0.0745, -0.4342, -0.1793, -0.1086, 0.0474, -0.1454|3180|0.4201, -0.8510, -0.4139, -0.5843, -0.3574, -0.4444, -0.2665, -0.3649|845.2
13|0.4966, -1.0000, -0.6063, -0.5275, -0.1793, -0.0353, -0.5019, -0.1454|3700|0.3346, -0.8955, -0.4302, -0.5553, -0.3414, -0.3700, -0.2260, -0.2852|950.4
14|0.9869, -1.0000, -0.5562, -0.4216, -0.1361, -0.0481, -0.5019, -0.1584|5120|0.3178, -0.9488, -0.4591, -0.5239, -0.2933, -0.3534, -0.3203, -0.2043|1180.2
15|0.9869, -1.0000, -0.5562, -0.4216, -0.1361, -0.0481, -0.5019, -0.1584|11280|0.3981, -0.9711, -0.4415, -0.5044, -0.2657, -0.4276, -0.2855, -0.1472|1379.4
16|0.7534, -0.9174, -0.5562, -0.4342, -0.1793, -0.0420, 0.0204, -0.1454|5640|0.4794, -0.9625, -0.3893, -0.4698, -0.2246, -0.3678, -0.1673, -0.0740|1510.8
17|0.7534, -1.0000, -0.5562, -0.4342, -0.1361, -0.0420, 0.0204, -0.1454|7140|0.5247, -0.9830, -0.4436, -0.4769, -0.2060, -0.4002, -0.1724, -0.0867|1473.4
18|0.7534, -1.0000, -0.5562, -0.4342, -0.1793, -0.1086, -0.5019, -0.1454|9020|0.6015, -0.9706, -0.4466, -0.4651, -0.2080, -0.3527, -0.1727, -0.0674|1588.0
19|0.7534, -1.0000, -0.5562, -0.4342, -0.1361, -0.0420, 0.0204, -0.1454|9740|0.6755, -0.9525, -0.4652, -0.4629, -0.1437, -0.3581, -0.1276, -0.0370|1824.2
20|0.9054, -1.0000, -0.5562, -0.4216, -0.2065, -0.1086, 0.0458, -0.0623|9620|0.6744, -0.9690, -0.4868, -0.4454, -0.1381, -0.3481, -0.0765, -0.0589|2017.6
21|1.0000, -0.8842, -0.7383, -0.7002, -0.2971, -0.1442, 0.0608, 0.2926|12640|0.7345, -0.9519, -0.4968, -0.4459, -0.1285, -0.2104, -0.0581, -0.0806|2075.2
22|1.0000, -0.8842, -0.7383, -0.7002, -0.2971, -0.1442, 0.0608, 0.2926|11600|0.7114, -0.9326, -0.4997, -0.4468, -0.1186, -0.1838, -0.0006, -0.0686|2373.4
23|0.7534, -1.0000, -0.5562, -0.3918, -0.1361, -0.1086, 0.0054, -0.1454|10540|0.7292, -0.9669, -0.5173, -0.4059, -0.1206, -0.1620, 0.0073, -0.0583|2257.8
24|0.7492, -1.0000, -0.5562, -0.8464, -0.1793, -0.0458, 0.6046, 0.2270|8580|0.7208, -0.9618, -0.5097, -0.4072, -0.1087, -0.1391, -0.0257, -0.0251|2100.6
25|0.9054, -1.0000, -0.5562, -0.1151, -0.1361, -0.1086, 0.0054, -0.1454|10820|0.7371, -0.9495, -0.5214, -0.4311, -0.1180, -0.1363, -0.0220, -0.0201|2477.8
26|0.7534, -1.0000, -0.5562, -0.4342, -0.0582, -0.4052, 0.0204, 0.2703|16140|0.7954, -0.9486, -0.5373, -0.4121, -0.0770, -0.1463, -0.0194, 0.0279|2662.2
27|1.0000, -1.0000, -0.5562, -0.1151, -0.0582, -0.1086, 0.0204, -0.1454|21960|0.7008, -0.7764, -0.4909, -0.3888, -0.0717, -0.1514, -0.0178, 0.0344|2865.0
28|1.0000, -1.0000, -0.5562, -0.1151, -0.0582, -0.1086, 0.0204, -0.1454|29180|0.7627, -0.9069, -0.5058, -0.3570, -0.0588, -0.1672, 0.0197, -0.0045|3310.8
29|1.0000, -1.0000, -0.5562, -0.3918, 0.1750, -0.1086, 0.0150, 0.0150|16280|0.7354, -0.9743, -0.4890, -0.3957, -0.0464, -0.1573, 0.0298, 0.0236|2975.6
30|1.0000, -1.0000, -0.5562, -0.4342, 0.1747, -0.0887, 0.0204, 0.2026|18000|0.7363, -0.9531, -0.4656, -0.3998, -0.0759, -0.1159, 0.0221, 0.0356|2844.6
31|1.0000, -1.0000, -0.5562, -0.3918, -0.1001, -0.1086, 0.0054, 0.2703|12200|0.7584, -0.9309, -0.4563, -0.3782, -0.0870, -0.1182, 0.0227, 0.0611|2933.0
32|0.9054, -1.0000, 0.0536, -0.1151, -0.1361, -0.1086, -0.0175, -0.1454|12560|0.7734, -0.9499, -0.4247, -0.3706, -0.0834, -0.1127, 0.0097, 0.0726|3317.4
