1|0.9602, -0.5600, -1.0000, -0.6559, -0.2133, 0.3075, 0.0050, -0.0587|10900|0.0663, -0.1698, -0.0697, -0.2417, -0.0973, -0.0226, 0.0133, -0.1296|221.8
2|0.2800, -1.0000, -0.0272, -0.0922, -0.9935, 0.0032, -0.1130, -0.6887|2880|0.0437, -0.2652, -0.1908, -0.4088, -0.1019, -0.0465, 0.1054, -0.1698|272.2
3|0.5268, -1.0000, -0.0272, -0.0922, -0.9935, 0.0032, -0.1130, -0.3695|2780|0.1537, -0.3589, -0.2994, -0.4737, -0.1308, -0.0757, 0.0967, -0.0488|263.2
4|0.9510, -1.0000, -0.3184, -0.3301, 0.1976, -0.7481, 0.1241, 0.4967|2580|0.1671, -0.5763, -0.2947, -0.4554, -0.3375, -0.1265, 0.0669, 0.0939|389.2
5|0.8468, -1.0000, -0.1655, -0.6815, -0.1089, -0.6661, -0.4045, 0.4423|4060|0.2450, -0.6065, -0.3584, -0.5857, -0.3717, -0.1036, 0.0477, 0.2910|459.0
6|0.9602, -0.7299, -1.0000, -0.9149, -0.4287, -0.1925, -0.0076, 0.6226|4160|0.2851, -0.4929, -0.3225, -0.5980, -0.2418, -0.1289, 0.0588, 0.3243|438.8
7|0.4177, -1.0000, -0.4138, -0.5062, -0.9445, -0.0981, 0.1500, -0.3695|3240|0.1508, -0.5537, -0.4561, -0.6026, -0.2995, -0.1089, 0.0378, 0.2785|522.2
8|0.9602, -0.7299, -1.0000, -0.9149, -0.4287, -0.1925, 0.0080, 0.6226|3800|0.2695, -0.5945, -0.5393, -0.6181, -0.2089, -0.1202, -0.0048, 0.1990|570.0
9|0.9602, -0.7299, -1.0000, -0.9149, 0.4678, -0.0059, -0.3776, 0.7814|4520|0.2920, -0.5634, -0.5899, -0.5740, -0.2026, -0.1101, -0.0094, 0.2860|633.6
10|0.6535, -1.0000, -0.5087, -0.6806, 0.1839, -0.0054, -0.0052, 0.0298|6280|0.3842, -0.6209, -0.5086, -0.5226, -0.1729, -0.0782, -0.0559, 0.1510|655.6
11|0.0832, -0.7830, -1.0000, -0.7149, -0.2811, -0.3916, -0.4133, 0.6679|5000|0.3646, -0.6256, -0.5676, -0.4910, -0.2111, -0.1019, -0.0595, 0.1709|681.8
12|0.0832, -0.9012, -1.0000, -0.5890, 0.0017, -0.3271, -0.4133, 0.6679|4400|0.3111, -0.5940, -0.5466, -0.4185, -0.1846, -0.1028, -0.1158, 0.0970|592.0
13|1.0000, -0.4657, -0.1643, -0.2225, -0.6089, -0.0024, -0.0054, 0.0095|5540|0.3046, -0.5900, -0.5505, -0.4711, -0.2189, -0.0883, -0.1105, 0.0634|819.2
14|0.5535, -1.0000, -0.6666, -0.4113, -0.2507, -0.3492, -0.0361, -0.0993|4740|0.3578, -0.5812, -0.5359, -0.4424, -0.2388, -0.1006, -0.1189, 0.1030|760.8
15|0.5601, -1.0000, -0.5026, -0.5781, -0.2138, 0.1794, 0.0796, -0.2155|4700|0.2567, -0.6593, -0.5936, -0.4656, -0.2366, -0.0975, -0.1346, 0.1024|820.2
16|0.4913, -1.0000, -1.0000, -0.2990, -0.0336, 0.1794, 0.0796, -0.2155|6040|0.2616, -0.5078, -0.6655, -0.5024, -0.3642, -0.0406, -0.0671, -0.0140|862.8
17|0.9569, -1.0000, -1.0000, -0.0836, -0.8978, 0.0100, 0.0040, 0.0392|4960|0.2501, -0.4745, -0.5676, -0.5417, -0.1995, -0.0453, -0.0333, 0.0628|718.4
18|0.1924, -1.0000, -0.5476, -0.2252, -0.1708, 0.0250, -0.0074, -0.0296|10540|0.2856, -0.6672, -0.5420, -0.4732, -0.2975, -0.0391, -0.0352, 0.0011|968.2
19|0.5285, -1.0000, -0.1403, -0.0681, -0.2138, -0.0079, 0.0010, -0.2012|12360|0.3048, -0.6031, -0.5856, -0.5172, -0.2493, -0.0053, -0.0337, 0.0850|1071.0
20|0.4913, -1.0000, -1.0000, -0.0681, -0.0108, -0.0002, -0.0001, 0.0153|11520|0.3011, -0.5257, -0.5338, -0.4220, -0.2476, 0.0078, -0.0052, -0.0174|1138.4
21|0.1233, -1.0000, -0.4889, -0.1462, -0.0108, 0.0877, -0.0000, 0.0153|18460|0.2899, -0.5653, -0.5141, -0.3576, -0.1701, 0.0089, 0.0059, -0.0689|1290.6
22|-0.0070, -0.6050, -1.0000, -0.0962, 0.0002, 0.0002, 0.0001, -0.0274|18060|0.2478, -0.5858, -0.5300, -0.3479, -0.1456, 0.0015, -0.0063, -0.0244|1392.2
23|0.0370, -0.7051, -1.0000, -0.1239, 0.0005, -0.0262, 0.0017, 0.0891|23640|0.1919, -0.6135, -0.6062, -0.3137, -0.0966, 0.0654, -0.0073, -0.0213|1551.8
24|-0.0070, -0.6050, -1.0000, -0.0962, -0.0001, 0.0002, -0.0001, -0.0274|18840|0.1471, -0.6608, -0.5819, -0.3284, -0.0806, 0.0388, -0.0216, -0.0163|1803.2
25|-0.0070, -0.6050, -1.0000, -0.0962, 0.0002, 0.0002, 0.0001, -0.0274|19420|0.0996, -0.6882, -0.6895, -0.2828, -0.1211, 0.0253, -0.0249, -0.0261|2397.4
26|0.0203, -1.0000, -0.9141, -0.0962, -0.0001, -0.0706, 0.0030, -0.0274|31400|0.0504, -0.6576, -0.8096, -0.2261, -0.0552, 0.0122, -0.0233, -0.0144|2688.0
27|0.1327, -1.0000, -1.0000, -0.1462, -0.0108, 0.0002, -0.0001, 0.1264|24680|0.0416, -0.5863, -0.7926, -0.1667, -0.0780, -0.0065, -0.0126, -0.0060|2722.0
28|0.4913, -1.0000, -0.9141, -0.0681, -0.0108, 0.0002, -0.0001, 0.0153|24820|0.0255, -0.6134, -0.6971, -0.1780, -0.0711, -0.0298, -0.0078, -0.0443|3156.4
29|-0.0070, -0.6050, -1.0000, -0.0962, 0.0002, -0.0005, -0.0001, 0.0001|30780|0.0310, -0.6946, -0.7789, -0.1391, -0.0314, -0.0407, -0.0035, -0.0378|5070.0
30|-0.0102, -1.0000, -0.1594, -0.0962, -0.0003, -0.0003, -0.0001, -0.0396|65580|0.0402, -0.7316, -0.8563, -0.1105, -0.0229, -0.0433, 0.0020, -0.0301|5364.0
31|-0.0102, -1.0000, -0.1594, -0.0962, -0.0003, -0.0003, -0.0001, -0.0396|49780|0.0520, -0.7661, -0.7103, -0.0954, -0.0102, -0.0222, -0.0000, -0.0166|5620.0
32|0.0030, -1.0000, -0.1594, -0.0962, -0.0001, -0.0706, 0.0030, -0.0396|68000|0.0838, -0.8328, -0.7289, -0.0812, -0.0090, -0.0243, -0.0008, -0.0010|5558.4
