1|0.6477, -0.8294, -0.6331, -0.6560, 0.0619, -0.1031, -0.1577, 1.0000|2520|-0.0074, -0.0195, -0.1815, -0.1769, -0.0652, 0.0980, 0.0458, -0.1248|184.6
2|0.6477, -0.8294, -0.6331, -0.6560, 0.0619, -0.1031, -0.1577, 1.0000|4660|0.0900, -0.0595, -0.2335, -0.2517, -0.1570, 0.0416, 0.1597, -0.2076|216.2
3|0.6888, -0.8048, -1.0000, -0.3221, -0.1578, -0.2980, 0.1666, 0.2095|3260|0.2230, -0.1900, -0.3247, -0.3813, -0.0578, -0.0494, 0.1236, -0.2066|266.8
4|1.0000, -0.8577, -0.2457, 0.0064, -0.1353, -0.5057, 0.0790, 0.1797|4020|0.3152, -0.1743, -0.3675, -0.4778, -0.1171, -0.0418, 0.0622, -0.1544|405.6
5|0.7810, -1.0000, -0.7633, -0.7909, 0.0747, -0.1243, -0.1901, 0.7427|3820|0.3930, -0.2119, -0.4472, -0.5602, -0.1003, -0.2297, 0.0538, -0.1713|563.0
6|1.0000, -1.0000, -0.7633, -0.4290, 0.0747, -0.2980, -0.5562, -0.1640|4320|0.3835, -0.3648, -0.5371, -0.6058, 0.0163, -0.1251, -0.0569, -0.0326|610.4
7|0.6414, -1.0000, -0.4319, -0.2821, -0.3281, -0.8009, -0.1523, 0.2988|4020|0.2847, -0.5667, -0.5771, -0.5981, -0.0574, -0.1644, -0.2072, 0.1279|729.4
8|0.2368, -1.0000, -0.1514, -0.2831, 0.0493, -0.1966, 0.1735, -0.1082|3380|0.4486, -0.5936, -0.5220, -0.5258, -0.1186, -0.1603, -0.1437, 0.1641|724.6
9|1.0000, -1.0000, -0.9393, -0.7909, 0.1506, -0.1243, -0.2042, 0.7427|4000|0.4842, -0.5566, -0.4810, -0.5554, -0.1936, -0.1840, -0.1454, 0.2488|891.4
10|0.1262, -1.0000, -0.0807, -0.1508, 0.0262, -0.1048, 0.0925, -0.0399|35840|0.5205, -0.5418, -0.5067, -0.5208, -0.1300, -0.2373, -0.1456, 0.2248|1842.0
11|0.1262, -1.0000, -0.0807, -0.1508, 0.0262, -0.1048, -0.1571, 0.0389|14380|0.4566, -0.5395, -0.4793, -0.5291, -0.1696, -0.1776, -0.1133, 0.1631|1319.4
12|0.4253, -1.0000, -0.1218, -0.2606, -0.3425, 0.1072, -0.1816, 0.0548|11120|0.4905, -0.6447, -0.5192, -0.6352, -0.1627, -0.2401, -0.1073, 0.1715|1129.0
13|0.1262, -1.0000, -0.2294, -0.1508, 0.0262, -0.1048, -0.1901, 0.1224|8900|0.5639, -0.6382, -0.2985, -0.6469, -0.1487, -0.2103, -0.0730, 0.1144|810.4
14|0.4253, -1.0000, -0.1010, -0.1508, -0.3425, 0.1072, -0.1816, 0.0215|6180|0.6577, -0.5575, -0.4714, -0.5848, -0.2215, -0.1948, -0.0488, 0.1650|863.6
15|0.4253, -1.0000, -0.1010, -0.1508, -0.3425, 0.1072, -0.1816, 0.0215|14380|0.6446, -0.5928, -0.4325, -0.6358, -0.2433, -0.3002, -0.0358, 0.0596|1165.8
16|0.4253, -1.0000, -0.1010, -0.1508, -0.3425, 0.1072, -0.1816, 0.1224|12840|0.5923, -0.6742, -0.4275, -0.5969, -0.2304, -0.2783, -0.0139, -0.0120|1061.4
17|0.9017, -1.0000, -0.0683, -0.1461, 0.0147, -0.1103, 0.0518, -0.1425|79020|0.5461, -0.7308, -0.4702, -0.6085, -0.2089, -0.2266, -0.0654, 0.0358|1932.2
18|0.4417, -1.0000, -0.0370, -0.0791, -0.2049, -0.0597, 0.0281, -0.0771|22440|0.5060, -0.8333, -0.3957, -0.5181, -0.1975, -0.2005, -0.0509, -0.0986|1814.0
19|0.4417, -1.0000, -0.0370, -0.0791, -0.2049, -0.0597, 0.0281, -0.0771|29100|0.5347, -0.8533, -0.3790, -0.4661, -0.1428, -0.2450, -0.0582, -0.0493|2402.6
20|0.4417, -1.0000, -0.0370, -0.0791, -0.2049, -0.0597, 0.0281, -0.0771|36560|0.3981, -0.8073, -0.3355, -0.3503, -0.1819, -0.2264, -0.0723, 0.0347|2459.2
21|0.9017, -1.0000, -0.0412, -0.1508, 0.0276, -0.1103, -0.1901, -0.1425|34200|0.4882, -0.8453, -0.3609, -0.3310, -0.1520, -0.2311, -0.0829, 0.0286|3258.0
22|0.5084, -1.0000, -0.0426, -0.0910, 0.0353, -0.0687, 0.0323, -0.1425|76040|0.4891, -0.8997, -0.3292, -0.2600, -0.1877, -0.1607, -0.0871, 0.0124|4432.2
23|0.3257, -1.0000, -0.0208, -0.1155, 0.0113, -0.0844, -0.1391, 0.0290|59780|0.5686, -0.8645, -0.2861, -0.2067, -0.1885, -0.1263, -0.0833, -0.0193|5359.8
24|0.4417, -1.0000, -0.0272, -0.0791, -0.0442, -0.0180, 0.0944, -0.0366|28460|0.5852, -0.6499, -0.1910, -0.2211, -0.1385, -0.1055, -0.0851, -0.0137|3857.6
25|0.9017, -1.0000, -0.0272, -0.1508, 0.0147, -0.1103, 0.0362, 0.0450|57020|0.5336, -0.7572, -0.2207, -0.2251, -0.1359, -0.0311, -0.0428, -0.0008|4368.0
26|0.9017, -1.0000, -0.0272, -0.1508, 0.0147, 0.1072, -0.0107, -0.1425|102560|0.5511, -0.8999, -0.1950, -0.2350, -0.1315, -0.0282, -0.0375, -0.0087|7473.4
27|0.2285, -1.0000, -0.0272, -0.1376, 0.0661, -0.0597, 0.0605, 0.0080|95440|0.5918, -0.9229, -0.1262, -0.2041, -0.0838, -0.0332, -0.0393, -0.0377|6922.2
28|0.3967, -1.0000, -0.0005, -0.0903, -0.0104, -0.0597, -0.0205, 0.0128|189840|0.5850, -0.7856, -0.0788, -0.1884, -0.0990, -0.0258, -0.0283, -0.0354|10052.0
29|0.3967, -1.0000, -0.0005, -0.0903, -0.0104, -0.0597, -0.0205, 0.0128|217640|0.5406, -0.8398, -0.0945, -0.1778, -0.0799, -0.0405, -0.0201, -0.0286|13442.8
30|0.2951, -1.0000, 0.0017, -0.0926, 0.0090, 0.0778, -0.0067, -0.0875|146620|0.4848, -0.9038, -0.0657, -0.1693, -0.0554, -0.0090, -0.0423, -0.0040|10573.8
31|0.3613, -1.0000, 0.0028, -0.0926, 0.0090, -0.1103, -0.0067, -0.0875|119300|0.4765, -0.9424, -0.0389, -0.1550, -0.0118, 0.0111, -0.0239, 0.0045|15275.2
32|0.9017, -1.0000, -0.0272, -0.1284, 0.0265, 0.0913, 0.0851, -0.0366|238800|0.5122, -0.9583, -0.0270, -0.1401, -0.0146, 0.0081, -0.0420, -0.0005|23001.8
