1|-0.9242, 0.6011, -0.7751, -0.5640, -0.9746, 0.3111, -1.0000, 0.3265|180|-0.4383, 0.3196, -0.2852, -0.2714, -0.2325, -0.2399, -0.4155, 0.1009|58.0
2|0.0562, 0.9220, -0.7419, -1.0000, -0.4636, -0.8738, 0.0762, 0.4278|500|-0.5077, 0.3646, -0.5869, -0.4720, -0.3692, -0.3099, -0.3628, 0.1438|144.0
3|-0.9242, 0.9220, -0.7751, -0.5640, -0.4636, 0.3111, -1.0000, 0.4278|220|-0.6452, 0.5247, -0.6926, -0.5831, -0.4668, -0.2830, -0.3914, 0.2300|94.0
4|0.0562, 0.9220, -0.7419, -1.0000, -0.4636, -0.8738, 0.0762, 0.4278|400|-0.4340, 0.7394, -0.7585, -0.7820, -0.4396, -0.2814, -0.4619, 0.3339|146.0
5|0.0562, 0.6011, -0.7419, -1.0000, -0.9746, -0.8738, 0.0762, 0.4278|980|-0.1399, 0.7394, -0.7486, -0.9128, -0.4396, -0.6368, -0.3543, 0.4075|444.0
6|0.0562, 0.9220, -0.7419, -1.0000, -0.4636, -0.8738, 0.0762, 0.3265|300|-0.3136, 0.6609, -0.7339, -0.8014, -0.2512, -0.3787, -0.4377, 0.3769|166.0
7|0.0562, 0.9220, -0.7419, -1.0000, 0.7978, -0.8738, 0.0762, 0.3265|1320|-0.1399, 0.2979, -0.7618, -0.8692, 0.1160, -0.5183, -0.2466, 0.3670|438.0
8|0.0562, -0.2619, -0.7419, -1.0000, -0.4636, 0.3111, 0.0762, 0.4278|780|0.0562, 0.3521, -0.4062, -1.0000, -0.1123, -0.7553, 0.0762, 0.3468|294.0
9|0.0562, -0.2619, -0.7751, -1.0000, -0.4636, -0.8738, 0.0762, 0.3265|820|0.0562, 0.3206, -0.5823, -1.0000, -0.0612, -0.7553, 0.0762, 0.2747|290.0
10|0.0562, 0.6011, -0.7751, -1.0000, -0.4636, -0.8738, 0.0762, 0.3265|1100|0.0562, 0.1701, -0.7652, -1.0000, -0.4907, -0.7553, 0.0762, 0.2747|400.0
11|0.0952, -0.2619, -0.7419, -1.0000, -0.4636, 0.3111, 0.0762, -0.2929|860|0.0757, 0.0291, -0.7552, -1.0000, -0.3885, -0.2814, 0.0762, 0.0168|596.0
12|0.0952, -0.2619, -0.7419, -1.0000, -0.4636, 0.3111, 0.0762, -0.2929|680|0.0874, -0.2619, -0.7486, -1.0000, -0.5147, 0.0741, 0.0762, -0.1690|312.0
13|0.0562, -0.2619, -0.7751, -1.0000, -0.4636, 0.3111, 0.0762, -0.2929|840|0.0835, -0.2326, -0.7519, -1.0000, -0.4636, 0.3111, 0.0762, -0.2929|298.0
14|0.0952, -0.2619, -0.7751, -1.0000, -0.4636, 0.3111, 0.0762, -0.2929|1680|0.0757, -0.2326, -0.7585, -1.0000, -0.4636, 0.2749, 0.0762, -0.2929|646.0
15|0.0562, -0.2619, -0.7751, -1.0000, -0.4636, 0.3111, 0.0762, -0.2929|800|0.0757, -0.2326, -0.7618, -1.0000, -0.4636, 0.2749, 0.0762, -0.2929|436.0
16|0.0952, -0.2619, -0.7419, -1.0000, -0.4636, 0.3111, 0.0762, -0.2929|1640|0.0718, -0.2180, -0.7618, -1.0000, -0.4636, 0.3111, 0.0762, -0.2580|616.0
17|0.0952, -0.2619, -0.7419, -1.0000, -0.4636, 0.3111, 0.0762, -0.2929|1080|0.0757, -0.2473, -0.7585, -1.0000, -0.4636, 0.3111, 0.0762, -0.2299|476.0
18|0.0952, -0.2619, -0.7419, -1.0000, -0.4636, 0.3111, 0.0762, -0.2929|1360|0.0827, -0.2450, -0.7777, -0.9912, -0.4595, 0.3083, 0.0756, -0.2394|638.0
19|0.0952, -0.2619, -0.7419, -1.0000, -0.4636, 0.3111, 0.0762, -0.2929|1440|0.0874, -0.2619, -0.7486, -1.0000, -0.4636, 0.3111, 0.0762, -0.2419|628.0
20|0.0952, -0.2619, -0.7419, -1.0000, -0.4636, 0.3111, 0.0762, -0.2929|1680|0.0952, -0.2619, -0.7419, -1.0000, -0.4636, 0.3111, 0.0762, -0.2929|574.0
21|0.0952, -0.2619, -0.7419, -1.0000, -0.4723, 0.3111, 0.0762, -0.2929|1120|0.0952, -0.2619, -0.7419, -1.0000, -0.4915, 0.3111, 0.0762, -0.2929|480.0
22|0.0952, -0.2619, -0.7419, -1.0000, -0.4636, 0.3111, 0.0762, -0.2929|1640|0.0943, -0.2594, -0.7348, -0.8000, -0.4396, 0.3081, 0.0755, -0.2901|674.0
23|0.0952, -0.2619, -0.7419, -1.0000, -0.4636, 0.3111, 0.0762, -0.2929|1160|0.0952, -0.2619, -0.7419, -1.0000, -0.4636, 0.3111, 0.0762, -0.2929|470.0
24|0.0952, -0.2619, -0.7419, -1.0000, -0.4636, 0.3111, 0.0762, -0.2929|1780|0.0952, -0.2619, -0.7419, -1.0000, -0.4636, 0.3111, 0.0762, -0.2929|648.0
25|0.0952, -0.2619, -0.7419, -1.0000, -0.4636, 0.3111, 0.0762, -0.2929|3620|0.0952, -0.2441, -0.7419, -1.0000, -0.4636, 0.3111, 0.0762, -0.2929|896.0
26|0.0952, -0.2619, -0.7419, -1.0000, -0.4636, 0.3111, 0.0762, -0.2929|1620|0.0952, -0.1903, -0.7419, -1.0000, -0.4636, 0.2855, 0.0762, -0.2929|714.0
27|0.0952, -0.2619, -0.7419, -1.0000, -0.4636, 0.3111, 0.0762, -0.2929|820|0.0952, -0.2441, -0.7419, -1.0000, -0.4636, 0.3111, 0.0691, -0.2929|456.0
28|0.0952, -0.2619, -0.7419, -1.0000, -0.4636, 0.3111, 0.0762, -0.2929|1960|0.0952, -0.2441, -0.7419, -1.0000, -0.4636, 0.3111, 0.0762, -0.2929|582.0
29|0.0952, -0.2619, -0.7419, -1.0000, -0.4636, 0.3111, 0.0762, -0.2929|1240|0.0952, -0.2441, -0.7419, -1.0000, -0.4636, 0.3111, 0.0762, -0.2929|588.0
30|0.0952, -0.2619, -0.7419, -1.0000, -0.4636, 0.3111, 0.0762, -0.2929|980|0.0505, -0.2083, -0.7419, -1.0000, -0.4636, 0.3111, 0.0762, -0.2929|414.0
31|0.0952, -0.2619, -0.7419, -1.0000, -0.4636, 0.3111, 0.0762, -0.2929|1060|0.0505, -0.2262, -0.7419, -1.0000, -0.4636, 0.3111, 0.0762, -0.2929|444.0
32|0.0952, -0.0832, -0.7419, -1.0000, -0.4636, 0.3111, 0.0762, -0.2929|1320|0.0728, -0.1726, -0.7419, -1.0000, -0.4636, 0.3111, 0.0762, -0.2929|364.0
