1|0.2473, -0.9087, -0.2333, -1.0000, -0.2450, 0.3776, 0.3458, 0.3521|1640|0.2886, -0.0687, -0.4029, -0.6314, -0.1370, 0.0354, -0.1346, -0.2114|210.0
2|-0.3149, -0.2269, -1.0000, -0.9257, -0.4028, 0.1144, -0.7015, 0.0157|1140|0.2674, -0.3697, -0.5151, -0.7538, 0.0174, 0.0968, -0.2283, -0.1706|363.0
3|-0.3024, -1.0000, -0.3855, -0.6554, 0.5470, -0.8175, 0.1475, -0.4635|1840|0.3104, -0.3807, -0.7037, -0.7433, -0.1684, 0.0825, -0.2204, -0.1214|542.0
4|0.9429, -0.2269, -1.0000, -0.7756, -0.4028, 0.1144, -0.7119, 0.0157|2000|0.5134, -0.3999, -0.7613, -0.6697, -0.3070, 0.0745, -0.0467, 0.0651|525.0
5|0.6384, -0.2269, -1.0000, -0.9257, -0.4028, 0.1144, -0.7015, 0.0157|2500|0.5877, -0.2843, -0.7553, -0.7097, -0.5711, 0.0991, -0.1080, 0.1089|710.0
6|0.6541, -0.9087, -1.0000, -0.7756, -0.4028, 0.3776, -0.7119, 0.0157|3660|0.6961, -0.3019, -0.8129, -0.8192, -0.5860, 0.0646, -0.1352, 0.0731|833.0
7|0.6384, -0.2269, -1.0000, -0.9257, -0.4028, 0.1144, -0.7015, 0.0157|1400|0.6482, -0.3765, -0.8965, -0.9016, -0.4757, 0.0040, -0.4102, 0.0077|639.0
8|0.6384, -0.9087, -0.6982, -0.7756, -0.4028, -0.8175, -0.7015, 0.8295|2460|0.6498, -0.4216, -0.9267, -0.8078, -0.3673, -0.0722, -0.3258, 0.0956|640.0
9|0.4302, -0.6122, -0.4704, -0.5226, -0.2714, -1.0000, -0.4726, 0.5589|1740|0.6107, -0.5134, -0.8753, -0.8485, -0.4060, -0.1127, -0.3697, 0.1771|888.0
10|0.6541, -0.6122, -0.4704, -0.5226, -0.2714, -1.0000, -0.7119, 0.5589|1500|0.6310, -0.4027, -0.8941, -0.8447, -0.4945, -0.0427, -0.3431, 0.1243|780.0
11|0.6541, -0.9087, -1.0000, -1.0000, 0.1003, 0.3776, -0.7015, 0.5589|2540|0.6511, -0.5314, -0.8411, -0.8119, -0.4293, -0.3902, -0.4771, 0.2873|734.0
12|0.6541, -0.9087, -1.0000, -1.0000, 0.1003, 0.3776, -0.7015, 0.5589|1780|0.6623, -0.5189, -0.7087, -0.7501, -0.4387, -0.6819, -0.4491, 0.4774|857.0
13|0.8167, -0.9087, -1.0000, -0.5226, 0.1003, -1.0000, -0.7119, 0.5589|3560|0.6785, -0.6239, -0.8146, -0.7852, -0.2928, -0.5867, -0.3653, 0.4774|1070.0
14|0.6541, -0.9087, -1.0000, -1.0000, 0.1003, 0.3776, 0.5384, 0.5589|1740|0.6785, -0.6832, -0.9226, -0.7297, -0.2502, -0.6556, -0.2913, 0.5046|789.0
15|0.6541, -0.9087, -1.0000, -0.5226, -0.4028, -1.0000, -0.4726, 0.5589|3660|0.6488, -0.6644, -0.7807, -0.7789, -0.1926, -0.4972, -0.2781, 0.5202|963.0
16|0.6541, -0.9087, -0.4704, -0.5226, -1.0000, 0.3776, -0.1838, 0.5589|1740|0.6541, -0.8636, -0.7969, -0.7488, -0.2110, -0.3801, -0.3200, 0.4822|802.0
17|0.6541, -0.9087, -1.0000, -1.0000, 0.1003, 0.3776, -0.7015, 0.5589|7040|0.6541, -0.9087, -0.7350, -0.7041, -0.1479, -0.3112, -0.2555, 0.5589|1816.0
18|0.6541, -0.9087, -0.3816, -1.0000, 0.1003, 0.3776, 0.5384, 0.5589|2280|0.6574, -0.9132, -0.7772, -0.5974, -0.2403, -0.2029, -0.3663, 0.5617|1055.0
19|0.6541, -0.9087, -1.0000, -1.0000, 0.1003, 0.3776, 0.5384, 0.5589|2580|0.5744, -0.9087, -0.8013, -0.7456, -0.3521, -0.2423, -0.3644, 0.5589|1000.0
20|0.6541, -0.9087, -1.0000, -1.0000, -0.4028, 0.3776, 0.5384, 0.5589|6240|0.5723, -0.9058, -0.7852, -0.7363, -0.2699, -0.4501, -0.3363, 0.5572|1318.0
21|0.6541, -0.9087, -1.0000, -1.0000, -0.4028, 0.3776, -0.1838, 0.5589|4560|0.6541, -0.9087, -0.9206, -0.7684, -0.2193, -0.3112, -0.5723, 0.5589|1163.0
22|0.6541, -0.9087, -1.0000, -1.0000, -0.4028, 0.3776, -0.1838, 0.5589|5380|0.6695, -0.9087, -1.0000, -0.8182, -0.1034, -0.1734, -0.5185, 0.5290|1416.0
23|0.6541, -0.9087, -1.0000, -1.0000, 0.1003, 0.3776, -0.1838, 0.5589|5760|0.6460, -0.7178, -0.8992, -0.8653, -0.0818, -0.3440, -0.4962, 0.4728|1108.0
24|0.6541, -0.9087, -1.0000, -1.0000, -0.4028, -1.0000, -0.7119, 0.5589|4360|0.6165, -0.8132, -0.9820, -0.9311, -0.1340, -0.3620, -0.4588, 0.5335|1196.0
25|0.6541, -0.9087, -1.0000, -1.0000, -0.4272, -1.0000, -0.7119, 0.5589|3960|0.6070, -0.9087, -1.0000, -0.8230, -0.1334, -0.5867, -0.5261, 0.5785|1176.0
26|0.6541, -0.9087, -1.0000, -0.6397, 0.1003, -1.0000, -0.7119, 0.5589|3320|0.5952, -0.9087, -1.0000, -0.7569, -0.2389, -1.0000, -0.5007, 0.5354|976.0
27|0.6541, -0.9087, -1.0000, -1.0000, 0.1003, -1.0000, -0.7119, 0.5589|2480|0.5834, -0.9087, -1.0000, -0.8019, -0.2401, -1.0000, -0.4743, 0.4958|1152.0
28|0.6541, -0.9087, -1.0000, -0.6397, -0.4272, -1.0000, -0.7119, 0.5589|4380|0.5739, -0.8954, -0.9000, -0.7603, -0.1815, -0.9854, -0.5006, 0.4911|1130.0
29|0.6541, -0.9087, -1.0000, -1.0000, -0.4272, -1.0000, -0.1838, 0.5589|2820|0.4753, -0.8912, -0.8954, -0.8097, -0.2838, -0.9808, -0.3832, 0.4515|966.0
30|0.6541, -0.9087, -1.0000, -1.0000, -0.4272, -1.0000, -0.1838, 0.5589|3660|0.6070, -0.9087, -1.0000, -0.8199, -0.3156, -1.0000, -0.3687, 0.3259|1519.0
31|0.6541, -0.9087, -1.0000, -1.0000, -0.4272, -1.0000, -0.1838, 0.5589|2560|0.5716, -0.9087, -1.0000, -0.8019, -0.2871, -1.0000, -0.4215, 0.3616|977.0
32|0.4184, -0.9087, -1.0000, -0.6397, -0.4028, -1.0000, -0.7119, 0.3238|2860|0.5863, -0.8962, -0.9863, -0.8829, -0.3363, -0.9863, -0.3134, 0.3685|1302.0
