1|0.2741, -0.7432, -0.8000, -0.5860, 0.3905, -0.4567, -0.2874, 0.1431|2500|0.2907, -0.0838, -0.1019, 0.1472, 0.2526, 0.0507, -0.0640, -0.0251|166.0
2|0.2741, -1.0000, -0.8000, -0.5860, 0.3905, 0.0968, -0.5670, -0.8504|1380|0.2286, -0.2522, -0.1339, 0.1726, 0.1186, 0.1941, -0.1756, -0.1935|99.6
3|0.8665, -0.2517, -0.7738, -1.0000, 0.2652, -0.5395, -0.7534, -0.3651|1180|0.2652, -0.3517, -0.3917, 0.0964, 0.0857, 0.1421, -0.1906, -0.3009|166.4
4|1.0000, -0.6912, -0.8000, -0.5860, 0.9789, 0.0968, 0.6652, -0.8504|2040|0.2736, -0.5161, -0.4393, -0.0023, -0.1204, -0.0272, -0.1929, -0.3121|278.4
5|0.2741, -1.0000, -0.3598, -0.5860, -0.2899, -0.1562, -0.5670, 0.8205|2820|0.2507, -0.5465, -0.4570, -0.2434, -0.1725, -0.0821, -0.3389, -0.3177|344.8
6|0.2741, -1.0000, -0.3598, -0.5860, -0.2899, -0.1562, -0.5670, 0.8205|2080|0.2418, -0.6001, -0.5329, -0.2803, -0.2149, -0.0267, -0.3141, -0.3020|409.2
7|0.2741, -1.0000, -0.9679, -0.5860, 0.3905, -0.2225, -0.5670, 0.8205|1860|0.2237, -0.6828, -0.5865, -0.4679, -0.2550, 0.0182, -0.2101, -0.1593|418.4
8|0.2741, -0.8655, -0.3598, -0.5860, -0.2899, -0.1562, -0.5670, 0.8205|2600|0.2023, -0.7432, -0.5820, -0.5312, -0.2454, -0.0780, -0.2162, 0.1715|585.2
9|0.2741, -1.0000, -0.3598, -0.5860, -1.0000, -0.1026, -0.3912, 0.1431|2740|0.1963, -0.6572, -0.5186, -0.5420, -0.4015, -0.1242, -0.3215, 0.1347|681.2
10|0.2741, -0.7432, -0.8000, -0.5860, -0.2899, -0.1562, -0.5670, 0.8205|2460|0.2738, -0.8418, -0.6316, -0.5943, -0.3147, -0.1327, -0.3511, 0.0071|738.8
11|0.0592, -0.7432, -0.8000, -0.5860, -0.5922, -0.1562, -0.5670, -1.0000|3740|0.2907, -0.8762, -0.6630, -0.5946, -0.3921, -0.1457, -0.4281, 0.1234|1014.4
12|0.2741, -0.7432, -0.8000, -0.5860, -0.2899, -0.1562, -0.5670, 0.8205|3040|0.2824, -0.8325, -0.6306, -0.5934, -0.3943, -0.1802, -0.3669, 0.0846|1034.8
13|0.2237, -0.8161, -0.8000, -0.5860, -0.2899, -0.1816, -0.4627, -1.0000|2700|0.3231, -0.7671, -0.6906, -0.5777, -0.3964, -0.1657, -0.4029, 0.2486|844.4
14|0.2741, -1.0000, -0.8000, -0.5860, -0.2899, 0.0318, -0.4627, 0.8205|4600|0.3218, -0.7557, -0.7219, -0.6396, -0.4306, -0.1881, -0.3572, 0.3064|985.2
15|0.2741, -1.0000, -0.8000, -0.5860, -0.3830, -0.1562, -0.5670, 0.8205|5040|0.2719, -0.7811, -0.7747, -0.6083, -0.3910, -0.1681, -0.4548, 0.4935|975.6
16|0.2237, -0.7432, -0.8000, -0.5860, -0.2899, -0.1562, -0.4627, -1.0000|2820|0.3088, -0.8236, -0.7772, -0.5626, -0.3840, -0.2037, -0.3674, 0.4777|1033.2
17|0.2741, -0.7432, -0.4231, -0.5860, -0.3871, -0.2225, -0.5670, 0.8205|2960|0.2891, -0.5939, -0.7080, -0.5560, -0.3589, -0.1708, -0.3901, 0.2836|900.4
18|0.7645, -0.8037, -0.8000, -0.4948, -0.2447, 0.0269, 0.2735, 0.6928|5520|0.3297, -0.7159, -0.7330, -0.5612, -0.3660, -0.2111, -0.3857, 0.4931|1310.4
19|0.7645, -1.0000, -0.8000, -0.5860, -0.3554, -0.1562, 0.0269, 0.8205|8960|0.3548, -0.6758, -0.7863, -0.5623, -0.3475, -0.2232, -0.3478, 0.5801|1310.0
20|0.5245, -1.0000, -1.0000, -0.4021, -0.1956, 0.0184, 0.1877, 0.6862|8580|0.4009, -0.7618, -0.7620, -0.5411, -0.3138, -0.2331, -0.2726, 0.6827|1270.8
21|0.5245, -0.5515, -1.0000, -0.4021, -0.2151, -0.0277, 0.1877, 0.6862|5080|0.3804, -0.7836, -0.5349, -0.5037, -0.2904, -0.1939, -0.3263, 0.7122|1092.8
22|0.2741, -1.0000, -0.4404, -0.3226, -0.2899, -0.1562, -0.5670, 0.4517|6300|0.2952, -0.8101, -0.6112, -0.4957, -0.3052, -0.1565, -0.4290, 0.7246|1275.2
23|0.2585, -0.5960, -0.4404, -0.4782, -0.2324, -0.0342, -0.4601, 0.6695|3220|0.3014, -0.8368, -0.6219, -0.4787, -0.2858, -0.1696, -0.4738, 0.6994|1096.4
24|0.2741, -1.0000, -0.4404, -0.4489, -0.3871, -0.1562, -0.5670, 0.8205|6520|0.2461, -0.8028, -0.6045, -0.4829, -0.2712, -0.1311, -0.4572, 0.7140|1101.6
25|0.7645, -1.0000, -0.4404, -0.4699, -0.1956, 0.1463, -0.5670, 0.6928|7800|0.2671, -0.7945, -0.6062, -0.4985, -0.2994, -0.1587, -0.5065, 0.7131|1558.0
26|0.2741, -1.0000, -0.8000, -0.3226, -0.1956, -0.1562, -0.3689, 0.4517|3060|0.3095, -0.8696, -0.5849, -0.4926, -0.1760, -0.1488, -0.4714, 0.7151|1189.6
27|0.2569, -1.0000, -0.4231, -0.4405, -0.2899, -0.1198, -0.5670, 0.4234|9760|0.3165, -0.8975, -0.5542, -0.5218, -0.2487, -0.1356, -0.5119, 0.6762|1535.2
28|0.2741, -1.0000, -0.2250, -0.3226, -0.1834, -0.1562, -0.3689, 0.4234|3620|0.3460, -0.9017, -0.5117, -0.4913, -0.2539, -0.1363, -0.5128, 0.6706|1331.2
29|0.2741, -1.0000, -0.8000, -0.3226, -0.1956, -0.1562, -0.3689, 0.4517|6460|0.3364, -0.9702, -0.5416, -0.4547, -0.2381, -0.1424, -0.4745, 0.6719|1612.4
30|0.7645, -1.0000, -0.8000, -0.4489, -0.1956, 0.0664, -0.3689, 0.8205|5780|0.3495, -0.9628, -0.5176, -0.4698, -0.2272, -0.1436, -0.4434, 0.4685|1786.4
31|0.7645, -1.0000, -0.2250, -0.3226, -0.1834, -0.1562, -0.3689, 0.4234|13460|0.3842, -0.9749, -0.5343, -0.4853, -0.2628, -0.1524, -0.4606, 0.5787|1893.6
32|0.2741, -1.0000, -0.2250, -0.3226, -0.3522, -0.1562, -0.3689, 0.4234|7080|0.4106, -0.9635, -0.4393, -0.4793, -0.2427, -0.1696, -0.4469, 0.5961|1946.4
