1|0.6144, -0.0133, -1.0000, -0.7899, -0.5629, 0.5371, 0.5147, -0.5578|2360|-0.0320, -0.2229, -0.1127, -0.1690, -0.1455, -0.0310, 0.1648, -0.1664|130.4
2|-0.2013, -0.9335, -0.5744, -0.5130, -0.2988, -0.3156, -0.0710, -0.0004|1740|0.0953, -0.2031, -0.2551, -0.3230, -0.2171, -0.0626, 0.0602, -0.0956|174.0
3|0.7358, -0.9335, -0.4786, -0.5130, -0.5261, 0.0293, -0.4614, 0.2173|2540|0.1483, -0.1607, -0.4242, -0.4480, -0.2484, -0.1243, 0.2407, -0.0308|283.6
4|1.0000, -0.3943, -1.0000, -0.5130, 0.2032, 0.0834, 0.4884, -0.0476|2240|0.1822, -0.2462, -0.5011, -0.5946, -0.3321, -0.1442, 0.2795, 0.0041|354.4
5|1.0000, -0.3943, -1.0000, -0.8779, 0.2032, 0.7915, 0.4884, 0.3059|2660|0.1794, -0.3324, -0.5499, -0.7099, -0.2690, -0.1172, 0.2755, 0.0102|545.0
6|0.4412, -0.8480, -0.3040, -0.5130, -1.0000, 0.0293, 0.2178, 0.2173|3800|0.1912, -0.4298, -0.5560, -0.7623, -0.1715, -0.1415, 0.2206, -0.0561|591.0
7|0.7003, -0.9335, -0.9596, -0.9944, 0.4802, -0.6363, 0.8052, 0.2173|3420|0.2532, -0.6163, -0.6237, -0.8026, -0.0729, -0.1992, 0.1232, -0.1048|617.2
8|0.7358, -0.9335, -0.4786, -0.4892, -0.2411, 0.0950, -0.7924, -0.6903|2580|0.3306, -0.6970, -0.6665, -0.8112, 0.0459, -0.2954, 0.0547, -0.1303|684.6
9|0.7358, -1.0000, -0.4786, -0.4892, 0.2032, 0.0313, -0.4943, -0.0510|4960|0.3383, -0.7529, -0.7255, -0.7876, -0.0827, -0.3040, -0.0126, -0.0543|893.4
10|0.7882, -1.0000, -0.5126, -0.9508, -0.0235, 0.0313, -0.4943, -0.0510|4460|0.4456, -0.7615, -0.6689, -0.8152, -0.1121, -0.2044, -0.1079, -0.0166|981.2
11|0.7882, -1.0000, -0.5126, -0.8671, 0.2032, 0.0834, 0.9137, 0.5505|7400|0.6686, -0.8044, -0.6434, -0.7993, -0.2108, -0.0755, -0.2518, 0.0909|1247.0
12|0.7003, -0.7077, -0.7587, -0.5756, -0.7569, 0.0313, -0.4401, 0.2161|4740|0.7016, -0.7551, -0.6495, -0.7310, -0.2988, -0.1284, -0.1766, 0.2034|1201.8
13|0.7882, -1.0000, -0.4500, -0.5130, -0.0235, 0.0313, -0.0761, -0.0510|4680|0.6863, -0.8023, -0.5984, -0.7636, -0.2908, -0.1212, -0.1724, 0.1718|1162.8
14|0.5094, -0.9335, -0.8147, -0.5130, -0.1422, 0.0313, 0.1112, 0.1396|5940|0.6454, -0.8701, -0.6069, -0.7387, -0.3173, -0.1307, -0.1088, 0.2492|1259.2
15|0.7882, -1.0000, -0.3692, -0.5756, -0.0235, 0.0950, -0.0747, -0.0510|8720|0.6689, -0.8935, -0.6074, -0.7136, -0.2919, -0.1277, -0.1243, 0.2112|1361.0
16|0.7882, -1.0000, -0.3692, -0.5756, -0.0235, 0.0313, 0.2178, -0.0510|12800|0.6878, -0.8698, -0.5703, -0.6640, -0.3411, -0.0307, -0.1257, 0.2234|1682.4
17|0.7882, -1.0000, -0.4500, -0.4228, -0.1422, 0.0313, 0.4026, 0.4058|7100|0.6840, -0.8933, -0.5425, -0.6588, -0.3246, -0.0269, -0.1098, 0.2011|1594.4
18|0.7882, -0.9335, -0.4500, -0.5146, -0.1422, 0.0313, 0.4026, 0.4058|7780|0.6628, -0.8859, -0.5187, -0.6080, -0.2461, -0.0442, -0.0314, 0.1928|1501.0
19|0.7882, -1.0000, -0.3955, -0.5130, -0.0235, 0.0336, 0.0438, 0.2315|15220|0.5495, -0.9305, -0.5349, -0.6132, -0.2546, -0.0475, -0.0805, 0.2660|1896.0
20|0.7882, -1.0000, -0.3955, -0.5130, -0.0235, 0.0336, 0.0438, 0.2315|12780|0.5728, -0.9632, -0.5162, -0.6080, -0.2680, -0.0445, -0.1544, 0.2442|1673.8
21|0.7882, -1.0000, -0.3955, -0.5146, -0.0152, 0.0313, 0.0438, 0.2820|15220|0.5779, -0.9492, -0.4738, -0.5798, -0.2706, -0.0119, -0.1140, 0.2558|2003.2
22|1.0000, -1.0000, -0.4500, -0.5495, -0.0211, 0.0313, 0.4026, 0.2315|12980|0.5451, -0.9189, -0.4572, -0.5458, -0.2298, 0.0239, -0.0793, 0.2556|2448.0
23|0.2803, -1.0000, -0.4500, -0.5495, 0.1699, 0.0313, 0.4026, 0.2161|6640|0.6366, -0.9793, -0.4682, -0.5547, -0.1346, 0.0273, -0.0395, 0.2299|2137.4
24|0.7882, -1.0000, -0.4500, -0.5495, -0.1422, 0.1514, 0.4026, 0.2161|12520|0.6266, -0.9651, -0.4738, -0.5386, -0.0681, 0.0345, -0.0060, 0.2528|2412.8
25|0.7882, -1.0000, -0.3955, -0.5130, 0.1699, 0.0313, 0.3462, 0.2315|10000|0.6574, -0.9352, -0.4864, -0.5149, -0.0670, 0.0365, 0.0424, 0.2812|2388.4
26|0.7882, -1.0000, -0.2760, -0.5130, -0.0235, 0.0336, 0.0438, 0.5505|11920|0.7424, -0.9807, -0.4833, -0.5346, -0.0318, 0.0499, 0.0647, 0.2782|3038.6
27|0.3998, -1.0000, -0.2006, -0.2602, -0.0119, 0.0170, 0.0222, 0.1174|47520|0.7416, -0.9721, -0.4540, -0.5162, 0.0155, 0.0546, 0.1611, 0.2429|3681.8
28|0.4455, -1.0000, -0.4500, -0.2602, -0.0119, 0.1514, 0.0222, 0.1174|32380|0.6658, -0.9311, -0.4213, -0.5174, 0.0187, 0.0528, 0.1298, 0.2386|3208.4
29|0.1589, -1.0000, -0.3955, -0.3601, -0.0599, 0.0313, 0.2156, 0.5505|12000|0.7025, -0.9853, -0.4516, -0.5378, 0.0470, 0.0564, 0.1327, 0.3106|2888.0
30|0.4812, -1.0000, -0.2414, -0.3132, 0.1699, 0.0076, 0.0438, 0.2927|20640|0.7159, -0.9655, -0.4125, -0.5181, 0.0615, 0.0499, 0.1301, 0.3005|2955.8
31|0.5492, -1.0000, -0.2471, -0.2826, 0.0933, 0.0152, -0.0436, 0.1187|16480|0.6994, -1.0000, -0.4158, -0.5095, 0.0865, 0.0679, 0.2100, 0.2845|3202.0
32|0.4812, -1.0000, -0.3692, -0.5130, -0.0235, 0.0313, 0.0438, 0.3610|10860|0.6676, -0.9600, -0.4092, -0.4930, 0.0741, 0.0681, 0.2254, 0.2902|2922.0
