1|0.8484, -0.5660, -0.6647, -0.7503, -0.8450, -0.9599, -0.9269, 1.0000|1100|-0.0024, 0.0886, -0.0816, -0.2150, 0.0033, -0.2651, -0.1264, -0.0703|127.6
2|-0.6802, -1.0000, -0.4655, -0.8376, -0.9885, -0.9599, 0.8860, -0.0988|1120|0.0170, -0.0729, -0.1824, -0.5616, -0.2001, -0.5190, -0.1803, -0.1837|228.6
3|0.8484, -0.5660, -0.6647, -0.7503, -1.0000, -0.9377, 0.8098, -0.1136|1940|0.0374, -0.2125, -0.2926, -0.7293, -0.2459, -0.5651, -0.1406, -0.1635|304.2
4|-0.8344, -1.0000, -0.9390, -0.6227, 0.1235, -0.7143, 0.1442, 0.0615|3180|0.1333, -0.3019, -0.4020, -0.7623, -0.2363, -0.5481, -0.1142, -0.1841|432.2
5|0.0024, -0.5514, -0.5282, -0.5266, -0.1475, -0.5158, 0.3234, -0.1188|1940|0.2527, -0.4731, -0.4500, -0.7971, -0.2866, -0.5039, 0.0176, -0.1825|557.2
6|0.8697, -1.0000, -0.8409, -0.5278, -0.1410, -1.0000, 0.3061, -0.8072|4460|0.2818, -0.5669, -0.4807, -0.8105, -0.2041, -0.5350, 0.0445, -0.1787|519.4
7|0.8484, -0.5660, -0.5284, -0.5779, -0.2188, -0.4931, 0.8098, -0.5094|2360|0.3007, -0.6102, -0.4924, -0.8115, -0.2547, -0.5809, -0.0228, -0.1448|706.4
8|-0.8344, -1.0000, -0.6647, -1.0000, 0.1235, -1.0000, 0.1442, -0.1136|2640|0.3147, -0.6378, -0.5513, -0.7985, -0.1655, -0.6383, 0.0644, -0.1928|683.8
9|-0.1007, -0.6126, -0.7040, -1.0000, 0.8402, -0.8078, -0.8852, 0.1140|2580|0.3128, -0.7053, -0.5856, -0.8228, -0.1614, -0.6300, -0.0055, -0.1579|782.0
10|0.0681, -0.5271, -0.5284, -0.7503, 0.1106, 0.4223, 0.2009, 0.3388|2820|0.3945, -0.7397, -0.5943, -0.8164, -0.1877, -0.5763, 0.0534, -0.1130|801.4
11|0.8697, -1.0000, -0.6647, -0.7503, 0.1106, -0.6188, 0.7785, 0.1314|4900|0.4661, -0.7992, -0.5483, -0.8136, -0.1530, -0.4973, 0.1118, -0.0579|918.6
12|0.6733, -1.0000, -0.8461, -1.0000, 0.0705, -0.7528, -0.3856, 0.1140|5840|0.4322, -0.8333, -0.5616, -0.7934, -0.1581, -0.5634, 0.2554, 0.0303|981.6
13|0.6733, -1.0000, -0.8507, -0.9559, -0.1475, -0.2773, -0.8852, 1.0000|3240|0.4785, -0.8543, -0.5784, -0.8187, -0.1286, -0.5604, 0.2917, 0.0182|1027.0
14|0.9434, -1.0000, -0.8461, -1.0000, -0.2188, 0.4223, 0.6374, 0.3388|5520|0.5084, -0.9027, -0.6013, -0.8434, -0.1121, -0.5645, 0.3440, 0.0704|1215.0
15|0.6733, -1.0000, -0.4130, -0.6495, 0.1106, 0.0337, 0.7188, 0.1314|4400|0.5500, -0.8540, -0.6097, -0.7796, -0.1327, -0.4453, 0.4172, 0.1053|1042.4
16|0.8697, -1.0000, -0.5284, -0.7503, -0.0916, -0.3203, 0.6374, 0.3388|5460|0.5857, -0.8995, -0.5635, -0.7740, -0.0960, -0.4762, 0.3729, 0.1618|1181.8
17|0.8697, -1.0000, -0.5284, -0.4931, -0.1410, -0.1306, -0.3856, -0.5094|5360|0.5635, -0.9074, -0.5469, -0.7445, -0.1138, -0.3989, 0.3498, 0.1203|1126.4
18|0.0949, -1.0000, -0.5284, -0.3145, -0.1410, -1.0000, 0.3254, -0.0476|5840|0.6421, -0.9220, -0.6139, -0.7117, -0.0732, -0.4424, 0.2614, 0.1700|1292.2
19|0.7014, -1.0000, -0.6924, -1.0000, -0.4584, -0.1670, -0.3856, 0.3388|3920|0.6371, -0.9205, -0.5970, -0.6799, -0.0910, -0.4344, 0.2693, 0.1619|1307.2
20|0.7014, -1.0000, -0.8461, -0.4079, 0.1106, -0.1306, 0.2156, -0.0448|5760|0.6899, -0.9456, -0.6243, -0.6760, -0.1015, -0.4303, 0.2811, 0.1891|1322.6
21|0.7014, -1.0000, -0.3743, -0.4079, 0.1106, 0.0337, 0.8098, -0.0448|4620|0.6957, -0.9155, -0.6194, -0.6462, -0.1319, -0.4369, 0.3757, 0.1724|1368.0
22|0.7014, -1.0000, -0.6647, -0.4931, -0.2188, -0.4348, 0.7188, 0.1314|6140|0.7342, -0.9326, -0.5923, -0.6713, -0.1121, -0.4111, 0.3560, 0.1598|1559.2
23|0.4800, -1.0000, -0.5284, -0.4645, -0.0916, -0.5182, -0.2459, 0.3388|7980|0.7320, -0.9590, -0.5882, -0.6365, -0.0976, -0.3664, 0.4017, 0.1452|1607.8
24|1.0000, -1.0000, -0.3743, -0.7503, -0.0916, -0.1306, 0.7785, 0.3248|9340|0.6716, -0.8966, -0.6127, -0.6438, -0.1148, -0.4187, 0.3645, 0.1630|1672.0
25|1.0000, -1.0000, -0.3743, -0.4931, -0.0916, -0.1306, -0.3856, 0.3248|6540|0.6856, -0.8949, -0.5811, -0.6238, -0.1078, -0.4112, 0.2552, 0.1629|1378.6
26|1.0000, -1.0000, -0.8461, -0.7790, 0.1235, 0.0337, 0.7188, 0.3388|7100|0.7173, -0.9623, -0.6094, -0.5948, -0.1456, -0.3564, 0.2035, 0.1845|1624.4
27|0.8697, -1.0000, -0.6261, -0.4931, -0.0916, -0.1306, -0.2459, 0.1314|8200|0.7099, -0.9777, -0.5894, -0.5688, -0.1382, -0.2830, 0.1915, 0.1967|1801.2
28|1.0000, -1.0000, -0.5284, -0.4931, 0.1235, 0.2719, -0.2459, 0.1314|7180|0.7560, -0.9370, -0.5937, -0.5753, -0.1511, -0.3105, 0.1209, 0.1971|1555.2
29|1.0000, -1.0000, -0.8461, -0.7790, -0.0878, 0.0337, 0.7188, 0.3388|5760|0.8037, -0.9626, -0.5648, -0.5818, -0.1436, -0.4034, 0.0730, 0.2012|1662.4
30|0.4800, -1.0000, -0.2445, -0.4695, 0.1235, 0.0337, -0.2363, 0.0027|10360|0.8336, -0.9666, -0.5453, -0.5687, -0.1390, -0.3342, 0.0442, 0.2063|2100.8
31|1.0000, -1.0000, -0.6647, -0.4695, -0.0916, 0.2719, 0.1359, 0.1314|7940|0.8832, -0.9756, -0.5190, -0.5408, -0.1311, -0.3356, -0.0624, 0.2131|2047.8
32|0.8697, -1.0000, -0.4130, -0.7503, -0.1679, 0.0337, 0.2974, 0.3388|11980|0.9040, -0.9496, -0.5326, -0.5703, -0.1094, -0.2439, -0.0629, 0.2222|2015.0
