1|0.2983, -1.0000, -0.5756, -0.0493, -0.1782, 0.0093, -0.3663, -0.6662|1200|0.0243, -0.0244, -0.0636, 0.0573, -0.0296, 0.0085, 0.0173, -0.1386|114.0
2|0.2983, -1.0000, -0.5756, -0.0493, -0.1782, 0.0093, -0.3663, -0.6662|1820|-0.0938, -0.0377, -0.2680, -0.1726, -0.0550, -0.0436, 0.0800, -0.1206|202.4
3|1.0000, -0.0683, -0.6087, -0.9916, -0.8482, 0.1752, 0.0056, 0.2081|1880|0.0004, -0.0618, -0.1653, -0.2791, -0.0332, -0.2079, 0.0933, -0.0737|180.4
4|0.4268, -1.0000, -0.6385, -0.8262, -0.2402, -0.8020, -0.3170, 0.2183|2440|-0.0188, 0.0077, -0.2696, -0.4106, -0.0464, -0.2889, -0.1279, -0.0583|181.6
5|-0.5988, -0.9533, -1.0000, -0.5248, -0.2749, -0.7645, -0.6853, -0.1306|3060|0.0641, -0.0637, -0.3684, -0.3964, -0.2296, -0.3064, -0.2565, -0.0892|284.6
6|0.4268, -1.0000, -0.3470, -0.6731, -0.2402, 0.6251, 0.1735, 0.2183|2240|0.2551, -0.1623, -0.4783, -0.6099, -0.1934, -0.3672, -0.2537, -0.1426|402.0
7|0.4268, -1.0000, -0.8315, -0.6731, -0.2402, 0.6251, 0.1735, 0.2183|3380|0.3574, -0.2713, -0.5072, -0.6519, -0.1542, -0.5186, -0.2760, -0.1605|564.0
8|0.4268, -1.0000, -0.3470, -0.6731, -0.2068, 0.6251, 0.1735, 0.2183|4480|0.4087, -0.4603, -0.5542, -0.6592, -0.1594, -0.3898, -0.2583, -0.2081|654.4
9|0.2438, -0.5535, -0.7215, -1.0000, 0.3551, -0.8844, -0.2994, 0.0080|3000|0.5126, -0.4717, -0.5363, -0.5915, -0.2019, -0.3684, -0.2392, -0.2543|638.8
10|0.4268, -1.0000, -0.3470, -0.9226, 0.0891, 0.6251, 0.1735, 0.2010|2080|0.4825, -0.4604, -0.5327, -0.5509, -0.3551, -0.4228, -0.3370, -0.2124|610.2
11|0.4268, -1.0000, -0.6385, -0.8262, -0.2402, 0.6251, -0.2377, 0.2183|3880|0.6133, -0.4725, -0.5092, -0.6768, -0.4097, -0.3168, -0.3256, -0.1805|735.6
12|0.4268, -1.0000, -0.3470, -0.8262, 0.1557, 0.6251, 0.1735, 0.2183|3860|0.5997, -0.6022, -0.5194, -0.7405, -0.3520, -0.1817, -0.2358, -0.0050|856.0
13|0.4268, -1.0000, -0.3470, -0.9226, 0.0891, 0.6251, 0.1735, 0.2010|3880|0.5628, -0.7412, -0.4784, -0.8211, -0.2870, -0.0027, -0.1497, 0.0803|1048.8
14|0.4268, -1.0000, -0.3470, -0.8262, 0.1557, 0.6251, 0.1735, 0.2183|4640|0.5583, -0.8477, -0.4613, -0.7705, -0.3829, -0.0709, -0.1263, 0.0142|985.6
15|0.4268, -1.0000, -0.3470, -0.9226, 0.0891, 0.6251, -0.0181, 0.2010|4580|0.4809, -0.9223, -0.5110, -0.6457, -0.3618, 0.0940, -0.0810, 0.0074|1007.6
16|0.2438, -1.0000, -0.5605, -0.9226, 0.0891, 0.6251, 0.1735, 0.2010|3640|0.2723, -0.7608, -0.5036, -0.7621, -0.3406, 0.1575, -0.1030, 0.0491|933.4
17|0.4268, -1.0000, -0.6385, -0.6805, -0.9890, -0.8844, 0.1735, 0.2010|3060|0.2333, -0.9258, -0.4733, -0.8121, -0.3770, 0.0766, -0.0828, 0.0646|906.0
18|1.0000, -1.0000, -0.6459, -0.8370, -0.1169, -0.0846, 0.1735, -0.2379|5660|0.2660, -0.9223, -0.4745, -0.7382, -0.4184, 0.0932, -0.1123, 0.0537|1074.6
19|1.0000, -0.5371, -0.3937, -0.3073, -0.5389, -0.3995, 0.0784, 0.2591|8560|0.3432, -0.9007, -0.4710, -0.6846, -0.4283, 0.0020, -0.0694, 0.0364|1289.4
20|0.4055, -1.0000, 0.0748, -0.3113, 0.1557, -0.0507, 0.1649, 0.2183|8820|0.4243, -0.8612, -0.3520, -0.5309, -0.3496, 0.0300, 0.0747, 0.0451|1130.8
21|0.2431, -1.0000, -0.5293, -0.3875, -0.1458, 0.0720, -0.1367, 0.1145|4800|0.4610, -0.8037, -0.4799, -0.6151, -0.4072, -0.1058, 0.1057, 0.0953|1028.4
22|0.7743, -0.5371, -0.5779, -0.3073, -0.5389, -0.3995, 0.2536, 0.1145|3600|0.4254, -0.8525, -0.4569, -0.5768, -0.2523, -0.1250, 0.0786, 0.0867|1189.4
23|0.7743, -1.0000, -0.3844, -0.6397, -0.1860, 0.5657, 0.1343, 0.1556|8500|0.4135, -0.9392, -0.3536, -0.5696, -0.1633, -0.0283, 0.1115, 0.0418|1544.8
24|0.2431, -1.0000, -0.5293, -0.3875, -0.1458, 0.0720, -0.1367, 0.1145|11960|0.4111, -0.8151, -0.2990, -0.5383, -0.2452, -0.0585, 0.0737, 0.1103|1694.8
25|0.4055, -1.0000, -0.1488, -0.3113, -0.3811, -0.0507, -0.0197, -0.4005|7900|0.4010, -0.9591, -0.3477, -0.5129, -0.2548, 0.0093, 0.0820, 0.0092|1777.0
26|0.7743, -1.0000, -0.5293, -0.3875, -0.1458, -0.0507, 0.1343, -0.1608|10920|0.4452, -0.9549, -0.3378, -0.4682, -0.2361, -0.0400, 0.0914, -0.0383|1855.6
27|0.4055, -1.0000, -0.3844, -0.3113, -0.1860, -0.0507, 0.1343, 0.1151|9480|0.4805, -0.9681, -0.3784, -0.4895, -0.2920, 0.0444, 0.0988, -0.0435|2014.6
28|0.4055, -1.0000, -0.1488, -0.3113, -0.1860, -0.0507, 0.1343, 0.1151|12660|0.3957, -0.9898, -0.3604, -0.4811, -0.2656, 0.0262, 0.1066, 0.0139|2244.4
29|0.9405, -1.0000, -0.1488, -0.3113, -0.1860, -0.0507, -0.0298, 0.1151|24540|0.3331, -0.9937, -0.3706, -0.4413, -0.2234, 0.0990, 0.1152, 0.0259|2554.6
30|0.2438, -1.0000, -0.3470, -0.3113, -0.0276, -0.0507, 0.1693, 0.1312|12100|0.4373, -0.9937, -0.3477, -0.4173, -0.2293, -0.0324, 0.1001, -0.0178|2313.4
31|0.9638, -1.0000, -0.5288, -0.3113, -0.2402, -0.0697, 0.2523, 0.2183|14200|0.5269, -0.9742, -0.3180, -0.4256, -0.2098, -0.0284, 0.0828, -0.0161|2976.4
32|0.4055, -1.0000, -0.3470, -0.3113, -0.1860, 0.0106, 0.1343, 0.1151|13920|0.4390, -0.9523, -0.3280, -0.2784, -0.1477, -0.0153, 0.1045, 0.0255|2335.2
