1|0.0362, -1.0000, -0.7991, -0.6102, -0.2561, -0.5784, -0.7029, -0.0209|1840|0.0129, 0.0918, -0.1722, -0.2593, 0.0512, -0.1371, -0.0867, 0.0235|162.2
2|0.0362, -1.0000, -0.7991, -0.6102, -0.2561, -0.5784, 0.3930, -0.0774|1660|0.1544, 0.1415, -0.3259, -0.3581, -0.0904, -0.0941, 0.1036, 0.0432|226.6
3|0.0362, -1.0000, -0.7354, -0.5481, -0.2561, -0.5784, -0.7029, -0.0209|2200|0.2737, 0.0596, -0.4087, -0.5327, -0.1966, -0.1162, 0.1941, 0.0000|313.0
4|0.8844, -0.1070, -1.0000, -0.6750, -0.4570, -0.8664, 0.5121, 0.1247|1560|0.4329, 0.0569, -0.5470, -0.5537, -0.2284, -0.2097, 0.1829, 0.0856|369.8
5|0.9272, -1.0000, -0.6644, -0.2087, -0.6756, -0.7301, -1.0000, -0.1364|2860|0.4649, -0.0775, -0.5538, -0.6335, -0.2885, -0.2042, 0.2675, -0.0113|519.6
6|0.9272, -1.0000, -0.6644, -0.6102, 0.1226, -0.5784, -1.0000, 0.4563|3660|0.5428, -0.1984, -0.6206, -0.6829, -0.3314, -0.2994, 0.2980, 0.1514|658.0
7|1.0000, -0.6624, -0.6644, -1.0000, -0.8466, 0.7797, 0.4211, 0.4563|3080|0.6687, -0.3043, -0.6741, -0.6443, -0.3731, -0.3330, 0.2626, 0.1299|724.0
8|1.0000, -0.6624, -0.6644, -0.6750, -0.8466, -0.7310, 0.4211, 0.4563|3840|0.7332, -0.3443, -0.6737, -0.6435, -0.4513, -0.3637, 0.2432, 0.1892|737.2
9|0.9272, -1.0000, -0.6644, -0.2087, -0.6756, -0.7301, -1.0000, -0.1364|3780|0.8249, -0.4283, -0.7296, -0.5082, -0.4578, -0.4831, 0.1883, 0.1342|797.0
10|0.9272, -1.0000, -0.6644, -0.5481, -0.4570, -0.7301, 0.4211, -0.1364|3900|0.8985, -0.3946, -0.6737, -0.5611, -0.4161, -0.5215, 0.1203, 0.1122|738.6
11|0.9272, -1.0000, -1.0000, -0.8015, -0.3385, -0.7301, 0.4211, -0.2873|4220|0.9000, -0.4963, -0.7057, -0.5883, -0.3794, -0.5126, 0.1653, 0.0791|924.8
12|1.0000, -1.0000, -0.7354, -0.5481, 0.1742, 0.3523, 0.4527, 0.1247|6120|0.9011, -0.5741, -0.7448, -0.5583, -0.4029, -0.5016, 0.1905, 0.0635|991.4
13|0.6569, -1.0000, -0.7354, -0.5481, 0.1742, 0.4169, 0.2252, 0.4563|7240|0.8872, -0.6650, -0.7514, -0.5786, -0.3826, -0.5564, 0.2152, 0.0465|1213.6
14|1.0000, -1.0000, -1.0000, -0.5481, -0.3385, -0.1870, -1.0000, -0.1364|5320|0.8915, -0.7916, -0.7432, -0.5735, -0.3738, -0.5847, 0.1185, 0.0437|1195.0
15|0.9272, -1.0000, -0.8567, -0.6287, -0.3488, -0.1830, 0.4211, 1.0000|3860|0.8513, -0.6784, -0.7261, -0.5411, -0.3368, -0.5388, 0.1829, 0.1342|1193.8
16|1.0000, -1.0000, -0.6644, -0.6750, -0.2561, -0.7301, 0.2252, 0.4563|7960|0.9129, -0.8178, -0.6876, -0.5526, -0.3207, -0.3859, 0.2622, 0.2321|1337.8
17|1.0000, -1.0000, -0.6644, -0.8015, -0.4570, -0.7301, 0.2252, 0.4563|4380|0.9086, -0.8342, -0.6848, -0.5774, -0.2947, -0.3807, 0.3102, 0.2380|1298.8
18|0.9272, -1.0000, -0.6644, -0.5481, -0.3385, -0.1830, 0.2252, -0.0774|8300|0.8920, -0.8164, -0.7470, -0.6247, -0.2811, -0.3083, 0.2929, 0.3024|1482.6
19|0.9272, -1.0000, -0.6644, -0.5481, -0.3385, -0.1830, 0.2252, -0.0774|6360|0.8669, -0.8543, -0.6956, -0.6474, -0.3166, -0.3139, 0.3662, 0.2931|1285.4
20|0.9272, -1.0000, -0.6644, -0.5481, 0.1742, -0.6238, 0.4527, 0.4563|5900|0.8878, -0.8141, -0.7425, -0.6581, -0.2410, -0.3098, 0.4256, 0.3279|1349.8
21|1.0000, -1.0000, -0.8567, -0.5481, -0.3488, -0.1830, 0.0338, 1.0000|4820|0.8629, -0.8169, -0.7397, -0.6514, -0.2769, -0.3134, 0.3774, 0.3923|1290.2
22|1.0000, -0.6436, -0.3644, -0.3261, -0.2507, -0.3042, 0.2252, 0.1247|5140|0.7901, -0.8205, -0.6851, -0.5879, -0.2723, -0.3002, 0.3527, 0.3552|1366.4
23|0.9420, -1.0000, -0.7354, -0.5600, -0.3488, -0.4866, 0.4485, 0.4299|4960|0.7858, -0.7888, -0.7189, -0.6375, -0.3361, -0.3698, 0.2476, 0.3532|1503.2
24|1.0000, -1.0000, -0.3644, -0.3261, -0.3488, -0.3042, -0.2412, 0.1247|4940|0.8179, -0.7784, -0.6509, -0.6178, -0.3293, -0.3734, 0.2191, 0.3305|1546.8
25|0.7216, -1.0000, -0.4795, -0.3261, -0.4570, -0.7310, 0.4211, 0.1825|5480|0.8526, -0.8130, -0.6525, -0.5716, -0.3556, -0.3648, 0.2599, 0.2771|1359.6
26|1.0000, -1.0000, -0.8289, -0.5481, -0.2184, -0.1830, 0.2252, -0.0774|5000|0.8619, -0.8031, -0.6390, -0.5679, -0.3659, -0.3243, 0.2622, 0.2707|1328.8
27|1.0000, -1.0000, -0.3644, -0.3261, -0.3488, -0.3042, -0.2412, 0.1247|7320|0.8856, -0.8309, -0.6076, -0.5714, -0.3627, -0.3123, 0.2234, 0.1854|1578.2
28|1.0000, -1.0000, -0.3644, -0.3261, -0.3488, -0.3042, -0.2412, 0.1247|11620|0.8912, -0.8100, -0.6218, -0.5563, -0.3294, -0.3068, 0.2295, 0.1670|1996.0
29|1.0000, -1.0000, -0.8289, -0.6142, -0.2507, -0.7310, 0.2252, -0.0774|7020|0.9342, -0.8495, -0.5891, -0.5445, -0.3503, -0.3362, 0.2439, 0.1809|1749.4
30|1.0000, -1.0000, -0.2901, -0.5481, -0.3488, -0.2333, 0.2252, 0.4563|7340|0.9336, -0.8583, -0.5586, -0.5214, -0.3708, -0.3155, 0.2265, 0.1696|1933.8
31|1.0000, -1.0000, -0.3644, -0.1940, -0.2479, -0.5190, -0.2412, -0.0461|5160|0.9710, -0.8208, -0.5808, -0.5066, -0.3642, -0.2725, 0.1757, 0.1730|1576.8
32|1.0000, -1.0000, -0.2901, -0.3261, -0.3488, -0.2017, -0.2412, 0.4563|13980|0.9722, -0.8668, -0.6005, -0.4928, -0.4144, -0.2430, 0.1266, 0.1863|1773.2
