1|0.4143, 0.8023, -0.5104, 0.2114, -0.9713, -0.7752, -0.9781, 0.1322|420|0.0016, 0.0528, -0.1095, -0.0506, -0.0822, -0.0424, 0.0672, -0.0251|41.0
2|0.5296, -0.1116, -0.6300, -0.3975, -0.4906, 0.2211, 0.1986, -0.5623|960|-0.0462, 0.1392, -0.1474, -0.1685, -0.1508, -0.1768, -0.0183, -0.0555|72.8
3|0.4909, -0.0123, -1.0000, -0.5215, 0.0826, 0.0578, -0.4576, 0.3085|1400|-0.0527, 0.1677, -0.2936, -0.1658, -0.2745, -0.1970, -0.0288, -0.0545|135.2
4|0.4909, -0.0123, -1.0000, -0.5215, -1.0000, -0.5002, -0.4576, 0.3085|2520|0.0999, 0.1703, -0.3644, -0.1544, -0.3622, -0.2053, 0.0225, -0.0943|177.0
5|0.1474, -1.0000, -0.4705, -0.3869, -0.0442, -0.8468, -0.2528, -0.5623|1200|0.2404, 0.1023, -0.4606, -0.3039, -0.3865, -0.2928, -0.0915, -0.0112|279.0
6|1.0000, -0.4914, -0.5104, -0.4272, -0.9460, 0.1541, 0.2193, 0.0047|1860|0.3211, -0.0768, -0.5337, -0.4628, -0.4474, -0.4005, 0.0271, 0.0328|449.6
7|1.0000, 0.0776, -0.6300, -0.2754, 0.2186, -0.7752, 1.0000, -0.5623|2140|0.3891, -0.1877, -0.5660, -0.2377, -0.4612, -0.4205, -0.0124, -0.0698|432.2
8|0.6767, -0.9645, -0.0798, -0.7718, -0.4732, -0.3639, 0.2686, 1.0000|1820|0.4281, -0.0511, -0.5475, -0.5124, -0.4742, -0.3936, 0.0501, -0.0468|495.6
9|0.6767, -0.9645, -0.0798, -0.4272, -0.9460, 0.1541, 0.2193, -0.1256|6060|0.5338, -0.1117, -0.5217, -0.6162, -0.4761, -0.3028, 0.1564, 0.0790|637.8
10|1.0000, -0.9645, -0.4347, -0.4871, -0.2174, -0.3639, 0.6027, 1.0000|2580|0.5450, -0.1668, -0.4692, -0.6451, -0.4025, -0.2953, 0.1136, 0.1409|619.2
11|1.0000, -0.9645, -0.4611, -0.4871, -0.2174, -0.3639, 0.0182, 1.0000|7160|0.5414, -0.2353, -0.4565, -0.5321, -0.4260, -0.3146, 0.1233, 0.1849|643.6
12|0.7016, -1.0000, -0.0827, -0.4429, -0.9808, 0.1597, 0.2274, 0.2298|4700|0.6141, -0.3188, -0.4391, -0.4789, -0.4222, -0.3438, 0.1621, 0.2190|662.8
13|1.0000, -1.0000, -0.0827, -0.4272, 0.0812, 0.1597, 0.2274, 0.2298|6280|0.6571, -0.4195, -0.4411, -0.5758, -0.3494, -0.2661, 0.0975, 0.2454|925.2
14|0.4745, -1.0000, -0.8960, -0.4673, -0.8960, -0.4482, -0.4100, 0.0042|6600|0.7134, -0.4724, -0.4857, -0.5139, -0.3730, -0.2476, -0.0051, 0.1676|963.0
15|0.1957, -1.0000, -0.0827, -0.2402, 0.1221, 0.1597, 0.2274, 0.2298|7540|0.5848, -0.5804, -0.4348, -0.5141, -0.3448, -0.2176, -0.0077, 0.0826|1167.6
16|0.3805, -1.0000, -0.0798, -0.4429, 0.1221, 0.1597, 0.2274, 0.1732|9060|0.6793, -0.8257, -0.3905, -0.4752, -0.2184, -0.2498, -0.0314, 0.1034|1548.4
17|0.6767, -1.0000, -0.1622, -0.4871, 0.0812, 0.1541, 0.2109, 0.1157|12900|0.6763, -0.8478, -0.3923, -0.5305, -0.2464, -0.1788, -0.0504, 0.0185|1745.4
18|0.7016, -1.0000, -0.0827, -0.1691, -0.1849, 0.0428, 0.2274, -0.0054|9760|0.6960, -0.7968, -0.4208, -0.4404, -0.2509, -0.1310, -0.0570, -0.0642|1399.4
19|0.7016, -1.0000, -0.0827, -0.1691, -0.1849, 0.0428, 0.2274, -0.0054|14080|0.4966, -0.8812, -0.3474, -0.4734, -0.1969, -0.0941, 0.0203, -0.0504|1774.6
20|0.7016, -1.0000, -0.0827, -0.1691, -0.1849, 0.0886, -0.1809, -0.0054|27240|0.6087, -0.8896, -0.3142, -0.4121, -0.1923, -0.0751, 0.0158, -0.0089|2423.2
21|0.7016, -1.0000, -0.0827, -0.2402, -0.1849, 0.1597, 0.2274, 0.1090|7860|0.6317, -0.9039, -0.2436, -0.4077, -0.2539, -0.0700, -0.0484, 0.0381|2297.0
22|1.0000, -1.0000, -0.0947, -0.2149, -0.2160, 0.0428, 0.2274, 0.1732|12440|0.6457, -0.8915, -0.1809, -0.4016, -0.2165, 0.0010, -0.0547, 0.0696|2548.6
23|0.7016, -1.0000, -0.0827, -0.2402, -0.3329, 0.1597, 0.2274, -0.1061|20280|0.6890, -0.9587, -0.1531, -0.3618, -0.1409, 0.0297, 0.0034, 0.0358|3373.6
24|0.6767, -1.0000, -0.0827, -0.2402, 0.0812, 0.1597, 0.0182, 0.2298|38400|0.7040, -0.9932, -0.1552, -0.3372, -0.0930, 0.0591, 0.0427, 0.0636|4342.6
25|0.6767, -1.0000, -0.0827, -0.2402, 0.0812, 0.1597, 0.0274, 0.2298|67340|0.6785, -0.9924, -0.1089, -0.2990, -0.0605, 0.0418, 0.0656, 0.0531|5965.6
26|0.6767, -1.0000, -0.1622, -0.2402, 0.0812, -0.0276, 0.2109, -0.0009|46900|0.6647, -0.9525, -0.0982, -0.2765, -0.0735, 0.0129, 0.0963, 0.0464|4926.8
27|0.7016, -1.0000, -0.0827, -0.2402, 0.0812, 0.1597, 0.2274, -0.1061|85900|0.6519, -0.8877, -0.1139, -0.2660, -0.0497, 0.0065, 0.0933, 0.0511|8740.2
28|1.0000, -1.0000, -0.0463, -0.2402, 0.0683, 0.0866, -0.1936, 0.0969|55820|0.6388, -0.9579, -0.1208, -0.2337, -0.0316, 0.0257, 0.0967, 0.0829|9026.8
29|0.6767, -1.0000, -0.0889, -0.2402, 0.0812, 0.0349, 0.1699, 0.1289|107400|0.6499, -0.8287, -0.0897, -0.2611, -0.0206, 0.0308, 0.1119, 0.0726|9238.2
30|1.0000, -1.0000, -0.0463, -0.2402, 0.0683, 0.1549, 0.1198, 0.0969|42900|0.6635, -0.9214, -0.0956, -0.2586, 0.0112, 0.0565, 0.1239, 0.1043|9326.2
31|0.7016, -1.0000, -0.0947, -0.1523, 0.0812, 0.0348, 0.0138, -0.0383|80320|0.6365, -0.9340, -0.0924, -0.2303, 0.0286, 0.0520, 0.1020, 0.1064|10526.0
32|1.0000, -1.0000, -0.0889, -0.2402, 0.0812, 0.0349, 0.1525, 0.0969|109340|0.7312, -0.9134, -0.0947, -0.2303, 0.0514, 0.0518, 0.0777, 0.0948|11947.4
