1|1.0000, -0.9639, -0.6930, -0.9128, -0.7609, -0.0219, -1.0000, 0.3148|1600|-0.0052, -0.0410, -0.2748, -0.0531, -0.0269, 0.0150, 0.0216, 0.0232|81.8
2|-0.3146, -1.0000, -0.5896, -0.7158, 0.0460, -0.4652, 0.4718, 0.2278|1900|-0.0292, -0.1009, -0.3772, -0.1421, -0.2138, 0.0622, 0.0416, -0.0307|157.0
3|0.8283, -1.0000, -0.6823, -0.9261, -0.7894, -0.0227, 0.0640, 0.0397|3660|0.0853, -0.1004, -0.2956, -0.2641, -0.2497, -0.0976, 0.0282, -0.0853|215.6
4|1.0000, -0.7590, -0.1800, -0.8740, 0.2509, 0.1085, 0.1664, 1.0000|2260|0.0898, -0.0612, -0.2794, -0.4261, -0.2466, -0.2749, -0.0096, -0.0563|249.6
5|0.7366, -0.7202, -0.7069, -0.0096, -0.7609, -1.0000, -0.0907, 0.3134|2220|0.1649, -0.0406, -0.3720, -0.6379, -0.2044, -0.1914, -0.0497, 0.0292|363.4
6|0.9275, -0.5788, -0.5986, -0.8718, 0.0511, -0.6190, 0.0567, 1.0000|2660|0.1965, -0.2136, -0.3980, -0.7426, -0.3265, -0.2908, 0.0196, 0.1092|385.6
7|0.6497, -0.5788, -0.3144, -0.7263, -0.3917, -0.1965, 0.0744, 1.0000|2620|0.1856, -0.2727, -0.4221, -0.6412, -0.3142, -0.3981, -0.0891, -0.0475|452.2
8|0.1131, -1.0000, -0.7069, -0.9167, -0.5751, -1.0000, 0.0553, 0.4919|2160|0.3288, -0.3916, -0.4364, -0.7204, -0.3086, -0.2588, 0.0359, -0.0968|499.4
9|0.8200, -1.0000, -1.0000, -0.4327, 0.0739, -0.2708, -0.1580, -0.6046|3920|0.4215, -0.2898, -0.4665, -0.6550, -0.3284, -0.1884, -0.0198, -0.0909|556.6
10|0.4500, -1.0000, -0.9471, -0.3212, -0.2372, -0.0432, 0.1586, -0.0397|5360|0.3336, -0.4237, -0.4652, -0.5587, -0.3569, -0.2687, 0.0000, -0.0140|537.0
11|0.6376, -1.0000, -0.9471, -0.3212, 0.2306, -0.0778, 0.1586, -1.0000|4180|0.4039, -0.5457, -0.4334, -0.4470, -0.2294, -0.1820, -0.0368, 0.0295|521.0
12|0.3883, -0.8310, -1.0000, -0.3729, -0.0167, -0.0428, 0.4186, -0.3681|3520|0.2505, -0.4190, -0.3960, -0.4627, -0.3236, -0.2383, -0.0749, 0.1030|484.6
13|1.0000, -1.0000, 0.0778, -0.1772, 0.0219, -0.0239, -0.0313, -0.2926|2660|0.2610, -0.4733, -0.4417, -0.6059, -0.2380, -0.2086, -0.1054, 0.0820|549.8
14|0.4828, -1.0000, -0.7431, -0.7431, -0.8393, 0.5624, -0.0074, 1.0000|3620|0.2912, -0.4933, -0.4058, -0.5771, -0.2074, -0.2906, -0.0351, 0.0243|569.2
15|-0.2468, -1.0000, -0.3376, -0.4583, 0.0219, 0.0413, -0.0313, -0.2926|3620|0.3283, -0.5609, -0.4096, -0.5395, -0.2245, -0.3920, -0.1219, -0.0081|658.2
16|1.0000, -0.8714, -1.0000, -0.2958, -0.0433, -0.5946, -0.0065, 0.0306|6500|0.2701, -0.4848, -0.4819, -0.5642, -0.2356, -0.4115, -0.1409, -0.0524|637.6
17|0.4828, -0.7783, -0.6657, -0.5731, 0.0958, -0.7049, -0.3641, 0.0814|2900|0.2057, -0.4835, -0.4751, -0.6535, -0.1698, -0.3642, -0.1116, -0.0828|640.0
18|0.2955, -1.0000, -0.8528, -0.0652, -0.1696, -0.0192, -0.0074, 0.0934|15300|0.3011, -0.4265, -0.4584, -0.6623, -0.1412, -0.3156, -0.0932, -0.0742|773.4
19|1.0000, -0.7768, -1.0000, -0.2958, 0.0515, 0.0650, -0.0054, -0.0329|9540|0.3630, -0.4543, -0.4867, -0.6504, -0.1044, -0.3339, -0.0830, -0.0338|951.8
20|0.5729, -1.0000, -0.1630, -0.1371, -0.0773, 0.0377, 0.0325, 0.0501|97460|0.3923, -0.4552, -0.4458, -0.6086, -0.1547, -0.4140, -0.0639, 0.0258|1800.0
21|0.5729, -1.0000, -0.1630, -0.1371, -0.0773, 0.0377, 0.0325, -0.0796|56340|0.3634, -0.5541, -0.4814, -0.5600, -0.1481, -0.2873, -0.0593, 0.1287|2011.6
22|0.2742, -1.0000, -0.3236, -0.1187, -0.0583, 0.0377, -0.0943, -0.0796|10520|0.3667, -0.7038, -0.4589, -0.5816, -0.1532, -0.2770, -0.0782, 0.1698|1222.6
23|0.4597, -1.0000, -0.2597, -0.1100, -0.0620, 0.0302, -0.0833, -0.0638|26540|0.3845, -0.7923, -0.5232, -0.4809, -0.1904, -0.2273, -0.0440, 0.1635|1702.8
24|0.4454, -1.0000, -0.3236, -0.1187, -0.0583, 0.0377, 0.0229, -0.0796|28520|0.4195, -0.7940, -0.4140, -0.5392, -0.1960, -0.2304, -0.0829, 0.2082|1472.0
25|0.4194, -1.0000, -0.2336, -0.1804, 0.0370, -0.1125, -0.2020, -0.0050|7260|0.3367, -0.7726, -0.4340, -0.5053, -0.0964, -0.1877, -0.1435, 0.2420|970.6
26|0.5261, -1.0000, -0.3524, -0.2594, 0.0651, 0.0425, 0.0271, 0.2095|12260|0.3306, -0.7354, -0.3751, -0.4486, -0.0917, -0.1481, -0.1342, 0.0863|1350.6
27|0.9254, -1.0000, -0.3638, -0.2724, 0.0308, 0.1212, -0.0548, 0.0390|24820|0.3855, -0.7502, -0.3608, -0.4226, -0.1046, -0.1079, -0.0736, -0.0195|1892.0
28|0.4454, -1.0000, -0.5448, -0.1187, -0.0063, 0.0377, 0.0436, -0.0796|25620|0.3747, -0.8287, -0.3640, -0.3776, -0.0668, -0.0906, -0.0256, -0.0442|3264.8
29|0.4194, -1.0000, -0.2336, -0.1804, -0.0186, 0.0360, 0.0229, -0.0351|64600|0.3899, -0.9031, -0.3895, -0.3532, -0.0287, -0.0678, -0.0820, -0.0318|3198.8
30|0.7711, -1.0000, -0.3350, -0.2837, -0.0063, -0.0886, -0.0163, 0.0114|22640|0.3463, -0.8853, -0.3477, -0.3008, -0.0094, -0.0269, -0.0330, -0.0146|3389.2
31|0.4454, -1.0000, -0.3236, -0.2237, -0.0399, 0.1296, -0.0163, 0.1053|37600|0.4070, -0.8575, -0.3221, -0.2877, 0.0012, -0.0602, -0.0284, -0.0447|3611.2
32|0.9254, -1.0000, -0.0700, -0.1804, -0.0186, -0.0516, -0.0299, 0.0476|42280|0.3805, -0.8104, -0.3631, -0.2431, 0.0131, -0.0464, -0.0515, -0.0124|4432.2
