1|-0.9053, -0.6707, -0.9920, -0.4643, -0.3026, -0.3725, 1.0000, 0.1962|1400|-0.0371, -0.0786, 0.1199, -0.2576, 0.1446, -0.0104, 0.1163, 0.0420|75.0
2|0.3438, -1.0000, -0.6901, -0.1813, 0.1324, 0.1259, 0.4026, 0.8693|2400|0.0933, -0.1284, 0.0238, -0.3193, 0.1757, -0.0598, 0.1102, -0.0153|132.4
3|0.3438, -1.0000, -0.9967, -0.7557, -0.0384, -0.6805, 0.4026, 0.1133|3780|0.2078, -0.1829, -0.1841, -0.4522, 0.0198, -0.1237, 0.2871, -0.0799|279.6
4|0.3438, -1.0000, -0.9967, -0.7557, -0.0384, -0.6805, 0.4026, 0.1133|2180|0.2846, -0.2925, -0.3662, -0.5282, -0.0662, -0.2285, 0.1697, -0.1005|313.8
5|0.6853, -1.0000, -0.8205, -0.1376, -0.2648, -0.2394, -0.5384, 0.0699|3280|0.3002, -0.2906, -0.4859, -0.6012, -0.1846, -0.3122, 0.0940, -0.1509|553.2
6|0.3438, -1.0000, -0.6901, -0.6575, 0.1324, -0.2096, 0.4026, 0.8693|5460|0.3637, -0.4344, -0.6167, -0.6236, -0.1165, -0.3808, 0.1271, -0.0959|703.0
7|0.3601, -1.0000, -0.4312, -0.0723, -0.1392, -0.1710, -0.2829, 0.0367|15800|0.3359, -0.5046, -0.6551, -0.6086, -0.1493, -0.4371, 0.0053, -0.0816|892.0
8|0.3601, -1.0000, -0.4312, -0.0723, -0.1392, -0.1710, -0.2829, 0.0367|8740|0.3893, -0.6757, -0.6283, -0.6212, -0.1963, -0.3873, 0.1541, -0.0229|852.6
9|0.6853, -0.5106, -0.6901, -0.7557, -0.0976, -0.5838, 0.4026, 0.8847|6860|0.3524, -0.7528, -0.6831, -0.6819, -0.2013, -0.4627, 0.0515, -0.0084|916.4
10|0.3438, -1.0000, -0.8205, -0.8151, -0.7751, -0.6424, 0.4026, 0.8847|5140|0.4205, -0.7987, -0.7023, -0.6788, -0.1757, -0.5125, 0.1038, 0.1145|1068.8
11|0.3438, -1.0000, -0.8205, -0.6575, -0.0384, -0.2096, 0.4026, 0.8693|6340|0.4757, -0.8125, -0.7183, -0.7227, -0.1906, -0.4979, 0.0588, 0.2145|1241.6
12|1.0000, -1.0000, -0.2005, -0.1813, 0.1324, -0.6424, -0.2715, -0.2718|5900|0.4515, -0.8402, -0.7303, -0.6946, -0.1624, -0.4638, 0.0886, 0.2754|1189.8
13|0.2409, -1.0000, -0.5750, -0.6575, -0.0384, -0.4348, 0.4026, 0.1375|3100|0.4452, -0.8727, -0.6469, -0.6464, -0.1172, -0.4320, -0.0226, 0.1779|999.0
14|1.0000, -1.0000, -0.8205, -0.8062, -0.0887, 0.2790, 0.4026, 0.1133|5960|0.5135, -0.8537, -0.6916, -0.6280, -0.1250, -0.3544, -0.0104, 0.2353|1205.2
15|0.6853, -1.0000, -0.6901, -0.1813, -0.0384, -0.1710, -0.4384, 0.1375|8600|0.5310, -0.8627, -0.7072, -0.5824, -0.1390, -0.4270, 0.0327, 0.2887|1356.2
16|0.2409, -1.0000, -0.6901, -0.1813, -0.0384, -0.1710, -0.2715, 0.1548|12280|0.5549, -0.8933, -0.6814, -0.6006, -0.1220, -0.3732, -0.0239, 0.1716|1448.8
17|1.0000, -1.0000, -0.2005, -0.3584, 0.1324, -0.1145, 0.0189, -0.2718|5280|0.5334, -0.8503, -0.6630, -0.5607, -0.0657, -0.3389, 0.0356, 0.2148|1252.8
18|0.6853, -1.0000, -0.6901, -0.6575, -0.0976, -0.1710, -0.0631, 0.7716|8180|0.5840, -0.8784, -0.6571, -0.5851, -0.0666, -0.3807, 0.0318, 0.2027|1678.4
19|1.0000, -1.0000, -0.2005, -0.1813, 0.1324, -0.1710, 0.4026, 0.1548|6460|0.6331, -0.9177, -0.6230, -0.5902, -0.0662, -0.3222, -0.0187, 0.1958|1353.0
20|1.0000, -1.0000, -0.6901, -0.3584, 0.1324, -0.2096, 0.7262, 0.1548|6660|0.6478, -0.8347, -0.5758, -0.5646, -0.0727, -0.2931, -0.0563, 0.1484|1289.4
21|0.4982, -1.0000, -0.8205, -0.5566, -0.0384, -0.1710, -0.2715, 0.1548|7920|0.6203, -0.8708, -0.6153, -0.5396, -0.0755, -0.2950, -0.0993, 0.1262|1274.8
22|0.6853, -1.0000, -0.2005, -0.1813, -0.2646, -0.2096, -0.5989, -0.2718|5680|0.6123, -0.8548, -0.5638, -0.5554, -0.0973, -0.2681, -0.2211, 0.1466|1215.2
23|0.6853, -1.0000, -0.1595, -0.1813, -0.2646, -0.2096, -0.8112, -0.2718|12240|0.6082, -0.8628, -0.5255, -0.5384, -0.0846, -0.2561, -0.2055, 0.2641|1685.6
24|0.3438, -1.0000, -0.2005, -0.1813, -0.0384, -0.1710, -0.2715, 0.1548|18640|0.6490, -0.8590, -0.4785, -0.5180, -0.1014, -0.2363, -0.2096, 0.2051|1836.4
25|0.4982, -1.0000, -0.2005, -0.3584, -0.0413, -0.2096, -0.2715, 0.1548|7480|0.5836, -0.8955, -0.4707, -0.5265, -0.0999, -0.2362, -0.1916, 0.2384|1658.4
26|0.6853, -1.0000, -0.5245, -0.3584, -0.2646, -0.1710, -0.2674, 0.1548|7340|0.5313, -0.7987, -0.4568, -0.4895, -0.1227, -0.2357, -0.2544, 0.3240|1443.8
27|0.6853, -1.0000, -0.1271, -0.1149, -0.1677, -0.2096, -0.3796, 0.0247|8180|0.6260, -0.7671, -0.4369, -0.5087, -0.1186, -0.2621, -0.1890, 0.2818|1661.0
28|1.0000, -1.0000, -0.2005, -0.1149, -0.0976, -0.2096, -0.3796, 0.1548|8560|0.6453, -0.8449, -0.3954, -0.4472, -0.1234, -0.2555, -0.2242, 0.2332|1374.8
29|1.0000, -1.0000, -0.2005, -0.1149, -0.0976, -0.1710, -0.3796, 0.1548|6700|0.6454, -0.9248, -0.4092, -0.5142, -0.1037, -0.2433, -0.2563, 0.1892|1660.0
30|1.0000, -1.0000, -0.5245, -0.3584, -0.2863, -0.2096, -0.2715, 0.1548|9560|0.6137, -0.9454, -0.4135, -0.4969, -0.1090, -0.2171, -0.2815, 0.2196|2028.0
31|1.0000, -1.0000, -0.5245, -0.3584, -0.2863, -0.2096, -0.2142, 0.1548|9620|0.6757, -0.9500, -0.4529, -0.5439, -0.0733, -0.2380, -0.2498, 0.1970|2133.0
32|0.6853, -1.0000, -0.2005, -0.3584, -0.1012, -0.2096, -0.2715, 0.1548|10260|0.6856, -0.9605, -0.3608, -0.5200, -0.0387, -0.2312, -0.2506, 0.1575|2182.4
