1|0.7103, -1.0000, -0.2358, -0.4346, 0.1120, -0.0679, 0.4162, -0.0457|4720|-0.1312, -0.0749, -0.1663, -0.2246, -0.1390, -0.0043, 0.1292, -0.0393|188.4
2|0.7103, -1.0000, -0.2358, -0.4346, 0.1120, -0.0679, 0.4162, -0.0457|3760|-0.1511, -0.3230, -0.2837, -0.4105, -0.1237, -0.1039, 0.1695, 0.0195|241.4
3|0.7103, -1.0000, -0.2358, -0.4346, 0.1007, -0.0679, -0.0233, -0.0457|5520|-0.0769, -0.3637, -0.3135, -0.4577, -0.1433, -0.2609, 0.1671, 0.0232|260.2
4|-0.4810, -1.0000, -0.6926, -1.0000, -0.4645, -0.3103, 0.1648, -0.0457|3040|-0.0716, -0.3035, -0.3686, -0.4709, -0.2124, -0.2412, 0.2128, 0.0847|297.2
5|0.7103, -1.0000, -0.3881, -0.4192, 0.1007, -0.3641, 0.4162, 1.0000|1960|0.0590, -0.3234, -0.4078, -0.4105, -0.2837, -0.4204, 0.2033, 0.0981|350.4
6|0.7103, -1.0000, -0.2358, -1.0000, -0.6118, 0.1999, 0.4162, -0.0457|1800|0.1020, -0.4106, -0.4152, -0.5011, -0.2007, -0.4210, 0.1920, 0.0415|404.4
7|0.2830, -1.0000, -0.3881, -0.4192, 0.1007, -0.3641, 0.4162, 1.0000|2300|0.2805, -0.4944, -0.4044, -0.6255, -0.2789, -0.4887, 0.2465, -0.0231|577.6
8|0.9851, -0.9713, -0.5220, -1.0000, -0.0294, -0.3161, 0.3877, 0.3492|3940|0.4261, -0.6420, -0.4135, -0.6755, -0.2365, -0.5309, 0.2486, -0.0626|649.4
9|0.7103, -1.0000, -0.3881, -0.4192, 0.1007, -1.0000, 0.6068, -0.0797|4060|0.3594, -0.6739, -0.4473, -0.6035, -0.2363, -0.5526, 0.1349, -0.0078|646.4
10|0.7377, -1.0000, -0.2358, -0.6074, -0.6118, 0.1999, 0.4162, -0.0457|3380|0.3085, -0.6747, -0.4315, -0.6184, -0.2448, -0.5313, 0.1003, -0.0969|648.0
11|1.0000, -1.0000, -0.9068, -1.0000, 0.1007, -0.4294, -0.3724, 0.9158|3860|0.3846, -0.6985, -0.4740, -0.5324, -0.2326, -0.5674, 0.0931, -0.0448|775.0
12|-0.0601, -1.0000, -1.0000, -0.4979, -0.0209, -0.2439, 0.4333, 0.1870|7440|0.4891, -0.7970, -0.4992, -0.5514, -0.2111, -0.5419, 0.0555, 0.0212|1005.8
13|0.9851, -1.0000, -0.6926, -0.5594, -0.0240, -0.1070, -0.6790, -1.0000|6480|0.5417, -0.8213, -0.4681, -0.5207, -0.1540, -0.5434, 0.0086, -0.0603|1137.6
14|1.0000, -0.7896, -0.5341, -0.7003, -0.4830, -0.3103, -0.0094, -0.0361|3320|0.5666, -0.8574, -0.4195, -0.4928, -0.1835, -0.4251, -0.0827, 0.0159|885.4
15|0.7377, -1.0000, -0.2043, -0.3019, -0.1472, -0.5405, -0.3724, -0.0144|5380|0.5821, -0.8857, -0.2884, -0.4012, -0.1452, -0.3244, -0.0656, 0.0174|879.4
16|1.0000, -1.0000, -0.9068, -1.0000, 0.1007, 0.4626, -0.3724, 0.9158|6720|0.6364, -0.8718, -0.3424, -0.5038, -0.1263, -0.2547, -0.1882, 0.1580|1274.4
17|0.7103, -1.0000, -0.3881, -0.4192, -0.1472, 0.3633, -1.0000, -0.0144|5400|0.7530, -0.8518, -0.4256, -0.4551, -0.0951, -0.1856, -0.0539, 0.2276|1216.4
18|0.9851, -1.0000, -0.2912, -0.5594, -0.0240, -0.1070, -0.0094, -0.0144|6020|0.7508, -0.8290, -0.3884, -0.4474, -0.0059, -0.2008, -0.0862, 0.1605|1121.4
19|0.9851, -1.0000, -0.2471, -0.4192, 0.1007, 0.1155, 0.6068, 0.0478|6160|0.7165, -0.7527, -0.3050, -0.4815, 0.0269, -0.0592, -0.0599, 0.1460|1093.6
20|0.7103, -1.0000, -0.2727, -0.1703, -0.0360, -0.1070, -0.0094, -0.0144|14880|0.7123, -0.7964, -0.3118, -0.5252, -0.0136, -0.0811, 0.0435, 0.2003|1696.2
21|1.0000, -1.0000, -0.2873, -0.3778, 0.0788, 0.1491, 0.3444, -0.0253|9880|0.7456, -0.8454, -0.2742, -0.5129, -0.0133, -0.0837, 0.1272, 0.1308|1999.2
22|0.7911, -1.0000, -0.3563, -0.3554, -0.1504, -0.1422, 0.2570, -0.0457|10040|0.7739, -0.8777, -0.3369, -0.4373, 0.0153, -0.1213, 0.0702, 0.0842|2055.4
23|0.9851, -1.0000, -0.2471, -0.4192, 0.1007, 0.1155, 0.6068, 0.0478|17060|0.8517, -0.9266, -0.2792, -0.3897, 0.0224, -0.1183, 0.0940, 0.0852|2328.8
24|0.7911, -1.0000, -0.3563, -0.3554, -0.1504, -0.1422, 0.2570, -0.0457|17620|0.8215, -0.8065, -0.2509, -0.3572, 0.0139, -0.1026, 0.1174, 0.0061|2673.2
25|1.0000, -1.0000, -0.1577, -0.2055, 0.1007, -0.1018, 0.1403, -0.1180|19120|0.7993, -0.7816, -0.2394, -0.3912, 0.0052, -0.1252, 0.1214, 0.0221|3080.0
26|0.9851, -1.0000, -0.2471, -0.3778, 0.0560, 0.1155, -0.0094, 0.0954|27060|0.8357, -0.7766, -0.2330, -0.3218, 0.0196, -0.1015, 0.1816, 0.0502|3729.0
27|1.0000, -1.0000, -0.2001, -0.2355, 0.0560, 0.1155, -0.0094, 0.0954|49640|0.8633, -0.8263, -0.2428, -0.3142, 0.0248, -0.0772, 0.1267, 0.0314|5132.0
28|0.9851, -1.0000, -0.2471, -0.2355, -0.0360, 0.1155, -0.0094, 0.1753|42040|0.8905, -0.9371, -0.1794, -0.3157, 0.0184, -0.0397, 0.1303, 0.0258|4464.8
29|1.0000, -1.0000, -0.2471, -0.2116, -0.0310, -0.1018, 0.0104, 0.0954|33500|0.7923, -0.8289, -0.2018, -0.2857, 0.0178, -0.0249, 0.1108, 0.0339|4984.4
30|0.3902, -1.0000, -0.0721, -0.1486, -0.0360, -0.1070, -0.0094, -0.0087|36220|0.7228, -0.9232, -0.2322, -0.2757, 0.0116, -0.0248, 0.0925, 0.0111|4768.0
31|0.3902, -1.0000, -0.0721, -0.1486, -0.0360, -0.1070, -0.0094, -0.0087|32840|0.8360, -0.9073, -0.2427, -0.2923, 0.0200, -0.0112, 0.0680, -0.0050|5213.8
32|1.0000, -1.0000, -0.1528, -0.2116, 0.0856, 0.0483, -0.0094, 0.0150|59520|0.7675, -0.9066, -0.2118, -0.2622, 0.0202, 0.0145, 0.0349, -0.0023|7578.8
