1|0.7938, -0.9606, -0.3265, -1.0000, -0.2169, 0.8060, 0.1985, 0.2114|2000|-0.0192, -0.0960, 0.0940, -0.0257, -0.2291, -0.0054, 0.0137, 0.1260|68.8
2|0.8308, -0.3904, -0.6929, -0.8029, -0.0145, 0.4249, 0.6783, -1.0000|1740|0.1002, -0.1656, -0.0203, -0.1133, -0.2183, 0.0476, 0.0963, -0.0548|121.0
3|0.7221, -0.3904, -0.6929, -0.8029, -0.0145, 0.6652, 0.6783, 0.1546|1540|0.0895, -0.1049, -0.2598, -0.1952, -0.2671, -0.0451, 0.1891, -0.0466|136.0
4|-0.9390, -0.5789, -1.0000, -0.8947, -0.6755, -0.6149, 0.0352, 0.2429|1420|0.0620, -0.2351, -0.3823, -0.4270, -0.1974, -0.0388, 0.2053, -0.0714|229.2
5|0.5879, -0.3178, -0.0344, -0.6537, -0.0118, 0.2377, 0.5522, 0.1258|1040|-0.0093, -0.4228, -0.4078, -0.5276, -0.1874, -0.0115, 0.1756, -0.0431|241.8
6|0.1319, -0.6318, -0.4051, -0.6785, -0.1360, 1.0000, -0.3560, -0.4304|1300|-0.0020, -0.3897, -0.4668, -0.5499, -0.2578, -0.0087, 0.1363, -0.1354|285.6
7|0.0149, -0.8100, -0.4474, -0.8947, -0.0187, -0.0976, -1.0000, -0.3291|2920|0.0598, -0.4951, -0.4818, -0.6918, -0.2615, -0.0634, 0.1904, -0.1228|451.0
8|-0.0703, -0.3539, -0.8662, -1.0000, 0.0274, -0.6258, 0.6329, -0.1117|3040|0.0673, -0.4988, -0.5621, -0.7396, -0.2316, -0.1687, 0.0612, -0.0775|475.4
9|0.8308, -0.7630, -1.0000, -0.5546, -0.4046, 0.0457, -0.1766, -0.0936|3000|0.0975, -0.4438, -0.6153, -0.7128, -0.2507, -0.2329, 0.0926, -0.0695|548.8
10|-0.1997, -0.9993, -0.9374, -1.0000, -0.0118, -0.1074, 0.5077, 0.4079|2240|0.1369, -0.4517, -0.5868, -0.7413, -0.3196, -0.2329, 0.1326, -0.0525|561.2
11|0.1444, -0.8100, -0.9879, -0.8947, 0.5267, -0.5320, 0.0304, -0.7037|4840|0.1807, -0.5696, -0.6232, -0.7998, -0.3112, -0.2177, 0.0629, -0.1041|665.6
12|-0.1113, -1.0000, -0.5224, -0.5573, -0.0066, -0.0599, 0.3780, 0.0090|6060|0.1200, -0.6705, -0.5960, -0.7623, -0.2167, -0.2008, 0.0184, -0.1313|649.8
13|0.8308, -1.0000, -0.9879, -1.0000, -0.4046, 0.2377, 0.6783, 0.0090|5240|0.1539, -0.6793, -0.6582, -0.7161, -0.2709, -0.3892, 0.0255, -0.0600|829.0
14|0.2861, -0.9750, -1.0000, -0.5206, -1.0000, -0.7065, -0.0500, -0.0537|4080|0.1470, -0.5386, -0.6975, -0.6420, -0.3190, -0.3237, -0.0466, -0.0536|707.6
15|0.5176, -0.7630, -1.0000, -0.8365, 0.0005, 0.1665, -0.1175, -0.0656|4380|0.0963, -0.5716, -0.6611, -0.6387, -0.2547, -0.2880, 0.0279, -0.0857|671.2
16|0.9452, -1.0000, -0.4416, -0.8298, -0.9325, -0.1465, 0.1951, 0.5346|3580|0.1288, -0.6534, -0.5147, -0.7351, -0.1830, -0.2868, 0.1039, -0.0323|646.4
17|0.5585, -0.9514, -1.0000, -0.6331, 0.0008, 0.4825, -0.0132, 0.0090|4600|0.1875, -0.6465, -0.6325, -0.7525, -0.0552, -0.2230, 0.1405, -0.0524|748.8
18|0.5585, -0.9514, -1.0000, -0.6331, 0.0008, 0.4825, -0.0132, 0.0090|4060|0.2365, -0.5565, -0.7076, -0.7213, -0.1568, -0.1752, 0.1078, -0.0198|851.4
19|0.2082, -1.0000, -0.3388, -0.6085, -0.0096, 0.2182, 0.0155, 0.3969|8420|0.2322, -0.6519, -0.6797, -0.5748, -0.1253, -0.2018, 0.1384, -0.0227|852.0
20|1.0000, -1.0000, -0.1687, -0.6462, -0.0004, -0.0838, -0.1540, 0.0216|3960|0.2905, -0.6262, -0.6900, -0.5951, -0.1026, -0.2029, 0.0248, -0.0431|767.8
21|0.4023, -1.0000, -0.7772, -0.4720, -0.0075, -0.7772, 0.0120, 0.0129|6840|0.3344, -0.6839, -0.6778, -0.6334, -0.1226, -0.3292, -0.0099, -0.0686|1088.6
22|0.3204, -1.0000, -0.5755, -0.3644, 0.0008, 0.1708, 0.0905, 0.0092|10420|0.2462, -0.6802, -0.6505, -0.5120, -0.1736, -0.3612, -0.0086, -0.0720|1080.0
23|0.5567, -0.9744, -0.4558, -0.5069, -0.0066, -0.1075, 0.0210, 0.1746|10100|0.2738, -0.5515, -0.5835, -0.5173, -0.1255, -0.3265, -0.0194, -0.0251|1005.6
24|0.5567, -0.5567, -0.5567, -0.6331, 0.0008, 0.0351, -1.0000, 0.0183|4580|0.2319, -0.7493, -0.5500, -0.6601, -0.1141, -0.2810, -0.0198, -0.0059|917.0
25|0.1069, -0.9744, -1.0000, -0.4557, 0.0122, -0.0599, 0.0881, 0.0090|6360|0.3263, -0.7655, -0.5881, -0.6233, -0.1124, -0.2732, -0.0317, 0.0091|1029.6
26|0.0017, -1.0000, -0.5567, -0.6331, -0.0021, -0.1075, 0.0210, 0.0166|9360|0.3229, -0.7165, -0.5601, -0.5143, -0.0768, -0.2343, -0.0245, -0.0111|1317.0
27|0.3933, -1.0000, -0.5788, 0.0004, -0.0055, -0.0902, 0.0210, -0.0001|8280|0.3380, -0.8151, -0.4517, -0.4625, -0.0299, -0.2402, -0.0113, 0.0420|1225.8
28|0.1846, -1.0000, -0.2902, -0.2100, -0.0013, -0.0684, 0.0031, 0.1112|13280|0.3841, -0.8572, -0.4219, -0.4239, -0.0393, -0.1670, 0.0057, 0.0878|1550.6
29|0.0850, -1.0000, -0.0015, -0.1702, -0.1993, -0.0311, 0.0025, 0.0001|15340|0.2572, -0.9078, -0.3855, -0.5045, -0.0226, -0.1118, 0.0239, 0.1251|1414.6
30|0.1089, -1.0000, -0.1712, -0.0834, -0.0008, -0.0532, 0.0018, 0.0074|29300|0.3222, -0.8556, -0.4878, -0.4448, 0.0002, -0.1304, 0.0255, 0.1324|2498.4
31|0.1089, -1.0000, -0.1712, -0.0834, -0.0008, -0.0532, 0.0018, 0.0074|28840|0.3121, -0.7807, -0.3313, -0.3412, -0.0041, -0.0593, -0.0014, 0.0786|2514.0
32|0.1014, -1.0000, -0.1593, -0.0776, -0.0007, -0.0684, 0.0017, 0.0828|40260|0.2924, -0.7929, -0.3661, -0.3899, -0.0266, -0.0583, -0.0029, 0.0803|3132.8
