1|0.8374, 0.3188, -0.4994, -1.0000, 1.0000, 0.3570, 0.4471, 0.1532|40|0.2085, -0.0771, 0.0267, 0.1982, 0.5849, -0.0642, -0.1212, -0.2190|4.0
2|0.8374, 0.3188, -0.4994, -1.0000, 0.3814, 0.3570, 0.4471, 0.1532|900|0.2893, 0.1765, 0.0183, -0.2083, 0.4218, 0.1658, -0.2263, -0.0056|154.0
3|0.8374, 0.3188, -0.4994, -1.0000, 0.3814, 0.3570, 0.4471, 0.1532|780|0.7360, 0.2357, -0.3006, -0.7331, 0.3910, 0.2833, 0.2030, 0.0258|328.0
4|0.8374, 0.3188, -0.4994, -1.0000, 0.3814, 0.3570, 0.4471, 0.1532|1060|0.8374, 0.1852, -0.4008, -1.0000, 0.3814, 0.3570, 0.4471, -0.0774|442.0
5|0.8374, -0.3494, -0.4994, -1.0000, 0.3814, 0.3570, 0.4471, 0.1532|1260|0.6930, 0.0515, -0.4665, -1.0000, 0.3869, 0.3570, 0.4471, 0.0379|476.0
6|0.8374, -0.3494, -0.4994, -1.0000, 0.4087, 0.3570, 0.4471, 0.1532|1060|0.8374, 0.0515, -0.4994, -1.0000, 0.3842, 0.3570, 0.4471, 0.0379|506.0
7|0.8374, -0.3494, -0.4994, -1.0000, 0.3814, -0.3011, 0.4471, 0.1532|1140|0.8374, -0.0153, -0.4994, -1.0000, 0.3869, 0.2253, 0.4471, 0.0278|602.0
8|0.8374, 0.2242, -0.4994, -1.0000, 0.3814, -0.3011, 0.4471, 0.1532|1480|0.8374, 0.0421, -0.4994, -1.0000, 0.3814, 0.1595, 0.4471, -0.0558|662.0
9|0.8374, -0.2496, -0.4994, -1.0000, 0.3814, 0.3570, 0.4471, 0.1532|1720|0.8374, 0.1573, -0.4994, -1.0000, 0.3814, 0.0279, 0.4471, 0.0278|626.0
10|0.8374, 0.3188, -0.4994, -1.0000, 0.3814, -0.0538, 0.4471, 0.1532|1660|0.8374, 0.1668, -0.4994, -1.0000, 0.3814, 0.1185, 0.4266, 0.0278|490.0
11|0.8374, 0.2242, -0.4994, -1.0000, 0.3814, -0.3011, 0.4471, 0.1532|860|0.8374, 0.2430, -0.4994, -1.0000, 0.3814, 0.1843, 0.4060, -0.0976|428.0
12|0.8374, 0.3188, -0.4994, -1.0000, 0.3814, 0.3570, 0.2414, -0.2648|420|0.8862, 0.2142, -0.5285, -0.4478, 0.4036, 0.2709, 0.3583, -0.1130|202.0
13|0.8374, 0.3188, -0.4994, -1.0000, 0.3814, 0.3570, 0.2414, 0.1532|1000|0.8700, 0.1512, -0.5188, -0.6319, 0.3962, 0.1734, 0.3330, -0.1079|326.0
14|0.8374, -0.2496, -0.4994, -1.0000, 0.3814, 0.3570, 0.4471, 0.1532|1300|0.7809, 0.1173, -0.4657, -0.2159, 0.3557, 0.0610, 0.3074, -0.0797|352.0
15|1.0000, -0.2496, -0.3548, -1.0000, 0.2709, -0.2139, 0.2882, -0.1881|840|0.8377, -0.0407, -0.4271, -0.6000, 0.3262, -0.0601, 0.3032, -0.1011|386.0
16|0.8374, -0.2496, -0.4994, -1.0000, 0.3814, 0.3570, 0.2414, -0.2648|1340|0.8620, -0.1451, -0.4416, -1.0000, 0.3372, 0.0628, 0.3630, -0.0251|764.0
17|0.8374, -0.2496, -0.4994, -1.0000, 0.3814, 0.3570, 0.4471, 0.1532|1280|0.8374, -0.1359, -0.4850, -1.0000, 0.3699, 0.1683, 0.3789, 0.1114|540.0
18|0.6594, -0.2496, -0.3548, -1.0000, 0.3767, 0.3570, 0.4471, 0.1532|1540|0.8018, -0.0222, -0.4665, -1.0000, 0.4056, 0.0366, 0.4154, 0.1532|738.0
19|0.6594, -0.2496, -0.3548, -1.0000, 0.3767, 0.3570, 0.4471, 0.1532|900|0.7662, 0.0346, -0.4271, -1.0000, 0.4891, 0.0279, 0.4471, 0.1337|510.0
20|0.6594, -0.2496, -0.3548, -1.0000, 0.3767, 0.3570, 0.4471, 0.1532|1900|0.6744, -0.1917, -0.3677, -1.0000, 0.3755, 0.2238, 0.4452, 0.1460|594.0
21|0.6594, -0.2496, -0.3548, -1.0000, 0.3767, 0.3570, 0.4471, 0.1532|2260|0.6537, -0.2474, -0.3517, -1.0000, 0.3734, 0.3539, 0.4433, 0.1118|970.0
22|0.6594, -0.2496, -0.3548, -1.0000, 0.3767, 0.3570, 0.4471, 0.1532|580|0.6509, -0.2464, -0.3548, -1.0000, 0.3767, 0.2496, 0.4414, 0.1131|410.0
23|0.6594, -0.2496, -0.3548, -1.0000, 0.3767, 0.3570, 0.4280, 0.1532|900|0.6537, -0.2474, -0.2697, -1.0000, 0.3459, 0.2511, 0.4433, 0.1131|486.0
24|0.6594, -0.2496, -0.3548, -1.0000, 0.3767, -0.6707, 0.4471, 0.1532|680|0.6850, -0.2593, -0.3731, -0.8034, 0.3961, 0.2680, 0.4626, 0.1210|380.0
25|0.6594, -0.2496, -0.3548, -1.0000, 0.3767, 0.3570, 0.4280, 0.1532|1960|0.6481, -0.2453, -0.3548, -1.0000, 0.3767, 0.2481, 0.4376, 0.1532|694.0
26|0.6594, -0.2496, -0.3548, -1.0000, 0.3767, 0.3570, 0.4471, 0.1532|2000|0.6453, -0.2442, -0.3548, -1.0000, 0.3406, 0.3604, 0.4338, 0.1532|800.0
27|0.6594, -0.2389, -0.3548, -1.0000, 0.3767, 0.3570, 0.4280, 0.1532|2200|0.6537, -0.2453, -0.3548, -1.0000, 0.3046, 0.3650, 0.4357, 0.1532|1016.0
28|0.6594, -0.2389, -0.3548, -1.0000, 0.3767, 0.3570, 0.4280, -0.0965|960|0.5058, -0.2319, -0.3397, -0.8839, 0.3606, 0.3598, 0.4098, 0.0718|532.0
29|0.6594, -0.2389, -0.3548, -1.0000, 0.3767, 0.3570, 0.4280, -0.0965|860|0.4274, -0.2033, -0.2801, -1.0000, 0.3132, 0.3320, 0.3559, 0.0525|566.0
30|0.6594, -0.2389, -0.3548, -1.0000, 0.3767, 0.3417, 0.4280, 0.1532|740|0.1740, -0.2095, -0.3070, -1.0000, 0.3259, 0.3352, 0.3704, 0.0327|372.0
31|0.6594, -0.2389, -0.3548, -1.0000, 0.3767, 0.3570, 0.4280, -0.0965|680|0.5380, -0.2316, -0.3428, -1.0000, 0.3640, 0.3446, 0.4136, 0.0878|426.0
32|0.6594, -0.2389, -0.3548, -1.0000, 0.3767, 0.3417, 0.4280, 0.1532|1200|0.6736, -0.2444, -0.3629, -1.0000, 0.3853, 0.3541, 0.4378, 0.1016|592.0
