1|-0.3814, -0.7467, -0.4696, -0.7544, -0.6678, 0.7346, 0.7608, -1.0000|180|-0.0920, 0.0293, -0.0351, 0.2260, -0.2232, 0.0323, 0.3446, -0.1321|15.0
2|-0.3814, -0.7467, -0.4696, -0.7544, -0.6678, 0.7346, 0.7608, -1.0000|40|-0.3289, 0.4682, -0.0152, 0.0856, -0.4107, -0.1233, 0.1912, -0.2084|10.0
3|-0.3814, 0.9886, -0.4696, 0.1901, -0.6794, -1.0000, 0.4971, -0.1999|120|-0.5537, 0.5249, -0.2349, 0.1304, -0.5388, -0.4142, 0.4031, -0.1337|26.0
4|-0.3806, 0.9886, -0.3246, 0.1901, -0.6794, -1.0000, 0.4971, -0.1999|160|-0.4461, 0.7339, -0.2642, 0.1937, -0.4919, -0.7290, 0.4595, -0.2141|53.0
5|0.4500, 0.9886, -0.3246, 0.1901, -0.6794, -1.0000, -0.7135, 0.0889|160|-0.4242, 0.8958, -0.3356, 0.2033, -0.6170, -0.8839, 0.2709, -0.1756|53.0
6|0.4500, 0.9886, -0.3246, 0.1901, -0.6794, -1.0000, -0.7135, 0.0889|200|-0.3899, 0.9125, -0.3773, 0.1882, -0.6958, -0.9488, 0.1534, -0.1186|67.0
7|0.4500, 0.9886, -0.3246, 0.1045, -0.6794, -1.0000, -0.7135, 0.0889|600|-0.4773, 0.9784, -0.3994, 0.1838, -0.6954, -0.9897, 0.2729, -0.1420|97.0
8|0.4500, 0.9886, -0.5479, 0.1045, -0.6794, -1.0000, -0.7135, 0.0889|220|-0.3439, 0.9886, -0.3965, 0.1858, -0.6954, -1.0000, 0.1724, -0.1116|84.0
9|0.4500, 0.9886, -0.5479, 0.1045, -0.6794, -1.0000, -0.7135, 0.0889|300|-0.1223, 0.9893, -0.4226, 0.1731, -0.6799, -0.8403, -0.0625, -0.0954|106.0
10|-0.3806, 0.9886, -0.3246, 0.1901, -0.6794, -1.0000, 0.4971, -0.1999|440|0.0227, 0.9886, -0.4081, 0.1542, -0.6794, -1.0000, 0.0811, -0.0429|127.0
11|0.4500, 0.7118, -0.5479, 0.1045, -0.6794, -1.0000, -0.7135, 0.0889|340|0.1473, 0.9332, -0.3569, 0.1516, -0.6794, -1.0000, -0.1005, -0.0086|121.0
12|0.2105, 0.9886, -0.5479, 0.1045, -0.6794, -1.0000, -0.5597, -0.0199|600|0.3015, 0.8917, -0.4921, 0.1147, -0.6794, -1.0000, -0.3955, 0.0492|225.0
13|0.4500, 0.7118, -0.5479, 0.1045, -0.6794, -1.0000, -0.7135, 0.0889|480|0.3586, 0.8283, -0.5077, 0.1070, -0.6849, -1.0000, -0.4090, 0.0553|194.0
14|0.4500, -0.5320, -0.5479, 0.1045, -0.6794, -1.0000, -0.7135, 0.0889|1120|0.4298, 0.7424, -0.5042, 0.1302, -0.3442, -0.9807, -0.5100, 0.0382|207.0
15|0.4500, -0.5320, -0.5479, 0.1045, -0.6794, -1.0000, -0.7135, 0.0889|1680|0.4780, 0.4812, -0.4904, 0.1108, -0.5114, -0.9904, -0.7067, 0.0881|325.0
16|0.6655, -0.5320, -0.5479, 0.1045, -0.6794, -1.0000, -0.7135, 0.0889|700|0.5039, 0.5253, -0.5453, 0.0877, -0.6794, -1.0000, -0.6724, 0.0889|250.0
17|0.4500, -0.1378, -0.5479, 0.1045, -0.6794, -1.0000, -0.7135, 0.0889|680|0.4619, 0.4251, -0.5362, 0.0906, -0.6649, -0.9000, -0.6983, 0.0739|279.0
18|0.4500, -0.5320, -0.5479, 0.1045, -0.6794, -1.0000, -0.7135, 0.0889|1040|0.4790, 0.2836, -0.5438, 0.0848, -0.6743, -0.9925, -0.7082, 0.0619|351.0
19|0.6655, -0.5320, -0.5479, 0.1045, -0.6794, -1.0000, -0.7135, -0.1749|1700|0.4931, 0.2131, -0.5479, 0.0841, -0.6794, -1.0000, -0.7135, 0.0494|487.0
20|0.4500, -0.7455, -0.5479, 0.1465, -0.9521, -1.0000, -1.0000, 0.0889|2320|0.5652, 0.0120, -0.5806, 0.0987, -0.7363, -0.8213, -0.7561, -0.0008|434.0
21|0.4500, -0.5320, -0.5479, 0.1045, -0.6794, -1.0000, -0.7135, -0.1749|1860|0.5252, -0.1533, -0.5586, 0.0705, -0.5941, -0.9762, -0.7043, -0.0070|491.0
22|0.4500, -0.1378, -0.5479, -0.1571, -0.6794, -1.0000, -0.7135, 0.0889|1320|0.5146, -0.3288, -0.4887, 0.0701, -0.6954, -1.0000, -0.6904, -0.0034|596.0
23|0.2576, -0.5320, -0.5479, -0.1571, -0.6794, -1.0000, -0.7135, 0.0889|1440|0.4438, -0.3288, -0.5568, 0.0302, -0.6822, -1.0000, -0.6386, 0.0494|607.0
24|0.4500, -0.5320, -0.5479, 0.1045, -0.6794, -1.0000, -0.7135, 0.0889|2100|0.3742, -0.4698, -0.5185, 0.0302, -0.6822, -1.0000, -0.6760, 0.0917|614.0
25|0.2576, -0.5320, -0.5479, 0.1045, -0.6794, -1.0000, -0.7135, 0.1444|2040|0.3730, -0.4698, -0.4891, 0.0040, -0.6794, -1.0000, -0.7135, 0.0945|687.0
26|0.4500, -0.5320, -0.5479, -0.1571, -0.6794, -1.0000, -0.7135, 0.0889|1720|0.3578, -0.5413, -0.4988, -0.0321, -0.6090, -0.9082, -0.7261, 0.0961|529.0
27|0.4500, -0.5320, -0.5479, -0.1571, -0.6794, -1.0000, -0.7135, 0.0889|2000|0.3826, -0.5400, -0.4580, -0.0649, -0.6794, -1.0000, -0.7135, 0.0883|755.0
28|0.4500, -0.5320, -0.5479, -0.1571, -0.6794, -1.0000, -0.7135, 0.0889|3540|0.3538, -0.5400, -0.4450, -0.1441, -0.6794, -1.0000, -0.7152, 0.0887|886.0
29|0.2576, -0.5320, -0.5479, -0.1571, -0.6794, -1.0000, -0.7135, 0.0889|1820|0.3646, -0.5255, -0.4761, -0.1403, -0.5114, -0.9762, -0.6966, 0.0868|737.0
30|0.4500, -0.5320, -0.5479, -0.1571, -0.6794, -1.0000, -0.7135, 0.0889|1880|0.3923, -0.5320, -0.3937, -0.1571, -0.6794, -1.0000, -0.7135, 0.0889|747.0
31|0.4500, -0.5320, -0.5479, -0.1571, -0.6794, -1.0000, -0.7135, 0.0889|1800|0.3756, -0.4915, -0.4192, -0.1539, -0.5114, -0.9796, -0.6990, 0.0871|712.0
32|0.4500, -0.5320, -0.5479, -0.1571, -0.6794, -1.0000, -0.7135, 0.0889|2160|0.4302, -0.4937, -0.4890, -0.1603, -0.6930, -0.9807, -0.7279, 0.0907|1110.0
