1|1.0000, -0.8244, 0.0133, -0.6471, -0.8338, -0.0978, 0.1735, 0.9433|1160|0.1098, -0.3198, -0.1196, -0.1032, -0.1327, 0.0679, -0.1118, 0.0581|118.8
2|1.0000, -0.8244, -0.2893, -1.0000, -0.4202, -0.0978, -0.6882, -0.5400|840|0.2185, -0.2067, -0.2669, -0.2157, -0.1826, -0.0624, -0.2889, -0.1462|151.2
3|0.5220, -0.6882, -0.2657, -0.3121, -1.0000, 0.0763, 0.2009, -0.3532|2000|0.2610, -0.3403, -0.5020, -0.2949, -0.2345, -0.0474, -0.3648, -0.2267|336.4
4|1.0000, -0.5786, -1.0000, -0.8265, -1.0000, -0.3709, 0.2009, -0.4342|2480|0.3082, -0.6373, -0.5800, -0.5197, -0.3690, -0.0610, -0.1929, -0.5525|558.8
5|1.0000, -0.8244, -0.6497, -0.4669, -0.4202, -0.0978, -0.6882, -0.5400|1880|0.2994, -0.6540, -0.6892, -0.7128, -0.4076, -0.1799, -0.1414, -0.6804|668.8
6|1.0000, -0.6882, -0.2893, -0.3121, -0.4202, -0.0714, 0.2009, -0.7325|2480|0.5137, -0.6512, -0.6391, -0.7967, -0.4504, -0.0628, -0.0319, -0.7354|676.8
7|1.0000, -0.8448, -0.9590, -1.0000, -0.5548, -0.2724, 0.6421, -0.1219|1740|0.6717, -0.6952, -0.5874, -0.8388, -0.4262, -0.0640, -0.1072, -0.6648|685.6
8|1.0000, -0.8244, -0.9590, -0.3121, -0.5025, -0.2724, 0.2009, 0.0473|4640|0.6853, -0.7371, -0.5918, -0.7930, -0.3683, -0.1051, -0.0746, -0.6311|927.2
9|1.0000, -0.8244, -0.2893, -0.3406, 0.0669, -0.2724, -0.4037, 0.0473|7140|0.8378, -0.8142, -0.5604, -0.7978, -0.3271, -0.1412, -0.2121, -0.5135|1118.8
10|1.0000, -0.8244, -0.2893, -0.3406, 0.0669, -0.2724, -0.4037, 0.0473|9100|0.8439, -0.8109, -0.4866, -0.7401, -0.2925, -0.1213, -0.0419, -0.4946|1067.2
11|1.0000, -0.8244, -0.2893, -0.3406, 0.0669, -0.2724, -0.4037, 0.0473|4240|0.8707, -0.8162, -0.4677, -0.7286, -0.2571, 0.0035, -0.0794, -0.5578|1020.4
12|1.0000, -0.8448, -0.2893, -0.3406, 0.0669, -0.2724, -0.4037, 0.0473|3960|0.8063, -0.8389, -0.4753, -0.7471, -0.2103, -0.0394, -0.1168, -0.6306|902.8
13|1.0000, -0.8244, -0.2893, -0.3121, 0.0669, -0.0714, -0.4037, 0.0473|7140|0.8127, -0.8349, -0.4778, -0.6136, -0.1855, -0.0957, -0.1459, -0.5275|1101.6
14|1.0000, -0.8448, -0.2893, -0.2075, -0.2794, 0.0084, 0.0925, 0.0473|7640|0.7881, -0.8429, -0.4443, -0.5951, -0.2434, -0.0247, -0.1878, -0.4895|1230.8
15|1.0000, -0.8448, -0.1924, -0.2075, -0.2794, -0.2724, -0.1619, 0.0473|11760|0.8779, -0.8405, -0.3965, -0.5026, -0.1775, -0.0150, -0.1855, -0.3120|1681.2
16|1.0000, -0.8244, -0.2893, -0.2075, 0.0669, 0.0084, 0.0448, 0.0473|18360|0.9613, -0.8397, -0.3805, -0.4690, -0.1504, -0.1444, -0.0986, -0.1977|2601.6
17|1.0000, -0.8448, -0.2893, -0.3406, 0.0669, -0.2724, 0.0283, 0.0473|15680|0.9391, -0.8422, -0.3754, -0.3664, -0.1767, -0.1627, -0.0762, -0.1095|3047.6
18|1.0000, -0.8448, -0.2893, -0.2075, 0.0491, 0.0084, 0.0925, 0.0473|30940|0.9698, -0.7687, -0.3054, -0.2606, -0.1082, -0.1215, -0.0380, 0.0210|4400.8
19|1.0000, -0.8244, -0.2893, -0.2075, 0.0669, 0.0084, 0.0448, 0.0402|27600|0.8532, -0.4482, -0.1924, -0.2481, -0.0827, -0.1055, -0.0315, 0.0441|3658.8
20|1.0000, -0.8448, -0.2893, -0.2075, 0.0669, 0.0084, 0.0925, 0.0473|12560|0.9735, -0.7212, -0.2769, -0.2815, -0.0580, -0.1256, -0.0291, 0.0455|3590.8
21|1.0000, -0.8448, -0.2278, -0.3121, 0.0669, -0.0714, -0.1619, 0.0473|28740|0.9625, -0.8266, -0.2703, -0.2529, -0.0573, -0.0881, -0.0061, 0.0444|4298.0
22|1.0000, -0.8244, -0.2893, -0.2075, 0.0669, 0.0084, 0.0283, 0.0473|45680|0.9437, -0.8187, -0.2556, -0.2797, -0.0541, -0.0830, -0.0407, 0.0402|5245.6
23|1.0000, -0.8244, -0.2893, -0.2075, 0.0669, 0.0084, 0.0283, 0.0473|38000|0.9249, -0.8284, -0.2507, -0.2627, -0.0611, -0.0428, -0.0728, 0.0316|5045.2
24|1.0000, -0.8448, -0.2893, -0.2075, 0.0669, 0.0084, 0.0283, -0.0056|17140|0.9150, -0.8435, -0.2346, -0.2664, -0.0408, -0.0428, -0.0566, 0.0301|4213.6
25|1.0000, -0.8448, -0.1924, -0.3121, 0.0984, -0.0011, -0.0547, 0.0402|18020|0.9441, -0.8330, -0.2370, -0.2363, -0.1047, -0.0354, -0.0258, 0.0235|3627.6
26|1.0000, -0.8244, -0.1924, -0.2075, 0.0352, -0.0714, 0.0283, 0.0339|16900|0.9961, -0.8139, -0.2434, -0.2406, -0.0873, -0.0281, -0.0467, 0.0175|4661.6
27|1.0000, -0.8448, -0.1924, -0.2075, 0.0669, 0.0084, 0.0662, 0.0473|15640|0.9188, -0.8426, -0.2454, -0.2265, -0.1094, -0.0264, -0.0137, 0.0085|5500.0
28|1.0000, -0.8448, -0.1924, -0.2075, 0.0669, 0.0084, 0.0662, 0.0473|26060|1.0000, -0.8436, -0.2436, -0.2241, -0.1211, -0.0266, 0.0225, 0.0081|6611.6
29|1.0000, -0.8448, -0.1924, -0.1056, 0.0352, -0.0456, 0.0283, 0.0339|23100|1.0000, -0.8327, -0.2244, -0.1967, -0.0632, -0.0282, 0.0165, 0.0125|6170.4
30|1.0000, -0.8448, -0.1924, -0.2075, -0.2186, 0.0084, 0.0662, 0.0473|30120|0.8000, -0.8315, -0.2028, -0.1957, -0.0383, -0.0293, 0.0114, 0.0209|9084.0
31|1.0000, -0.8448, -0.1924, -0.2075, 0.0352, 0.0084, 0.0283, 0.0339|70740|1.0000, -0.8448, -0.1992, -0.2055, -0.0409, -0.0273, 0.0222, 0.0264|8745.6
32|1.0000, -0.8448, -0.1924, -0.2075, 0.0352, 0.0084, 0.0662, -0.0325|41260|0.9950, -0.8479, -0.1992, -0.1961, -0.0077, -0.0183, 0.0190, 0.0216|10292.4
