1|0.0144, -1.0000, -0.8940, -0.4722, 0.3249, -0.1214, 0.4138, -0.1005|2140|-0.0586, -0.1762, -0.0135, -0.0556, -0.1877, -0.1024, -0.0785, -0.0920|148.6
2|0.1967, -0.6996, -0.8825, -0.2603, -0.8020, -1.0000, -0.4999, 0.6393|2680|0.0399, -0.3446, -0.1478, -0.2534, -0.2116, -0.1309, -0.2177, -0.1775|224.8
3|0.5422, -1.0000, -0.0820, -0.3939, 0.1527, 0.0364, -0.5436, 0.0983|2660|0.1843, -0.4705, -0.2693, -0.3136, -0.1285, -0.2594, -0.2814, -0.2542|274.0
4|0.9469, -0.6185, -0.9029, -0.8201, -0.4355, 0.1199, -0.5226, -0.2029|4240|0.2501, -0.4921, -0.4371, -0.5602, -0.1730, -0.1823, -0.3665, -0.4472|457.0
5|1.0000, -0.5511, -0.7410, -0.7318, -0.5619, -1.0000, -0.6016, 0.9968|3380|0.2973, -0.6356, -0.5213, -0.5842, -0.1961, -0.1574, -0.3545, -0.5072|508.8
6|0.3278, -0.8829, -0.4998, -0.6490, 0.4896, 0.1199, -0.5226, -0.2029|2500|0.5005, -0.6427, -0.6192, -0.6645, -0.1354, -0.2395, -0.4075, -0.4463|607.6
7|0.6494, -1.0000, -0.7314, -0.7351, 0.5126, -0.1118, 0.2098, -0.9901|3380|0.4732, -0.5816, -0.5670, -0.6350, -0.0801, -0.3258, -0.3715, -0.4110|671.0
8|0.6494, -0.8829, -1.0000, -1.0000, -0.1151, -0.8163, -0.9594, -0.1780|2940|0.4679, -0.7406, -0.6075, -0.6364, -0.1083, -0.4281, -0.3650, -0.4981|760.6
9|0.5476, -0.8889, -0.8303, -0.3978, -1.0000, -0.1741, -0.4806, -1.0000|3420|0.4933, -0.8202, -0.5728, -0.6147, -0.1013, -0.4576, -0.4279, -0.5221|631.6
10|0.3278, -0.8829, -0.4998, -0.6490, 0.4896, 0.1199, -0.5226, -0.2029|4220|0.5519, -0.8097, -0.5781, -0.6281, -0.1432, -0.5216, -0.4458, -0.5680|833.8
11|0.3712, -1.0000, -0.5661, -0.7351, 0.5545, 0.1358, -0.6131, -0.2298|2240|0.5435, -0.8819, -0.5915, -0.6587, -0.1967, -0.5459, -0.3856, -0.4816|704.0
12|0.5476, -0.8829, -0.4998, -0.2603, -0.3534, -1.0000, -0.4806, -0.6000|2480|0.4909, -0.9003, -0.6575, -0.6358, -0.1806, -0.4609, -0.4053, -0.3179|671.0
13|0.9041, -1.0000, -0.9171, -0.9098, 0.6817, -0.1572, 0.2921, 0.7314|4260|0.5995, -0.9145, -0.6553, -0.6678, -0.1771, -0.4485, -0.3953, -0.2294|1107.2
14|0.9041, -1.0000, -0.9171, -0.9098, 0.6817, -0.1572, 0.2921, 0.7314|3400|0.5964, -0.9071, -0.7131, -0.7149, -0.1969, -0.4342, -0.3471, -0.1389|937.8
15|1.0000, -0.8829, -1.0000, -0.7351, -1.0000, -1.0000, -0.5226, 0.5253|3340|0.5744, -0.8156, -0.7297, -0.7084, -0.3148, -0.3760, -0.4029, -0.1199|858.8
16|0.5476, -0.8829, -0.4998, -0.8201, -0.4355, 0.1199, 0.1852, -0.1780|3060|0.6655, -0.8549, -0.6701, -0.7506, -0.3971, -0.4320, -0.3775, -0.0299|973.8
17|1.0000, -0.7513, -0.6182, -0.8452, -0.4355, -1.0000, -0.4806, -0.2029|3680|0.6763, -0.8727, -0.7049, -0.7671, -0.3881, -0.3581, -0.3907, 0.0751|1096.0
18|0.2378, -1.0000, -0.3480, -0.4687, -0.6405, -0.1869, 0.2360, 0.5253|5340|0.7207, -0.8698, -0.7334, -0.7566, -0.3584, -0.4300, -0.3784, 0.1702|1163.6
19|1.0000, -1.0000, -1.0000, -0.7351, -1.0000, -0.1741, -0.5226, 0.5253|4640|0.6390, -0.8536, -0.7119, -0.7069, -0.3952, -0.3826, -0.3338, 0.2342|1116.0
20|0.7305, -1.0000, -0.3480, -0.7351, 0.3364, -0.1869, 0.2360, 0.5253|11400|0.6097, -0.8963, -0.6094, -0.6483, -0.3294, -0.2936, -0.2551, 0.2052|1223.2
21|0.3741, -1.0000, -0.9341, -0.2773, -0.1151, -0.2374, -0.1798, 0.1528|4740|0.6977, -0.8533, -0.6993, -0.6676, -0.3722, -0.3254, -0.2873, 0.2911|1133.8
22|0.5476, -0.8719, -0.9329, -0.7351, 0.2382, -0.4813, -0.5226, 0.5253|5200|0.6823, -0.9211, -0.6395, -0.6239, -0.3218, -0.2878, -0.2041, 0.3462|1309.6
23|0.7305, -1.0000, -0.3480, -0.7351, 0.3364, -0.1869, 0.2360, 0.5253|7260|0.6235, -0.9627, -0.6060, -0.6194, -0.4176, -0.2123, -0.0967, 0.3461|1435.6
24|1.0000, -0.9588, -0.9341, -0.4687, -0.6405, 0.1358, 0.2306, 0.5253|6700|0.6724, -0.9495, -0.5707, -0.6116, -0.3625, -0.1430, -0.0256, 0.4093|1637.4
25|0.2378, -0.8829, -0.7314, -0.4687, 0.2382, 0.1358, 0.2360, 0.2730|5640|0.6642, -0.9372, -0.5764, -0.5971, -0.2191, -0.1393, -0.0132, 0.4332|1454.6
26|0.2378, -1.0000, -0.3480, -0.4929, -0.1151, -0.1869, 0.2360, 0.5253|5400|0.6834, -0.9124, -0.5846, -0.5836, -0.3198, -0.1348, 0.0062, 0.4736|1650.4
27|1.0000, -0.8829, -0.5661, -0.7351, -0.6405, -0.1257, 0.1852, 0.5253|6380|0.6778, -0.8885, -0.5771, -0.5960, -0.2786, -0.0512, 0.0155, 0.4384|1707.4
28|0.7566, -1.0000, -0.3371, -0.4687, 0.3364, -0.0560, 0.2360, 0.2730|14740|0.7034, -0.9330, -0.5961, -0.6015, -0.2162, -0.0595, -0.0120, 0.4415|1917.6
29|1.0000, -0.8829, -0.7314, -0.4257, -0.3534, 0.1199, -0.0364, 0.5253|6800|0.7394, -0.9470, -0.5974, -0.5777, -0.2241, -0.0562, -0.0243, 0.4730|1859.8
30|1.0000, -1.0000, -0.3371, -0.4257, -0.6405, 0.1199, -0.2370, 0.5253|12360|0.6309, -0.9360, -0.5408, -0.5088, -0.1744, -0.0660, 0.0178, 0.4658|2088.2
31|1.0000, -0.8829, -0.7314, -0.4929, -0.3518, 0.1199, -0.0364, 0.5253|5220|0.6298, -0.9566, -0.5524, -0.5077, -0.1884, -0.0508, 0.0061, 0.4655|1668.8
32|0.6887, -1.0000, -0.5037, -1.0000, 0.2874, 0.1628, 0.1625, 0.3618|10360|0.5846, -0.8873, -0.5289, -0.5695, -0.2308, -0.0488, 0.0351, 0.4665|1845.4
