1|0.3909, -0.8442, -1.0000, -0.8362, -0.4749, 0.3870, 0.0750, 0.4912|1300|0.1582, -0.1204, 0.0213, -0.0617, -0.0352, 0.0532, -0.0051, 0.0529|105.4
2|0.7655, -1.0000, -0.4063, -0.2169, -0.5855, 0.1580, 0.7851, 0.2614|1300|0.2325, -0.1961, -0.0854, -0.1597, -0.1275, 0.0871, 0.0222, 0.0818|146.8
3|0.7655, -0.6978, -0.4063, -0.1604, -0.5855, 0.1580, -0.0449, 0.2614|1780|-0.0001, -0.4277, -0.2098, -0.2259, -0.2766, 0.0174, 0.1304, 0.0309|219.8
4|0.7655, -0.6978, -0.4063, -0.1604, -0.5855, 0.1580, -0.0449, 0.2614|5860|-0.0160, -0.4649, -0.2482, -0.2928, -0.3466, -0.0851, 0.1066, -0.0215|328.8
5|1.0000, -1.0000, -0.2200, -0.5338, -0.3041, 0.6080, -0.1983, 0.1016|4880|0.2947, -0.4276, -0.2886, -0.4297, -0.3619, -0.1127, 0.0838, 0.0052|482.2
6|1.0000, -1.0000, -0.2200, -0.4232, -0.3041, 0.1580, -0.1801, 0.1016|7120|0.4140, -0.6021, -0.2851, -0.4947, -0.3827, -0.1757, 0.0518, 0.1287|768.6
7|1.0000, -1.0000, -0.2200, -0.4232, -0.3041, 0.1580, -0.1801, 0.1016|7660|0.5729, -0.6888, -0.3139, -0.5249, -0.3790, -0.1791, 0.0354, 0.1400|957.2
8|1.0000, -1.0000, -0.2200, -0.4232, -0.3041, 0.1580, -0.1801, 0.1016|6260|0.6566, -0.8320, -0.3318, -0.5443, -0.4057, -0.0921, 0.0870, 0.1638|1300.4
9|1.0000, -1.0000, -0.0675, -0.2181, -0.3041, -0.1250, -0.1983, 0.1449|10620|0.7293, -0.9004, -0.2770, -0.4676, -0.3835, -0.0989, 0.0643, 0.1004|1880.2
10|1.0000, -1.0000, -0.2200, -0.4232, -0.3041, 0.1580, -0.2645, 0.1016|12780|0.7039, -0.8985, -0.2890, -0.4658, -0.3758, -0.0174, 0.0147, 0.1061|2127.4
11|0.4242, -1.0000, -0.0675, -0.2181, -0.3041, 0.1580, -0.0167, 0.1016|7520|0.7217, -0.9817, -0.2456, -0.4290, -0.3776, -0.0013, 0.0571, 0.0901|1644.0
12|0.3531, -1.0000, -0.2200, -0.2169, -0.3041, 0.0773, -0.1801, 0.1016|11680|0.7410, -0.9911, -0.2331, -0.4477, -0.3668, 0.0236, -0.0066, 0.1375|2221.8
13|0.4242, -1.0000, -0.0675, -0.2181, -0.3245, 0.0875, -0.1801, 0.1016|13980|0.7744, -0.9953, -0.2138, -0.4563, -0.3163, 0.0764, -0.0560, 0.2003|2583.4
14|1.0000, -1.0000, -0.2200, -0.4232, -0.3041, 0.1580, -0.1801, 0.3527|9560|0.7919, -0.8994, -0.2109, -0.4194, -0.3270, 0.0960, -0.1254, 0.1378|2254.8
15|1.0000, -1.0000, -0.2200, -0.2169, -0.3041, 0.0773, -0.1801, 0.1016|17060|0.7945, -0.9571, -0.1983, -0.3973, -0.3375, 0.0656, -0.1304, 0.1989|2866.4
16|1.0000, -1.0000, -0.0675, -0.2169, -0.2949, 0.1580, -0.1801, 0.1016|14780|0.8149, -0.9276, -0.1894, -0.4005, -0.3314, 0.1007, -0.1658, 0.1868|3626.0
17|0.6707, -1.0000, -0.0675, -0.2169, -0.3245, 0.0875, -0.1801, 0.1016|20720|0.8143, -0.9789, -0.1749, -0.3844, -0.3705, 0.0845, -0.1892, 0.2086|3709.8
18|0.6707, -1.0000, -0.0675, -0.2169, -0.3245, 0.0875, -0.1801, 0.1016|21720|0.8318, -0.9545, -0.1565, -0.3750, -0.3681, 0.0760, -0.1813, 0.1987|3575.0
19|1.0000, -1.0000, -0.0675, -0.2181, -0.0995, 0.1162, -0.1801, 0.1016|52700|0.8199, -0.9830, -0.1553, -0.3471, -0.2808, 0.0786, -0.1720, 0.1884|4580.4
20|1.0000, -1.0000, -0.0675, -0.2181, -0.0240, -0.1250, -0.1801, 0.1038|19980|0.8018, -0.9137, -0.1736, -0.3311, -0.2769, 0.0732, -0.1538, 0.1983|4173.4
21|0.3039, -1.0000, -0.3079, -0.2181, -0.3041, -0.1250, -0.1801, 0.3527|21520|0.8547, -0.9717, -0.1672, -0.3251, -0.2509, 0.0629, -0.1445, 0.1805|4171.8
22|0.5451, -1.0000, -0.0904, -0.2307, -0.1608, 0.0422, -0.0982, 0.1923|22400|0.8238, -0.9603, -0.1634, -0.2913, -0.2212, 0.0720, -0.1386, 0.1602|5219.0
23|1.0000, -1.0000, -0.0675, -0.2181, -0.0240, 0.0773, -0.1801, 0.1016|48840|0.8258, -0.9071, -0.1448, -0.2545, -0.2132, 0.0700, -0.1493, 0.1352|6367.0
24|0.5451, -1.0000, -0.0904, -0.2181, -0.1608, 0.1162, -0.0982, 0.1923|54740|0.8278, -0.9660, -0.1261, -0.2518, -0.2072, 0.0603, -0.1337, 0.1321|7076.4
25|0.5451, -1.0000, -0.0904, -0.2307, -0.1608, 0.0422, -0.0982, 0.1923|69220|0.6777, -0.9533, -0.1152, -0.2132, -0.1798, 0.0362, -0.1274, 0.1228|7219.2
26|0.5451, -1.0000, -0.0581, -0.2181, -0.0207, 0.0665, -0.0982, 0.0874|39100|0.7864, -0.9070, -0.1122, -0.2361, -0.1686, 0.0326, -0.1482, 0.1283|8061.6
27|0.5451, -1.0000, -0.0563, -0.2307, -0.0240, 0.0875, -0.1801, 0.1923|109440|0.7848, -0.9607, -0.1153, -0.2295, -0.1656, 0.0255, -0.1486, 0.1212|10972.4
28|0.5451, -1.0000, -0.0563, -0.2307, -0.0240, 0.0875, -0.0982, 0.1923|115280|0.7750, -0.9664, -0.1054, -0.2293, -0.1505, 0.0460, -0.1510, 0.1061|13550.0
29|0.6707, -1.0000, -0.0675, -0.2181, -0.0319, 0.1580, -0.0982, 0.1016|85880|0.7656, -0.9960, -0.1072, -0.2205, -0.1447, 0.0661, -0.1432, 0.1127|14054.8
30|0.5451, -1.0000, -0.0581, -0.1841, -0.0240, 0.0422, 0.0807, 0.0846|196280|0.7508, -0.9691, -0.0958, -0.2228, -0.0997, 0.0790, -0.1454, 0.1013|16693.0
31|1.0000, -1.0000, -0.0563, -0.2181, -0.0204, 0.0875, -0.0705, 0.1016|244540|0.7877, -0.9958, -0.0894, -0.2181, -0.1216, 0.0814, -0.1344, 0.1087|23827.8
32|0.5451, -1.0000, -0.0662, -0.2181, -0.0204, 0.0875, -0.0705, 0.1016|241240|0.7672, -0.9716, -0.0890, -0.2053, -0.0996, 0.0772, -0.1199, 0.1145|26391.8
