1|1.0000, -0.6809, -0.6369, -0.6269, -0.0427, -0.0163, 0.1196, 0.5750|1300|-0.0320, 0.0494, -0.0475, -0.0314, -0.1023, -0.1093, 0.0150, 0.0255|76.0
2|1.0000, -0.6809, -0.7265, -0.6269, -0.0427, -0.0163, 0.1196, 0.5750|1840|-0.0392, -0.0874, -0.0877, -0.0851, -0.1072, -0.2350, -0.0868, 0.0781|141.6
3|1.0000, -0.6809, -0.7265, -0.6269, -0.0427, -0.0163, 0.1196, 0.5750|1540|0.0909, -0.1324, -0.2915, -0.3198, -0.0548, -0.3828, -0.1953, 0.0231|226.8
4|-0.1496, -0.2378, -0.4311, -0.2990, 0.5190, -0.5718, 0.0530, 0.0113|1840|0.1146, -0.2541, -0.3543, -0.6319, -0.1469, -0.5975, -0.1635, 0.0847|364.0
5|0.9368, -0.9724, -0.4067, -0.5023, -0.7599, -0.4596, 0.9619, 0.7024|1600|0.2277, -0.3420, -0.4237, -0.6900, -0.0568, -0.5623, -0.0582, 0.1960|422.4
6|0.4318, -0.9724, -0.8999, -1.0000, -0.4276, -0.9780, 0.0339, 0.6901|2540|0.3207, -0.4073, -0.4130, -0.6621, -0.1336, -0.5985, 0.0588, 0.1104|471.0
7|0.9368, -0.9671, -0.5880, -0.5023, -0.9992, -0.7953, 0.2870, 1.0000|2640|0.2732, -0.5182, -0.3928, -0.7462, -0.1563, -0.6070, 0.0551, 0.1376|640.6
8|0.7855, -0.1456, -0.4746, -0.3512, -0.5371, -0.5333, -0.3626, 0.5763|3500|0.4293, -0.5232, -0.4021, -0.7138, -0.2009, -0.5759, -0.0212, 0.2280|641.2
9|0.8032, -0.6763, -0.4515, -0.3643, 0.4126, -0.9780, -0.0256, 0.5095|3720|0.4997, -0.5999, -0.4538, -0.7229, -0.1854, -0.6138, -0.0491, 0.2793|782.6
10|0.9368, -0.9671, -0.7680, -0.3643, -0.5512, -0.5333, 0.2870, 0.5095|5020|0.5542, -0.6647, -0.4629, -0.6592, -0.2659, -0.5644, 0.0055, 0.1163|786.2
11|0.9687, -1.0000, -0.3721, -0.6108, -0.4421, -0.4391, 0.2967, 0.5268|3200|0.6719, -0.7273, -0.4728, -0.7365, -0.3005, -0.5519, -0.0086, 0.0690|773.4
12|0.9368, -1.0000, -0.4746, -0.5017, -0.5371, -0.1652, -0.3728, 0.5763|4640|0.7352, -0.8123, -0.4599, -0.7137, -0.2653, -0.5477, -0.0389, -0.0618|845.0
13|0.9368, -1.0000, -0.4311, -0.9727, 0.5137, -0.1652, 0.1324, 0.5763|3740|0.6958, -0.8092, -0.4702, -0.6734, -0.3295, -0.4723, -0.0619, -0.0715|971.6
14|0.6551, -1.0000, -0.4311, -0.5017, 0.5137, -0.2045, 0.1324, 0.5763|5040|0.6714, -0.8921, -0.5349, -0.7048, -0.3121, -0.5299, 0.1053, -0.0616|986.4
15|0.8949, -1.0000, -0.5811, -0.5188, -0.4276, -0.8223, -1.0000, -0.5476|4120|0.6492, -0.8695, -0.5134, -0.6936, -0.3251, -0.5289, 0.0608, -0.0534|975.6
16|0.9368, -0.9671, -0.9549, -1.0000, -0.5512, -0.5718, 0.2870, 0.6993|3120|0.7144, -0.8876, -0.5419, -0.7205, -0.3523, -0.5158, 0.0731, -0.1054|978.8
17|0.7855, -0.8610, -0.4966, -0.5017, -0.3299, -0.2150, 0.2823, 0.9263|4220|0.7751, -0.8701, -0.5820, -0.6575, -0.3672, -0.4993, 0.0984, -0.1477|1099.8
18|0.5818, -1.0000, -0.3601, -0.5004, -0.7224, 0.0275, 0.1782, -0.5108|5800|0.7779, -0.9437, -0.5781, -0.6749, -0.3914, -0.4664, 0.0944, -0.1064|1264.0
19|0.9368, -1.0000, -0.5799, -0.9873, -0.3622, 0.0275, 0.1339, -0.0767|3520|0.7750, -0.9106, -0.5602, -0.6766, -0.4412, -0.4253, 0.0892, -0.1046|1189.0
20|0.6551, -1.0000, -0.4746, -0.4729, -0.7224, 0.0275, 0.2870, -0.0767|5940|0.7519, -0.9337, -0.5529, -0.6254, -0.4236, -0.4711, 0.0677, -0.0445|1363.2
21|0.8654, -1.0000, -0.4966, -0.5417, -0.5700, -0.5333, -0.3728, 0.9263|4500|0.7560, -0.9579, -0.5688, -0.5432, -0.4105, -0.4708, 0.0701, 0.0376|1341.4
22|1.0000, -1.0000, -0.5018, -0.5017, -0.5512, -0.6737, 0.0832, 0.4872|3760|0.7533, -0.9432, -0.5392, -0.5578, -0.4243, -0.4389, 0.0429, -0.0070|1217.0
23|0.8654, -1.0000, -0.5799, -0.5017, -0.3622, -0.4688, 0.2870, -0.5296|4920|0.8385, -0.9134, -0.5331, -0.5390, -0.4367, -0.4997, 0.0900, -0.0171|1470.0
24|0.7855, -1.0000, -0.4161, -0.5017, -0.7815, -0.5718, -0.3728, 0.9263|6380|0.8252, -0.9368, -0.5166, -0.5106, -0.4558, -0.4955, 0.1157, -0.0245|1506.8
25|0.7855, -0.8610, -0.4966, -0.5004, -0.3622, 0.0153, 0.1339, -0.0652|6600|0.8250, -0.9245, -0.5107, -0.4884, -0.4545, -0.4747, 0.1607, -0.0806|1519.4
26|0.8654, -0.9724, -0.3601, -0.5017, -0.3622, 0.0153, 0.1339, -0.3921|5100|0.8124, -0.8895, -0.5146, -0.4837, -0.4214, -0.4341, 0.1609, -0.0354|1462.4
27|0.9536, -1.0000, -0.4744, -0.5827, -0.3622, 0.0153, 0.2216, 0.5505|8820|0.7742, -0.9112, -0.4975, -0.4869, -0.4053, -0.3839, 0.1425, -0.0144|1740.0
28|1.0000, -1.0000, -0.4746, -0.5017, -0.3299, -0.6737, -0.3728, 0.5505|8340|0.8099, -0.8843, -0.4754, -0.4692, -0.3952, -0.4033, 0.1310, 0.0149|1850.2
29|1.0000, -0.9724, -0.4746, -0.5017, 0.0510, -0.2361, 0.1537, -0.0767|7080|0.8554, -0.8920, -0.4824, -0.4728, -0.3976, -0.3993, 0.1649, 0.0242|1844.8
30|0.7855, -0.9724, -0.5107, -0.4002, -0.3622, -0.5061, 0.0832, 0.4872|7080|0.8476, -0.9180, -0.4676, -0.4598, -0.3879, -0.3805, 0.1372, 0.0132|1811.2
31|0.6551, -1.0000, -0.5799, -0.5017, -0.3622, 0.0153, 0.1339, -0.0767|4960|0.8526, -0.9153, -0.4644, -0.4748, -0.3703, -0.3081, 0.1697, 0.0109|1676.4
32|1.0000, -0.9724, -0.4746, -0.3838, -0.3622, -0.2361, 0.1339, -0.0652|10620|0.8537, -0.9198, -0.4839, -0.4241, -0.3412, -0.2813, 0.1493, -0.0118|2029.2
