1|-0.5411, -0.7707, -0.6663, -0.6138, -0.4307, -0.3310, 0.0742, 0.0552|1920|0.1500, -0.0776, -0.3058, -0.2010, -0.1454, -0.0496, -0.0654, -0.0118|156.6
2|1.0000, -0.9294, -1.0000, -0.8051, 0.4349, -0.6650, 0.1101, -0.4559|3780|0.1053, -0.2516, -0.3972, -0.2832, -0.3238, -0.1878, -0.0822, -0.0595|318.0
3|1.0000, -0.4726, -0.8918, -0.8051, 0.4495, -0.6773, -0.0134, -0.9265|1640|-0.0516, -0.1943, -0.4505, -0.3911, -0.2829, -0.2733, -0.1142, -0.1206|282.2
4|-0.5411, -0.7707, -0.6663, -0.6138, -0.4307, -0.3310, -0.6324, 0.9053|2140|0.0286, -0.1879, -0.4522, -0.5706, -0.1412, -0.3256, -0.0745, -0.1700|342.2
5|-0.5411, -0.7707, -0.6663, -0.6138, -0.4307, -0.3310, -0.6324, 0.9053|1860|0.0843, -0.2175, -0.4749, -0.5714, -0.2221, -0.3279, 0.0102, -0.1573|392.6
6|0.3487, -0.7707, -1.0000, -0.6655, -0.8136, -0.3310, 0.1879, 0.6381|2580|0.3168, -0.3156, -0.4559, -0.5449, -0.3036, -0.3179, -0.0562, -0.1546|527.6
7|0.7852, -1.0000, -0.2961, -0.5338, -0.0475, 0.0583, -0.3016, 0.2468|4160|0.4464, -0.3617, -0.4667, -0.5717, -0.3635, -0.2438, -0.0934, -0.0699|636.4
8|0.7852, -1.0000, -0.6663, -0.5338, -0.0475, 0.0583, -0.3016, -0.3977|4740|0.5465, -0.4195, -0.4218, -0.6012, -0.1664, -0.3212, -0.0468, -0.0885|664.8
9|0.4607, -1.0000, -0.2961, -0.5338, -0.9309, -0.3310, 0.0915, 0.0680|2540|0.4917, -0.5497, -0.4479, -0.6265, -0.3129, -0.2931, -0.1104, -0.0231|651.4
10|0.4607, -0.7707, -0.2961, -0.3619, -0.9309, -0.3310, 0.0915, 0.0680|4020|0.5199, -0.6398, -0.3824, -0.6011, -0.3826, -0.2447, -0.1611, -0.0680|823.2
11|0.7852, -1.0000, -0.0697, -0.0164, -0.0475, 0.0583, 0.0374, -0.2537|5380|0.6233, -0.6975, -0.2814, -0.5378, -0.1629, -0.2006, -0.1353, 0.0514|706.6
12|0.7852, -1.0000, -0.0697, -0.0164, -0.0475, 0.0583, 0.0374, -0.2537|5020|0.7363, -0.6219, -0.3345, -0.5502, -0.4015, -0.1274, -0.2065, 0.0226|912.0
13|1.0000, -0.8821, -0.9072, -0.8357, -0.4758, 0.4118, 0.1879, 0.2149|6600|0.6796, -0.6946, -0.4019, -0.6018, -0.4604, -0.0373, -0.1518, 0.0166|931.6
14|0.0370, -0.8708, -0.9072, -0.6138, -0.0475, 0.0583, -0.0696, 0.2170|4820|0.6869, -0.7976, -0.4142, -0.5399, -0.4137, -0.0376, -0.0804, 0.0585|1067.2
15|0.3970, -1.0000, -0.2552, -0.6655, -0.5014, -0.1758, -0.0696, 0.2149|5220|0.6523, -0.7409, -0.3101, -0.4870, -0.3482, -0.0504, -0.0495, 0.0154|1014.2
16|0.7852, -1.0000, -0.9072, -0.6138, -0.0475, 0.0583, -0.1380, 0.2236|5940|0.6297, -0.8777, -0.3146, -0.5099, -0.3543, -0.0478, -0.0816, 0.1231|1405.0
17|0.0325, -0.9599, -1.0000, -0.3176, -0.0524, 0.0512, -0.1042, 0.1095|8080|0.4985, -0.9254, -0.3333, -0.5098, -0.1953, -0.0593, -0.0951, 0.0805|1226.4
18|0.0325, -0.9599, -1.0000, -0.3176, -0.0524, 0.0512, -0.1042, 0.1095|11400|0.6527, -0.9718, -0.2781, -0.5186, -0.2456, -0.0559, -0.0390, -0.0029|1781.6
19|0.7852, -1.0000, -0.2552, -0.3713, -0.0475, 0.0047, -0.1380, 0.1447|15380|0.6774, -0.9452, -0.2030, -0.4439, -0.2375, -0.0723, -0.0326, 0.0310|1508.8
20|0.7852, -1.0000, -0.2552, -0.3713, -0.0475, 0.0047, -0.1380, 0.1447|9020|0.6622, -0.9909, -0.2969, -0.3609, -0.2612, -0.0981, -0.0242, 0.0002|1654.2
21|0.7852, -1.0000, -0.2552, -0.3713, -0.0475, 0.0047, -0.1380, 0.1447|10700|0.7163, -0.9867, -0.2803, -0.4452, -0.2493, -0.0862, -0.0093, 0.0164|1906.6
22|0.7852, -1.0000, -0.2552, -0.3713, -0.0475, 0.0047, -0.1380, 0.1447|31720|0.6879, -0.9891, -0.3265, -0.4578, -0.2655, -0.0923, -0.0150, -0.0491|2499.6
23|0.7852, -1.0000, -0.2552, -0.3713, -0.0475, 0.0047, -0.1380, 0.1447|21940|0.7361, -0.9302, -0.2809, -0.4625, -0.2528, -0.0871, 0.0086, 0.0081|2382.0
24|0.7852, -1.0000, -0.2552, -0.3713, 0.0818, 0.0047, -0.1380, 0.1447|10100|0.7567, -0.9758, -0.2591, -0.4885, -0.2136, -0.0926, 0.0254, 0.0388|2853.4
25|0.3562, -1.0000, -0.0371, -0.1995, -0.0477, -0.1354, 0.0579, 0.1962|28680|0.7044, -0.8177, -0.1819, -0.4622, -0.2097, -0.0677, 0.0295, 0.1054|2727.6
26|0.7852, -1.0000, -0.2552, -0.3713, 0.0818, 0.0047, 0.2250, 0.1447|22700|0.7367, -0.9331, -0.1825, -0.4587, -0.1814, -0.0573, 0.0338, 0.0918|3354.2
27|0.7852, -1.0000, -0.2552, -0.3713, -0.0475, 0.0949, 0.0579, 0.0715|32760|0.7212, -0.9331, -0.1959, -0.4465, -0.1870, -0.0338, 0.0286, 0.1443|4067.6
28|0.7852, -1.0000, -0.2552, -0.3713, 0.0818, 0.0081, -0.1165, 0.1481|25660|0.7221, -0.9605, -0.2165, -0.4353, -0.2012, -0.0036, 0.0283, 0.1502|5030.4
29|0.9579, -1.0000, -0.3056, -0.3713, -0.0475, 0.0674, 0.0579, 0.2853|31940|0.6702, -0.6379, -0.2460, -0.4297, -0.1444, 0.0017, 0.0087, 0.1382|3980.6
30|0.7852, -1.0000, -0.1444, -0.3713, 0.0818, 0.0583, 0.1101, 0.1481|45860|0.7646, -0.8832, -0.2338, -0.4004, -0.1290, -0.0081, 0.0075, 0.1508|5388.0
31|0.7852, -1.0000, -0.1444, -0.3713, 0.0818, 0.0583, 0.1101, 0.1481|49640|0.7422, -0.9609, -0.2479, -0.3760, -0.0735, -0.0065, 0.0151, 0.1533|6751.0
32|0.7852, -1.0000, -0.2552, -0.3713, -0.0475, 0.0583, 0.0579, 0.1447|55540|0.7394, -0.9865, -0.2460, -0.3568, -0.0343, 0.0151, 0.0205, 0.1340|6687.0
