1|-0.0318, -1.0000, -0.3662, -0.9422, -0.4474, 0.5781, 0.2568, 0.1947|2020|-0.0592, 0.0339, -0.2552, -0.0803, -0.1224, -0.0454, -0.0701, 0.1616|160.6
2|-0.4467, -0.5696, -0.5442, -0.4851, 0.1780, -0.0083, -1.0000, 0.3913|1780|0.0019, -0.0050, -0.2087, -0.2746, -0.0896, -0.1081, -0.1352, 0.1596|173.0
3|-0.4467, -0.5696, -0.9079, -0.9419, 0.1780, -0.4781, -1.0000, 0.3913|1780|-0.0122, -0.0112, -0.3690, -0.4488, -0.1513, -0.2329, -0.1647, 0.1064|272.8
4|-0.0008, -1.0000, -0.3662, -0.9422, -0.4474, 0.5781, -0.4196, 0.1947|2460|-0.0813, -0.1573, -0.3523, -0.5444, -0.1976, -0.2457, -0.0342, 0.1053|343.6
5|0.9194, -1.0000, -0.4842, -0.4851, -0.4474, 0.4977, -0.0432, 0.1947|6380|-0.0954, -0.2741, -0.3957, -0.5471, -0.2181, -0.3213, 0.0683, 0.0547|445.8
6|0.1237, -0.1429, -0.9793, -1.0000, 0.2127, -1.0000, 0.9049, 0.4875|2300|0.0493, -0.4062, -0.4376, -0.5015, -0.1243, -0.3374, 0.0643, 0.0084|419.0
7|0.0075, -1.0000, -0.2598, -0.3467, 0.1255, -0.0048, -0.0255, -0.0437|4340|0.1239, -0.4650, -0.4509, -0.5071, -0.1935, -0.2639, 0.2411, -0.0061|645.4
8|1.0000, -1.0000, -0.1089, -0.2074, -0.0625, 0.1867, -0.3045, 0.0099|6560|0.0956, -0.3359, -0.4572, -0.5869, -0.1348, -0.2806, 0.3482, 0.0296|545.6
9|0.0075, -1.0000, -0.2598, -0.3467, 0.1255, -0.0048, -0.0255, -0.0437|5540|0.2043, -0.2907, -0.4836, -0.6862, -0.1479, -0.3005, 0.3207, -0.0305|548.4
10|0.0075, -1.0000, -0.8634, -0.5875, 0.1130, -0.0082, -0.0255, 0.0686|3640|0.2172, -0.3162, -0.5045, -0.7214, -0.1479, -0.2448, 0.3253, -0.0794|645.0
11|0.0075, -1.0000, -0.8634, -0.5875, 0.0547, -0.0082, -0.0255, 0.0686|4200|0.2302, -0.4607, -0.3848, -0.6504, -0.1396, -0.2648, 0.2312, 0.0122|648.8
12|0.0057, -0.7688, -0.7410, -1.0000, -0.2606, -0.0039, 0.4714, 0.0386|2220|0.2036, -0.4552, -0.5568, -0.7152, -0.1096, -0.1794, 0.1447, -0.0013|536.0
13|0.0075, -1.0000, -0.7164, -0.2195, -0.1912, -0.0031, -0.0255, 0.2902|15500|0.0965, -0.3854, -0.5495, -0.6524, -0.1535, -0.1416, 0.2092, 0.0342|786.8
14|0.0075, -1.0000, -0.7164, -1.0000, 0.1872, -0.0082, 0.0066, 0.2902|3240|0.1925, -0.5021, -0.6149, -0.7146, -0.1749, -0.0870, 0.1633, 0.1163|681.8
15|-0.0736, -0.9872, -0.5004, -0.9872, -0.0609, 0.1007, 0.7249, 1.0000|3320|0.1146, -0.4881, -0.6107, -0.5898, -0.1252, -0.0893, 0.2252, 0.1131|671.2
16|-0.0507, -0.9872, -0.5004, -0.6614, -0.0958, -0.0109, 0.9388, 1.0000|4600|0.0831, -0.5528, -0.5639, -0.6688, -0.1362, -0.0334, 0.3035, 0.1789|751.8
17|-0.0643, -0.9872, -0.4369, -0.6614, -0.0531, -0.0109, 0.6329, 0.8731|4300|0.1108, -0.4478, -0.5295, -0.6848, -0.1808, -0.0981, 0.2531, 0.1334|598.0
18|-0.0265, -0.8051, -1.0000, -0.5948, -0.1555, -0.0001, -0.1282, 0.1628|3800|0.1115, -0.3642, -0.5466, -0.5907, -0.1530, -0.1053, 0.2006, 0.0789|610.6
19|-0.0265, -0.8051, -1.0000, -0.5948, -0.0600, -0.0001, -0.1282, -0.2370|4160|0.1429, -0.5589, -0.5654, -0.5878, -0.1169, -0.0570, 0.2339, 0.0514|636.0
20|0.0510, -1.0000, -0.8888, -0.5369, -0.2235, -0.1258, 0.0745, -0.0370|6140|0.1276, -0.5608, -0.5927, -0.6148, -0.1088, -0.0943, 0.1277, 0.1309|662.8
21|0.1259, -1.0000, -0.4563, -0.5134, -0.1646, 0.0411, 0.3405, 0.4895|7240|0.1357, -0.5324, -0.4071, -0.7503, -0.0912, -0.0193, 0.0627, 0.1389|670.4
22|0.1259, -1.0000, -0.4563, -0.5134, -0.1646, 0.0411, 0.3405, 0.4895|3640|0.1338, -0.5669, -0.4802, -0.7542, -0.0702, -0.0273, 0.0705, 0.0792|815.4
23|-0.0618, -1.0000, -0.0937, -0.0878, -0.1279, -0.0046, -0.3750, 0.2785|3460|0.2242, -0.7056, -0.4402, -0.6864, -0.0686, -0.0392, 0.1058, 0.0272|742.0
24|0.9194, -1.0000, -0.5203, -0.5134, -0.1646, 0.0411, 0.3405, 0.1560|9000|0.2203, -0.6760, -0.5055, -0.7066, -0.0629, -0.0353, 0.1350, 0.0518|1162.0
25|1.0000, -0.7147, -0.5863, -0.1983, -0.0025, 0.0740, 0.0018, -0.0819|7700|0.2964, -0.6478, -0.4216, -0.6112, -0.0575, -0.0406, 0.0879, 0.1148|738.0
26|0.7154, -1.0000, -0.4369, -0.5113, 0.0765, -0.0109, 0.1791, -0.0487|12640|0.2337, -0.5980, -0.4706, -0.6395, -0.0765, -0.0268, 0.0750, 0.0744|1091.8
27|-0.0359, -1.0000, -0.0544, -0.0510, -0.0743, -0.0027, -0.0344, 0.0124|21400|0.2569, -0.6636, -0.4755, -0.5816, -0.0665, -0.0279, 0.0229, 0.1000|1623.4
28|-0.0359, -1.0000, -0.0544, -0.0510, -0.0743, -0.0027, -0.0344, 0.0124|11760|0.2470, -0.5685, -0.5268, -0.3941, -0.0875, 0.0018, -0.0184, 0.1592|1061.4
29|-0.0359, -1.0000, -0.0544, -0.0510, -0.0743, -0.0045, -0.0344, 0.0091|33980|0.1639, -0.4846, -0.4745, -0.4182, -0.0493, -0.0035, 0.0340, 0.1416|1308.4
30|0.0487, -1.0000, -0.0544, -0.0510, -0.0743, -0.0027, -0.0594, 0.0124|153820|0.1272, -0.5995, -0.5319, -0.3713, -0.0515, -0.0166, 0.0675, 0.1400|3459.0
31|0.0487, -1.0000, -0.0217, -0.0510, -0.0004, -0.0027, -0.0344, 0.0124|94180|0.2209, -0.7301, -0.5040, -0.4307, -0.0441, -0.0317, 0.0127, 0.1075|5833.2
32|0.2147, -1.0000, -0.0217, -0.0993, -0.0008, -0.0027, -0.0344, 0.0124|171740|0.2525, -0.6837, -0.4413, -0.3500, -0.0568, -0.0261, -0.0191, 0.0668|9027.2
