1|0.7676, -1.0000, -0.3913, -0.5308, -0.0905, -0.8630, -0.1078, -0.4369|1080|0.0489, -0.0382, -0.0411, -0.0040, -0.1921, 0.1179, 0.0817, -0.0289|72.8
2|0.0464, -0.2287, -1.0000, -0.9541, -0.5567, 1.0000, -0.0919, -0.3959|860|-0.0763, 0.0025, -0.1069, -0.2846, -0.0619, 0.1758, 0.1052, -0.0974|108.6
3|1.0000, 0.6832, -1.0000, -0.9689, -0.2990, -0.2942, 0.9061, -0.9476|860|-0.1005, 0.0179, -0.1305, -0.4635, -0.1630, 0.1436, 0.1683, -0.1084|131.2
4|1.0000, -0.1330, -0.8314, -0.7051, -0.2990, -0.2942, 0.8789, -0.5074|2700|0.0089, 0.0709, -0.2413, -0.6472, -0.0890, 0.0174, 0.1375, -0.1232|215.6
5|0.6869, 0.4693, -1.0000, -0.6655, -0.2054, -0.2021, 0.6224, -0.6509|1700|-0.0146, 0.1809, -0.4055, -0.7372, -0.1693, 0.0395, 0.1641, -0.1571|240.2
6|1.0000, -0.8206, -0.5114, -0.4315, 0.5177, -0.4536, 0.2048, 0.0174|1740|0.0491, 0.2387, -0.5036, -0.8369, -0.1069, 0.0545, 0.1836, -0.1646|240.0
7|1.0000, -0.8206, -0.8314, -1.0000, 0.5177, -0.2021, 0.7358, 0.0174|1860|0.3012, 0.1570, -0.5413, -0.8107, -0.2704, -0.0406, 0.1989, -0.1671|352.6
8|0.6869, -1.0000, -0.7445, -0.6655, -0.2054, -0.2021, 0.6592, -0.6509|3360|0.3849, 0.1421, -0.6015, -0.7960, -0.3663, -0.1651, 0.1320, -0.1006|451.6
9|0.1284, -1.0000, -0.6631, -0.8363, -0.6755, 0.0549, 0.2603, 0.0525|3460|0.5666, 0.1672, -0.5963, -0.8357, -0.3023, -0.2154, 0.1079, -0.0323|594.8
10|0.5148, -0.1258, -0.8314, -1.0000, 0.3452, -0.2021, -0.0621, 0.6019|4960|0.6182, 0.1194, -0.6464, -0.8459, -0.2228, -0.2639, 0.0747, 0.0380|656.0
11|0.6869, -0.5033, -0.6631, -0.8363, -0.2054, -0.3158, 0.1793, 0.3646|2740|0.5953, -0.1036, -0.6059, -0.8269, -0.1506, -0.2560, 0.1235, 0.1060|633.4
12|0.4282, -0.8206, -0.8314, -1.0000, -0.2054, -0.0400, 0.0426, 0.0174|2780|0.6608, -0.1514, -0.6021, -0.8463, -0.1610, -0.2752, 0.1330, -0.0087|640.2
13|0.1284, -1.0000, -0.6631, -0.8363, 0.7741, 0.0549, 0.2603, 0.0525|3320|0.7046, -0.2566, -0.6542, -0.8971, -0.0813, -0.2141, 0.1585, 0.0053|844.8
14|0.4282, -0.8206, -0.8314, -1.0000, -0.2054, -0.1932, 0.0426, 0.6019|3920|0.6497, -0.3715, -0.6470, -0.8630, -0.0783, -0.2289, 0.1942, 0.0035|938.0
15|0.4282, -0.8206, -0.8314, -1.0000, 0.5177, -0.2039, 0.7358, 0.0174|3840|0.5757, -0.4577, -0.6698, -0.8597, -0.1531, -0.2151, 0.1646, 0.0072|772.0
16|0.9352, -0.8206, -0.6277, -1.0000, 0.3224, -0.4536, 0.2099, -0.3212|3160|0.5758, -0.6089, -0.6721, -0.8191, -0.3021, -0.1852, 0.1414, -0.0316|992.2
17|0.3191, -1.0000, -0.6197, -0.8363, -0.7620, -0.1932, 0.5485, 0.3646|4220|0.5391, -0.6690, -0.6595, -0.8548, -0.3241, -0.1732, 0.1220, 0.0121|1022.0
18|1.0000, -1.0000, -0.5114, -0.4315, -0.7620, -0.3158, 0.2099, -0.6437|4760|0.5765, -0.7582, -0.6804, -0.8804, -0.2411, -0.1213, 0.0927, -0.0764|1096.8
19|0.1284, -1.0000, -0.7947, -1.0000, 0.3300, -0.1139, 0.2603, -0.3689|2880|0.6052, -0.7980, -0.6291, -0.8445, -0.2640, -0.1328, 0.1405, -0.1544|995.0
20|1.0000, -1.0000, -0.5114, -0.4315, -0.7620, -0.4536, 0.7358, 0.2482|4740|0.6875, -0.8037, -0.6213, -0.8326, -0.3099, -0.1585, 0.1331, -0.1592|1098.4
21|1.0000, -1.0000, -0.5514, -0.4315, -0.7620, -0.3158, 0.2099, 0.0525|5480|0.7466, -0.8662, -0.6483, -0.8220, -0.2308, -0.2112, 0.1430, -0.0362|1251.4
22|0.8456, -1.0000, -0.4663, -0.3649, -0.6444, -0.2671, 0.1775, 0.0444|5920|0.7179, -0.8927, -0.6383, -0.7271, -0.3118, -0.2448, 0.1451, -0.0470|1201.0
23|1.0000, -1.0000, -0.6197, -1.0000, -0.2054, -0.1932, 0.5485, 0.3646|8060|0.6940, -0.9065, -0.6587, -0.6806, -0.3366, -0.1388, 0.1541, -0.0675|1265.4
24|1.0000, -1.0000, -0.6631, -1.0000, 0.3300, -0.0193, 0.1793, 0.0525|4200|0.6565, -0.9060, -0.6713, -0.6743, -0.3182, -0.1485, 0.1548, -0.0760|1269.8
25|0.1284, -1.0000, -0.5114, -0.4315, 0.3300, 0.0348, 0.1793, 0.0525|5940|0.6421, -0.8758, -0.6478, -0.6790, -0.3397, -0.1474, 0.1231, -0.0402|1211.0
26|0.4477, -1.0000, -0.5114, -0.3649, -0.2054, -0.0733, 0.1793, 0.0525|6140|0.6799, -0.8131, -0.6498, -0.6580, -0.3309, -0.1262, 0.1429, -0.0301|1192.8
27|0.4477, -1.0000, -0.5114, -0.4315, 0.3300, -0.0743, 0.1793, 0.0525|14300|0.7089, -0.8819, -0.6094, -0.6385, -0.3884, -0.1474, 0.1032, -0.0024|1671.4
28|0.4477, -1.0000, -0.5114, -0.4315, 0.3300, -0.0743, 0.1793, 0.0525|12860|0.7170, -0.9233, -0.5645, -0.5330, -0.3250, -0.1417, 0.0771, 0.0489|1638.6
29|1.0000, -1.0000, -0.6631, -0.6246, 0.3974, -0.0013, 0.1264, 0.0024|6160|0.6353, -0.9107, -0.5658, -0.5224, -0.2792, -0.1429, 0.0763, 0.0302|1686.6
30|1.0000, -1.0000, -0.5114, -0.3649, -0.2054, -0.0733, 0.1793, 0.0525|7980|0.5988, -0.8860, -0.5324, -0.5909, -0.3486, -0.1427, 0.0673, 0.0431|1410.4
31|1.0000, -0.8919, -0.6246, -0.4315, -0.6021, -0.0733, 0.1793, 0.6019|8280|0.6008, -0.9245, -0.5793, -0.5929, -0.3520, -0.1473, 0.0584, 0.1054|1640.8
32|0.8456, -1.0000, -0.5114, -0.3649, -0.2054, 0.0549, 0.1264, 0.2553|10660|0.6121, -0.9392, -0.5515, -0.5659, -0.3646, -0.1447, 0.0694, 0.1512|2013.6
