1|1.0000, -0.7560, -0.9654, -0.8177, 0.7870, 0.0187, 0.0071, -0.7743|1880|-0.0402, 0.0359, -0.1218, -0.1665, 0.0621, -0.0072, 0.0067, 0.0260|79.2
2|-0.1290, -1.0000, -0.1807, -1.0000, -0.6321, 0.6074, -0.5489, -0.0946|860|-0.0968, 0.0673, -0.2744, -0.1890, -0.0189, -0.0016, 0.0619, -0.0715|92.6
3|0.5261, 0.6461, -0.8472, -0.9029, -0.4674, 0.0051, 1.0000, 0.3261|1400|-0.1637, 0.1016, -0.3705, -0.3452, -0.0885, 0.0384, 0.0256, -0.1518|150.4
4|0.0785, -1.0000, -0.0984, -0.5445, 0.0687, -0.6538, -0.2989, 0.0377|1320|-0.1693, -0.0555, -0.3055, -0.2919, -0.0997, -0.1011, 0.0402, -0.1791|167.4
5|0.0785, -1.0000, -0.0984, -0.5445, 0.0687, 0.4292, 0.3218, 0.0528|5600|-0.0929, -0.2245, -0.4301, -0.4607, -0.1592, 0.1101, 0.1441, -0.1556|395.6
6|-0.0474, -1.0000, -0.8729, -1.0000, 0.0687, -0.6538, -0.0691, -0.1257|1980|-0.0141, -0.3536, -0.4845, -0.6489, -0.1569, -0.0541, 0.1580, -0.2408|422.2
7|0.4732, -1.0000, -0.2498, -0.1851, 0.2297, -0.6108, -0.5672, -0.0746|2820|0.0687, -0.3982, -0.5179, -0.7281, -0.1172, -0.1693, 0.2247, -0.1571|549.8
8|0.1313, -1.0000, -1.0000, -0.5445, 0.0085, -0.5350, 0.0289, 0.0256|3180|0.0867, -0.5082, -0.4885, -0.6832, -0.1753, -0.2017, 0.1682, -0.1481|607.8
9|0.1249, -1.0000, -0.0603, -0.5546, -0.1268, 0.1292, 0.3278, 0.0457|3240|0.1383, -0.6300, -0.4381, -0.6801, -0.1932, -0.2738, 0.1585, -0.2146|646.4
10|0.1249, -1.0000, -1.0000, -0.5546, -0.1772, 0.1292, 0.0289, 0.0457|3740|0.1830, -0.6928, -0.3871, -0.5984, -0.2475, -0.2525, 0.1339, -0.2592|706.4
11|0.1226, -1.0000, -0.7530, -1.0000, 0.0085, -0.5350, -0.0691, -0.1257|3380|0.2584, -0.8118, -0.3688, -0.5519, -0.2041, -0.2522, 0.1728, -0.3282|741.4
12|0.6723, -1.0000, -0.2137, -0.5160, -0.2767, 0.0420, 0.2301, -0.0495|4020|0.3050, -0.8156, -0.3783, -0.5871, -0.2132, -0.3090, 0.1214, -0.2196|917.8
13|1.0000, -0.5326, -0.9777, -0.2561, -0.2194, -0.0103, 0.0289, 0.0250|9680|0.3602, -0.8407, -0.3565, -0.5405, -0.2075, -0.2196, 0.0741, -0.1302|1102.2
14|0.6723, -1.0000, -0.5041, -0.5160, -0.2767, 0.0420, 0.2301, -0.0026|7480|0.4248, -0.7827, -0.2815, -0.4935, -0.1906, -0.2207, -0.0308, -0.1081|1046.0
15|1.0000, -1.0000, -0.2137, -0.6023, -0.0067, 0.0094, 0.2301, 0.2490|8800|0.4561, -0.7545, -0.3008, -0.4002, -0.1738, -0.2609, -0.0411, -0.0882|1194.6
16|0.5137, -1.0000, -0.5434, -0.3929, -0.2767, 0.1292, 0.0455, 0.0059|13420|0.5439, -0.7935, -0.3051, -0.4301, -0.1874, -0.2304, -0.0381, -0.0545|1248.4
17|1.0000, -1.0000, -0.5434, -0.5445, -0.0225, 0.0686, 0.0197, -0.0026|10100|0.5146, -0.7921, -0.3205, -0.3778, -0.1799, -0.1899, 0.0504, -0.0120|1484.2
18|0.5137, -1.0000, -0.0241, -0.1723, -0.0043, -0.0215, 0.2796, 0.0353|29240|0.3859, -0.7695, -0.3600, -0.3725, -0.1835, -0.2042, 0.1083, -0.0127|1849.2
19|1.0000, -1.0000, 0.0225, -0.1723, 0.0108, 0.0147, 0.1538, -0.0701|15520|0.5559, -0.7674, -0.3386, -0.3380, -0.1607, -0.2539, 0.1221, -0.0298|2199.0
20|1.0000, -1.0000, -0.1068, -0.2782, -0.0043, 0.0349, 0.1275, 0.0353|29240|0.5376, -0.7953, -0.3065, -0.3100, -0.1470, -0.2052, 0.1206, -0.0078|3069.8
21|1.0000, -1.0000, 0.0225, -0.1723, 0.0108, 0.0147, 0.0828, -0.0701|23620|0.6180, -0.8876, -0.2187, -0.2701, -0.1196, -0.1412, 0.1350, -0.0066|3486.0
22|1.0000, -1.0000, 0.0225, -0.1966, 0.0108, 0.0147, 0.0737, -0.0701|33880|0.6412, -0.8680, -0.1941, -0.2708, -0.0979, -0.0633, 0.1064, -0.0153|4918.4
23|1.0000, -1.0000, -0.0632, -0.1723, 0.0108, -0.0764, 0.0737, 0.0583|49100|0.5552, -0.9200, -0.2141, -0.2636, -0.0839, 0.0056, 0.0561, -0.0021|4211.0
24|1.0000, -1.0000, -0.0272, -0.1298, 0.0108, 0.0420, 0.1538, -0.0701|37580|0.5352, -0.8762, -0.1751, -0.2426, -0.0710, -0.0017, 0.0594, -0.0078|5815.2
25|1.0000, -1.0000, -0.0272, -0.1298, 0.0108, 0.0420, 0.1538, 0.0604|119840|0.6873, -0.9062, -0.1204, -0.2324, -0.0449, 0.0052, 0.0826, -0.0058|8102.0
26|1.0000, -1.0000, -0.0272, -0.1298, 0.0108, 0.0420, 0.1538, 0.0604|82880|0.6011, -0.8989, -0.1024, -0.2199, -0.0408, 0.0075, 0.0940, 0.0017|7077.4
27|0.0815, -1.0000, 0.0100, -0.0839, -0.0071, -0.0005, -0.0222, -0.0409|82760|0.6514, -0.8654, -0.0870, -0.1955, -0.0382, -0.0014, 0.0703, -0.0023|10114.8
28|0.0815, -1.0000, 0.0100, -0.1789, -0.0105, -0.0005, -0.0222, 0.1173|97020|0.6089, -0.7124, -0.0579, -0.1427, -0.0169, -0.0028, 0.0371, 0.0076|11361.6
29|1.0000, -1.0000, -0.0170, -0.0650, -0.0082, -0.0005, -0.0222, -0.0409|164620|0.5700, -0.8913, -0.0452, -0.1378, -0.0061, -0.0068, 0.0007, 0.0169|20057.4
30|0.0815, -1.0000, -0.0170, -0.0839, -0.0071, -0.0008, -0.0222, -0.0409|418020|0.4923, -0.7532, -0.0401, -0.1402, -0.0057, -0.0100, 0.0023, 0.0219|31646.0
31|0.0815, -1.0000, 0.0100, -0.0839, -0.0071, -0.0005, -0.0222, -0.0802|405320|0.4470, -0.9465, -0.0324, -0.1479, -0.0030, -0.0121, 0.0163, 0.0295|33269.2
32|0.2994, -1.0000, -0.0218, -0.0851, -0.0002, 0.0093, -0.0232, 0.0996|357300|0.4447, -0.8554, -0.0251, -0.0949, -0.0027, -0.0133, 0.0053, 0.0273|39758.2
