1|0.7284, 0.2465, -0.8424, -0.8163, 0.1853, 0.5631, 0.3626, 1.0000|2460|0.1149, 0.0464, -0.1928, -0.0898, -0.0792, 0.1301, 0.0388, -0.1227|118.0
2|0.7284, -0.9715, -0.7773, -0.6842, 0.1853, 0.5631, 0.3626, 1.0000|2880|0.0493, 0.0029, -0.2748, -0.1289, -0.2238, 0.0379, 0.1008, -0.0604|164.4
3|0.5600, -0.7468, -0.5975, -0.5259, 0.1425, 0.4328, 0.2788, -1.0000|1940|0.1509, -0.1492, -0.3593, -0.2307, -0.2212, -0.0527, 0.2156, -0.0025|227.2
4|0.8973, -0.3147, -1.0000, -0.5135, -0.2527, -0.4800, -0.6082, 0.5216|2200|0.2109, -0.2006, -0.4495, -0.3454, -0.1907, -0.1242, 0.2475, -0.0261|300.2
5|0.6465, -0.6900, -1.0000, -0.6713, -0.5016, -0.6071, 0.3785, -0.0243|2320|0.2505, -0.3007, -0.5161, -0.4214, -0.2363, -0.1627, 0.2318, -0.1357|389.4
6|1.0000, -0.6695, -0.5781, -0.2969, -0.0308, -0.4221, 0.5781, -0.0049|3120|0.3308, -0.2503, -0.5749, -0.5091, -0.3092, -0.2452, 0.3214, -0.0652|542.2
7|0.1525, -0.4396, -0.7220, -0.9851, 0.4731, -0.8240, 1.0000, 0.1849|3900|0.3531, -0.3461, -0.5278, -0.4560, -0.3484, -0.3606, 0.4544, -0.0467|587.0
8|0.6465, -0.6900, -0.5975, -0.5259, -0.0501, -0.6071, 0.3785, -0.0126|4020|0.3172, -0.3345, -0.6386, -0.4806, -0.3291, -0.3835, 0.4760, -0.0025|652.6
9|0.1525, -1.0000, -0.5182, -0.2497, -0.1450, -0.8928, 0.3903, -0.0375|4140|0.1792, -0.3234, -0.6093, -0.4121, -0.4758, -0.3881, 0.4386, 0.0829|550.6
10|1.0000, -0.9229, -0.8371, -0.4325, -1.0000, -0.1343, 0.1537, -0.0375|4160|0.3285, -0.4284, -0.6430, -0.5687, -0.4707, -0.3861, 0.4640, 0.0662|765.8
11|0.5261, -1.0000, -0.5182, -0.4686, -0.1844, 0.1808, 0.4228, -0.0375|5080|0.3098, -0.4918, -0.6094, -0.4291, -0.5174, -0.3394, 0.4378, 0.0446|814.0
12|1.0000, -1.0000, -0.5182, -0.4686, -0.2816, -0.0274, -0.3663, -0.0375|4620|0.3131, -0.4992, -0.6932, -0.5334, -0.4315, -0.3859, 0.3103, 0.0179|854.4
13|1.0000, -1.0000, -0.5182, -0.4827, -0.1450, -0.3606, 0.3163, 0.0060|4000|0.3404, -0.7216, -0.5977, -0.5111, -0.4086, -0.3883, 0.2325, 0.0248|1033.0
14|0.5913, -1.0000, -0.3563, -0.3222, -0.0651, -0.0188, -0.0597, -0.0258|6480|0.4263, -0.6833, -0.5653, -0.4198, -0.3939, -0.3792, 0.1787, 0.0037|972.2
15|0.2893, -1.0000, -0.5615, -0.3232, -0.1823, 0.0343, -0.4918, 0.0060|6180|0.4236, -0.7829, -0.6075, -0.4058, -0.3360, -0.3420, 0.1711, 0.0045|1179.0
16|1.0000, -1.0000, -0.7230, -0.4435, -0.2659, -0.1343, -0.3033, 0.0366|6560|0.4486, -0.6602, -0.6265, -0.4715, -0.2319, -0.2426, 0.1748, -0.0101|1164.0
17|1.0000, -1.0000, -0.8371, -0.5473, -0.1450, -0.8928, 0.1748, 0.0382|5140|0.3838, -0.6732, -0.6278, -0.5255, -0.2254, -0.1521, 0.2072, -0.0060|1027.2
18|0.6611, -1.0000, -0.2943, -0.4983, -0.4319, 0.1266, 0.3903, -0.0049|6040|0.4287, -0.6943, -0.5939, -0.4895, -0.1282, -0.1115, 0.3153, -0.0136|1201.8
19|0.5913, -1.0000, -0.1685, -0.5473, 0.3527, 0.2135, 0.5656, -0.1001|9500|0.4561, -0.7300, -0.5764, -0.4210, -0.2052, -0.0933, 0.1981, -0.0044|1412.0
20|0.9265, -1.0000, -0.5364, -0.5473, -0.2672, 0.1978, 0.2931, -0.0062|6640|0.4596, -0.8339, -0.5659, -0.4673, -0.2486, -0.0466, 0.1470, -0.0072|1310.0
21|0.2882, -1.0000, -0.5364, -0.5473, 0.0003, -0.1343, -0.0698, -0.0310|5760|0.5976, -0.8521, -0.5789, -0.5203, -0.2283, -0.0804, 0.0585, -0.0051|1493.0
22|0.2882, -1.0000, -0.5364, -0.5473, 0.0003, -0.1343, 0.3054, -0.0062|11860|0.6140, -0.8406, -0.5303, -0.4677, -0.1741, -0.0823, 0.1130, -0.0052|1444.0
23|0.5913, -1.0000, -0.2748, -0.2804, -0.2672, -0.0360, 0.1048, -0.0032|13780|0.4522, -0.8179, -0.5233, -0.5066, -0.1745, -0.0763, 0.0770, -0.0038|1445.2
24|0.5913, -1.0000, -0.2748, -0.3482, -0.2672, -0.0360, 0.1048, -0.0032|9800|0.5065, -0.9187, -0.5478, -0.4770, -0.1593, -0.0611, 0.0729, 0.0003|1695.4
25|0.1812, -1.0000, -0.3555, -0.2585, -0.0002, -0.0731, 0.0029, -0.0003|11960|0.5826, -0.8879, -0.5527, -0.5011, -0.1780, -0.0042, -0.0230, -0.0006|2143.0
26|1.0000, -1.0000, -0.2748, -0.3482, -0.2672, 0.0510, -0.0203, -0.0018|11940|0.5699, -0.7947, -0.4195, -0.4309, -0.1798, -0.0095, 0.0050, 0.0002|1742.0
27|0.0995, -1.0000, -0.1951, -0.1419, -0.0001, -0.0401, 0.0016, -0.0005|32160|0.5413, -0.7319, -0.4207, -0.4178, -0.1477, -0.0559, -0.0226, 0.0008|2542.8
28|0.5913, -1.0000, -0.2664, -0.3482, 0.0895, 0.0666, -0.0704, -0.0032|41220|0.4974, -0.7880, -0.4475, -0.3832, -0.1284, -0.0238, -0.0385, 0.0001|3271.6
29|0.3867, -1.0000, -0.1742, -0.2277, 0.0585, 0.0436, -0.0460, -0.0021|73260|0.4730, -0.7008, -0.3363, -0.3330, -0.1097, -0.0108, -0.0329, -0.0026|3826.4
30|0.9265, -1.0000, -0.2748, -0.3344, 0.0585, 0.0436, -0.0471, -0.0062|27160|0.5294, -0.8233, -0.4354, -0.3601, -0.1233, 0.0061, -0.0475, -0.0018|3434.8
31|0.3867, -1.0000, -0.1742, -0.2277, 0.0585, 0.0677, -0.0471, -0.0021|78660|0.3858, -0.8945, -0.3698, -0.3208, -0.0960, -0.0278, -0.0603, -0.0026|4722.0
32|0.3867, -1.0000, -0.1742, -0.2277, -0.0001, 0.0677, -0.1070, -0.0021|47340|0.4331, -0.9386, -0.3651, -0.3489, -0.0897, -0.0241, -0.0368, -0.0027|4650.6
