1|0.6132, 0.7587, -0.7583, -1.0000, 0.1746, 0.5906, 0.8850, -0.0591|1660|-0.0694, -0.0074, -0.1443, -0.1250, -0.0769, -0.0899, -0.0446, -0.0258|110.2
2|1.0000, -0.7297, -0.3297, 0.2691, -0.6125, -0.9911, -0.6426, -0.0530|1620|0.1523, -0.0220, -0.2231, -0.2894, -0.1647, -0.1956, -0.0726, -0.0351|179.8
3|0.9767, -0.6437, -0.9254, -0.9059, 0.6953, 0.1024, 0.9212, 0.0681|1420|0.1976, -0.0279, -0.3740, -0.3705, -0.0751, -0.2905, -0.0299, -0.0155|173.2
4|1.0000, -0.7297, -0.8998, -0.2963, -0.6125, -1.0000, -0.6426, -0.0530|2280|0.3079, -0.0990, -0.4132, -0.5311, -0.0701, -0.3875, -0.0872, -0.0381|288.6
5|0.5470, -0.9032, -0.9254, -0.9059, 0.3940, -0.2618, 0.9212, 0.0681|2000|0.3364, -0.1368, -0.5552, -0.6845, -0.0379, -0.4756, -0.0876, -0.1930|358.0
6|0.8036, -0.6437, -1.0000, -0.3193, -0.3120, 0.1024, -0.0708, 0.0681|3780|0.3964, -0.1280, -0.5496, -0.7097, -0.1442, -0.4271, -0.1106, -0.1048|466.6
7|0.7054, -0.6437, -0.9254, -0.1535, -0.3120, 0.0995, -0.0708, 0.3361|3900|0.4473, -0.2032, -0.6750, -0.6240, -0.2829, -0.4520, -0.1490, -0.0027|491.8
8|1.0000, -0.6437, -0.6754, -0.4856, 0.4926, -0.7455, 0.9432, 0.0697|3300|0.5249, -0.3714, -0.6989, -0.5345, -0.3418, -0.4484, -0.1703, 0.0158|649.6
9|0.8036, -0.6437, -1.0000, -0.3193, -0.5915, -1.0000, -0.8145, -0.2154|3820|0.5695, -0.4955, -0.7991, -0.5741, -0.4314, -0.4163, -0.2777, 0.0257|867.0
10|0.9949, -0.5830, -0.9453, -1.0000, -0.4390, -0.7167, -0.4606, -0.3195|3580|0.6099, -0.5832, -0.7946, -0.5462, -0.3504, -0.3994, -0.2451, 0.0196|799.6
11|0.6188, -1.0000, -0.9647, -0.5887, 0.2797, 0.1183, -0.0708, 0.0710|6860|0.5707, -0.6138, -0.7805, -0.5739, -0.3254, -0.4557, -0.2930, 0.0564|1003.4
12|0.9767, -1.0000, -0.9647, -0.9053, -0.3120, 0.1024, -0.0708, 1.0000|4760|0.5794, -0.6449, -0.7365, -0.5660, -0.3901, -0.3751, -0.3150, 0.0784|975.2
13|0.8533, -0.7297, -1.0000, -0.2963, -0.7742, -0.0501, -0.0708, 0.0681|6920|0.6876, -0.7197, -0.7097, -0.5789, -0.4430, -0.3419, -0.2923, 0.1177|991.2
14|0.9767, -1.0000, -0.9647, -0.5647, -0.3120, 0.1398, -0.0708, 1.0000|5480|0.6776, -0.7772, -0.7179, -0.5283, -0.4573, -0.2856, -0.2555, 0.0899|1232.4
15|1.0000, -0.8010, -0.7878, -0.1254, -0.5462, -0.1380, -0.0708, 0.0681|12720|0.7492, -0.8449, -0.7391, -0.4967, -0.4610, -0.2172, -0.3135, 0.1049|1313.2
16|0.8036, -1.0000, -0.3297, -0.1229, -0.3120, 0.0207, -0.6426, 0.0681|8340|0.7532, -0.7904, -0.8015, -0.4838, -0.4884, -0.2547, -0.2640, 0.1315|1408.8
17|0.8850, -1.0000, -0.4518, -0.1353, -0.4275, -0.3413, -0.7077, -0.0393|6480|0.7954, -0.7674, -0.7479, -0.5060, -0.4429, -0.2165, -0.3451, 0.0997|1246.2
18|1.0000, -1.0000, -0.9647, -0.1254, -0.3120, -0.1380, -0.0708, 0.0681|12140|0.8270, -0.6992, -0.7008, -0.4820, -0.4404, -0.2075, -0.3078, 0.0778|1303.6
19|1.0000, -1.0000, -0.9927, -0.3687, -0.3120, 0.0361, -0.0708, 0.0681|7200|0.8095, -0.7213, -0.6688, -0.4264, -0.5531, -0.1333, -0.2113, 0.0300|1355.6
20|1.0000, -1.0000, -0.3297, -0.1254, -0.2311, -0.1380, -0.0708, 0.0007|17860|0.7900, -0.7220, -0.6006, -0.4040, -0.5007, -0.1097, -0.1209, 0.0130|1449.4
21|1.0000, -1.0000, -0.1719, -0.1538, -0.7742, -0.1090, -0.1719, -0.0530|7640|0.7942, -0.7507, -0.6059, -0.4136, -0.5526, -0.0969, -0.0843, 0.0147|1504.8
22|1.0000, -0.4668, -0.8025, -0.1538, -0.5462, 0.0207, -0.0728, -0.0530|6020|0.8620, -0.7776, -0.5272, -0.3718, -0.5592, -0.0684, -0.0960, 0.0062|1686.6
23|1.0000, -1.0000, -0.6331, -0.1538, -0.4310, -0.1090, 0.0503, -0.0443|10860|0.8742, -0.7839, -0.5038, -0.3631, -0.5339, -0.0745, -0.0386, 0.0005|1544.2
24|1.0000, -0.9986, -0.5879, -0.1538, -0.4398, -0.1088, -0.0707, -0.0530|14720|0.8927, -0.7581, -0.5185, -0.3415, -0.5057, -0.0567, -0.0489, -0.0055|2030.8
25|1.0000, -1.0000, -0.1719, -0.1538, -0.4398, 0.1432, -0.0708, -0.0530|20840|0.9041, -0.7712, -0.5557, -0.3708, -0.4258, -0.0579, -0.0438, -0.0126|2729.8
26|1.0000, -0.5876, -0.9647, -0.1254, -0.0125, -0.1090, 0.0503, 0.0523|12340|0.9249, -0.8028, -0.5247, -0.2633, -0.4491, -0.0500, -0.0444, 0.0024|2523.8
27|0.5494, -1.0000, -0.0967, -0.0865, -0.3073, 0.0805, 0.0683, -0.0354|25640|0.9458, -0.7160, -0.4953, -0.2605, -0.4256, -0.0382, -0.0350, 0.0086|2491.4
28|1.0000, -0.9081, -0.1719, -0.1538, -0.2311, -0.1380, -0.0263, 0.0032|24040|0.8175, -0.7647, -0.4794, -0.2240, -0.3509, -0.0484, -0.0231, 0.0123|3045.6
29|1.0000, -0.9081, -0.1719, -0.1538, -0.2311, -0.1380, -0.1719, 0.0032|32760|0.8749, -0.7979, -0.4313, -0.2127, -0.2895, -0.0518, -0.0189, 0.0033|3054.6
30|-0.0589, -1.0000, -1.0000, -0.2044, 0.0534, -0.1491, -0.0708, 0.1341|19920|0.7748, -0.8177, -0.3850, -0.1958, -0.2680, -0.0630, -0.0360, 0.0077|3420.0
31|1.0000, -1.0000, -0.1719, -0.1538, -0.1700, -0.1090, 0.0733, 0.0681|53120|0.7968, -0.8634, -0.3494, -0.1861, -0.2412, -0.0558, -0.0290, 0.0105|5402.6
32|0.9297, -1.0000, -0.1719, -0.1254, -0.0125, -0.1090, 0.0734, 0.0681|94460|0.8162, -0.8803, -0.3005, -0.1663, -0.2057, -0.0668, -0.0192, 0.0245|6907.6
