1|0.8185, -0.0471, 0.2549, 0.0762, 0.3330, -0.9946, -0.3883, -1.0000|40|0.1198, 0.3011, -0.1450, 0.2815, -0.2393, 0.1329, 0.1364, -0.1597|12.0
2|-0.9783, 0.2364, -0.9204, 0.4622, -0.8040, 0.0401, 0.4512, 0.5988|120|0.4798, 0.4871, -0.3425, 0.2245, -0.1248, 0.1118, 0.0591, -0.0756|22.0
3|0.8283, 0.2364, -0.9204, 0.4622, -0.8040, 0.0401, 0.3262, 0.5988|40|0.1448, 0.5455, -0.8149, 0.3450, -0.4299, 0.0513, 0.0967, 0.4143|4.0
4|0.8283, 1.0000, -0.9204, 0.4622, -0.8040, 0.9608, 0.3262, 0.5988|40|0.1448, 0.4691, -0.8149, 0.3450, -0.5436, -0.0408, 0.0967, 0.4143|4.0
5|0.8283, 0.2417, -0.9408, 0.4622, -0.8040, 0.0410, 0.3262, 0.6120|0|0.1480, 0.6496, -0.9304, 0.3653, -0.5784, 0.0512, 0.2619, 0.5729|0.0
6|-0.5336, 1.0000, -0.9204, 0.4622, -0.8040, -0.5425, 0.3262, 0.3266|40|0.0139, 0.6800, -0.9364, 0.3222, -0.4629, 0.1884, 0.3477, 0.5443|8.0
7|-0.5336, 1.0000, -0.9204, 0.4622, -0.8040, -0.5425, 0.3262, 0.3266|120|0.1946, 0.5273, -0.9364, 0.3780, -0.5766, 0.1998, 0.3352, 0.5443|28.0
8|-0.5336, 1.0000, -0.9204, 0.0416, -0.8040, -0.5425, 0.3262, 0.5988|120|0.0562, 0.6351, -0.9304, 0.3791, -0.8058, -0.1695, 0.3157, 0.4640|38.0
9|0.8283, 1.0000, -0.9204, 0.0416, -0.8040, 0.0401, 0.2461, 0.3266|120|0.5114, 0.5891, -0.9284, 0.3780, -0.8040, -0.2174, 0.2941, 0.4082|32.0
10|0.8283, 0.5454, -0.9204, 0.0416, -0.8040, -0.5425, 0.2461, 0.5988|300|0.5068, 0.5338, -0.9364, 0.3417, -0.8110, -0.2184, 0.2970, 0.4927|56.0
11|0.8283, 0.5454, -0.9204, 0.0416, -0.8040, -0.5425, 0.2461, 0.5988|320|0.4741, 0.4857, -0.9284, 0.2943, -0.8110, -0.2465, 0.2305, 0.5767|78.0
12|0.8999, 0.2569, -1.0000, 0.0451, -0.8735, -0.5894, -0.2302, 0.6505|260|0.6834, 0.4011, -0.9602, 0.1695, -0.8388, -0.5659, 0.0240, 0.6246|112.0
13|0.8999, 0.2569, -1.0000, 0.0451, -0.8735, -0.5894, -0.2302, 0.6505|280|0.8498, 0.3146, -0.9443, 0.1703, -0.8527, -0.5565, 0.0716, 0.6143|100.0
14|0.8283, 0.2569, -0.9204, 0.0451, -0.8735, -0.5425, 0.3262, 0.5988|400|0.8761, 0.3519, -0.8813, 0.0879, -0.7277, -0.5738, -0.0169, 0.6333|182.0
15|0.8999, 0.2569, -0.9204, 0.0451, -0.8735, -0.5425, -0.2302, 0.5988|620|0.8641, 0.3146, -0.9761, 0.0451, -0.8735, -0.5612, -0.0633, 0.6298|158.0
16|0.8999, 0.2569, -1.0000, 0.0451, -0.8735, -0.5425, -0.2302, 0.6505|440|0.8569, 0.4011, -0.9841, 0.0451, -0.8735, -0.5612, 0.0480, 0.4732|162.0
17|0.8999, 0.2569, -1.0000, 0.0451, -0.8735, -0.5425, -0.2302, 0.6505|180|0.8569, 0.4300, -0.9920, 0.0451, -0.8735, -0.5519, -0.0633, 0.6453|76.0
18|0.8283, 0.5454, -1.0000, 0.0451, -0.8735, -0.5425, -0.2302, 0.6505|540|0.8569, 0.4300, -1.0000, 0.0451, -0.7177, -0.5565, -0.0633, 0.6505|186.0
19|0.8283, 0.5454, -1.0000, 0.0451, -0.8735, -0.5894, -0.2302, 0.6505|660|0.8426, 0.4877, -1.0000, 0.0451, -0.8735, -0.5519, -0.1189, 0.6505|186.0
20|0.8283, 0.5454, -1.0000, 0.0451, -0.8735, -0.5425, -0.2302, 0.6505|200|0.8118, 0.5010, -1.0000, 0.0439, -0.8486, -0.5397, -0.1680, 0.6320|86.0
21|0.8283, 0.2569, -1.0000, 0.0451, -0.8735, -0.5425, -0.2302, 0.6505|520|0.8047, 0.4433, -1.0000, 0.0439, -0.8486, -0.5304, -0.2236, 0.6320|126.0
22|0.8283, 0.5454, -1.0000, 0.0451, -0.8735, -0.5425, -0.2302, 0.6505|480|0.8047, 0.3856, -1.0000, 0.0451, -0.8735, -0.5425, -0.2236, 0.6320|192.0
23|0.8283, 0.2569, -1.0000, 0.0451, -0.8735, -0.5425, -0.2302, 0.6505|580|0.8047, 0.4144, -1.0000, 0.0451, -0.8735, -0.5425, -0.2236, 0.6320|248.0
24|0.8283, 0.2569, -1.0000, 0.0451, -0.8735, -0.5425, -0.2302, 0.6505|500|0.8047, 0.3856, -1.0000, 0.0451, -0.8735, -0.5425, -0.2236, 0.6320|220.0
25|0.8007, 0.2483, -0.9666, 0.0436, -0.8444, -0.5244, -0.2225, 1.0000|300|0.8019, 0.4136, -0.9967, 0.0450, -0.8706, -0.5407, -0.2229, 0.6669|146.0
26|0.8283, 0.2569, -1.0000, 0.0451, -0.8735, -0.5425, -0.2302, 0.6505|400|0.7755, 0.3683, -0.9933, 0.0448, -0.8677, -0.5389, -0.2105, 0.6833|196.0
27|0.8007, 0.2569, -0.9666, 0.0451, -0.8444, -0.5425, -0.2225, 0.6505|400|0.7342, 0.3271, -0.9900, 0.0427, -0.8241, -0.5127, -0.2079, 0.6717|158.0
28|0.5920, 0.3898, -1.0000, 0.0451, -0.8735, -0.5425, -0.2302, 0.4649|740|0.7701, 0.3115, -0.9867, 0.0450, -0.8620, -0.5407, -0.2137, 0.6855|212.0
29|0.8007, 0.2483, -1.0000, 0.0436, -0.8444, -0.5244, -0.2225, 0.6505|260|0.7228, 0.3101, -0.9900, 0.0452, -0.8620, -0.5425, -0.2137, 0.5785|136.0
30|0.8007, 0.2483, -1.0000, 0.0436, -0.8444, -0.5244, -0.2225, 0.6505|540|0.7891, 0.1309, -0.4000, 0.0465, -0.8376, -0.5629, -0.2205, 0.6401|138.0
31|0.8569, 0.2569, -1.0000, 0.0451, -0.8735, -0.5425, -0.0958, 0.4649|920|0.7795, 0.1433, -0.4000, 0.0462, -0.7933, -0.5573, -0.1929, 0.5799|212.0
32|0.8569, -0.2578, -1.0000, 0.0451, -0.9308, -0.5425, -0.0958, 0.7171|280|0.7465, 0.2347, -1.0000, 0.0453, -0.8291, -0.5481, -0.1370, 0.5711|140.0
