1|-0.6219, -0.6367, -0.3564, -0.9941, -0.1127, 0.6734, 0.8654, 0.0148|380|-0.0144, -0.0522, -0.1456, -0.0686, -0.0069, 0.3823, 0.4871, 0.0269|61.0
2|-0.5622, -0.6367, -0.3564, -0.2854, -1.0000, 0.2572, -0.3985, 0.4815|260|-0.1115, 0.1813, -0.3759, -0.3518, -0.1114, 0.4008, 0.6664, 0.0330|69.0
3|0.0673, -1.0000, -0.3564, -0.9941, -0.1127, 0.5092, 0.8654, -0.0043|1400|0.0063, 0.4601, -0.6186, -0.6245, 0.0711, 0.3787, 0.6171, 0.1910|217.0
4|-0.6219, -0.6367, -1.0000, -0.9941, -0.1127, 0.1337, 0.8654, 0.0148|1340|-0.1048, 0.1775, -0.8137, -0.7030, -0.2440, 0.3602, 0.5482, 0.1622|320.0
5|0.0673, -1.0000, -0.3564, -0.9941, -0.1127, 0.5092, 0.8654, -0.0043|1680|0.0132, -0.0178, -0.5784, -0.7912, -0.4554, 0.4836, 0.5057, 0.1194|434.0
6|0.2704, -1.0000, -0.9087, -0.9941, -1.0000, 0.6734, -0.3985, 0.4815|2160|0.2245, -0.0039, -0.7539, -0.8697, -0.6871, 0.5712, 0.1764, 0.2424|453.0
7|0.8086, -1.0000, -1.0000, -0.9941, -1.0000, 0.6734, 1.0000, -0.0043|1060|0.2813, -0.2549, -0.8322, -0.8590, -0.7756, 0.5434, 0.0969, 0.2194|417.0
8|0.8086, -1.0000, -0.9087, -0.9941, -1.0000, 0.6734, 1.0000, -0.0043|1880|0.3539, -0.5205, -0.9315, -0.9941, -0.7782, 0.5655, 0.0406, 0.2425|602.0
9|0.8086, -1.0000, -0.9087, -0.9941, -1.0000, 0.6734, -0.3985, -0.0043|3780|0.4863, -0.7527, -0.9162, -0.9823, -0.8550, 0.6114, 0.4242, 0.1434|1036.0
10|0.8086, -1.0000, -0.9087, -0.9941, -1.0000, 0.6734, 1.0000, -0.0043|1700|0.7035, -0.5631, -0.9025, -0.9823, -0.9437, 0.6654, 0.5750, 0.1658|692.0
11|0.8086, -1.0000, -0.9087, -0.9941, -1.0000, 0.6734, 1.0000, -0.0043|2240|0.8086, -0.6745, -0.9224, -0.9941, -1.0000, 0.6734, 0.8047, 0.0928|894.0
12|0.8086, -1.0000, -0.9087, -0.9941, -1.0000, 0.6734, 1.0000, -0.0043|1580|0.7019, -0.7937, -0.8773, -0.9547, -0.8853, 0.6467, 0.4357, 0.0201|658.0
13|0.8086, -1.0000, -0.9087, -0.9941, -1.0000, 0.6734, 1.0000, -0.0043|2660|0.8086, -1.0000, -0.9087, -0.9941, -0.9769, 0.5789, 0.5832, -0.0043|932.0
14|0.6221, -1.0000, -0.6992, -0.7649, -0.7694, 0.5181, 0.7694, -0.0033|1820|0.7505, -0.9512, -0.7718, -0.9718, -0.8589, 0.5875, 0.1880, -0.0040|642.0
15|0.8086, -1.0000, -0.9087, -0.9941, -1.0000, 0.6734, 1.0000, -0.0043|3160|0.6998, -0.9116, -0.8079, -0.7304, -0.8279, 0.5600, 0.3977, -0.0038|879.0
16|0.6221, -1.0000, -0.9087, -0.9941, -0.7694, 0.5181, -0.8767, -0.0043|2840|0.7713, -1.0000, -0.8983, -0.8874, -0.9308, 0.6423, 0.3245, -0.0041|837.0
17|0.6221, -1.0000, -0.9087, -0.9941, -0.7694, 0.5181, 0.7694, -0.0033|2540|0.7603, -0.9864, -0.8859, -0.6636, -0.9056, 0.6332, 0.5582, -0.0040|879.0
18|0.8086, -1.0000, -0.9087, -0.9941, -1.0000, 0.5181, 0.0062, -0.0033|2380|0.7789, -0.9864, -0.8859, -0.8594, -0.9172, 0.6487, 0.6384, -0.0037|987.0
19|0.8086, -1.0000, -0.6992, -0.7649, -0.5384, 0.6734, 1.0000, -0.0043|3580|0.7866, -1.0000, -0.8878, -0.9597, -0.9192, 0.6501, 0.5514, -0.0037|1153.0
20|0.8086, -1.0000, -0.9087, -0.9941, -0.7694, 0.5181, -0.0022, -0.0033|2140|0.7827, -0.9816, -0.7075, -0.9026, -0.8695, 0.6162, 0.4225, -0.0035|803.0
21|0.8086, -1.0000, -0.9087, -0.9941, -0.7694, 0.6734, 0.5468, -0.0033|2240|0.7632, -0.8844, -0.7839, -0.7924, -0.7000, 0.6118, 0.4744, -0.0034|909.0
22|0.8086, -1.0000, -0.9087, -0.9941, 0.3271, 0.5181, -0.0022, -0.0033|3340|0.7976, -1.0000, -0.9087, -0.8540, -0.8096, 0.6490, 0.4285, -0.0034|823.0
23|0.8086, -1.0000, -0.9087, -0.9941, -1.0000, 0.6621, 0.5468, -0.0033|1960|0.7589, -0.9477, -0.8529, -0.9330, -0.6784, 0.6206, 0.4429, -0.0031|846.0
24|0.8086, -1.0000, -0.9087, -0.9941, -0.7694, -0.5089, -0.4256, -0.0033|2420|0.7867, -0.9866, -0.8841, -0.9672, -0.9286, 0.5349, 0.2721, -0.0033|1108.0
25|0.8086, -1.0000, -0.9087, -0.9941, -1.0000, 0.6734, 0.5468, -0.0033|3520|0.7925, -0.9882, -0.9091, -0.9743, -0.8903, 0.4201, 0.1960, -0.0032|1077.0
26|0.8086, -1.0000, -0.9087, -0.9941, -0.7694, 0.4521, 0.3733, -0.0063|4140|0.6769, -0.7694, -0.8035, -0.9433, -0.8348, 0.4129, 0.1644, -0.0033|1177.0
27|0.8086, -0.6828, -0.9087, -0.9941, -0.9140, 0.4521, 0.3733, -0.0021|1920|0.6966, -0.8054, -0.8726, -0.9707, -0.7821, 0.3773, 0.1827, -0.0034|826.0
28|0.8086, -0.6828, -0.6205, -1.0000, -0.6204, 0.4521, 0.3733, -0.0021|3500|0.7143, -0.7652, -0.8376, -0.9644, -0.6113, 0.4229, 0.3351, -0.0029|1030.0
29|0.8086, -1.0000, -0.9087, -0.9941, -0.7694, 0.4521, 0.3733, -0.0063|3820|0.6828, -0.6904, -0.7687, -0.8891, -0.5271, 0.3943, 0.3515, -0.0030|1234.0
30|0.8086, -0.6828, -0.9087, -1.0000, -0.6204, 0.4521, 0.3733, -0.0021|3360|0.7459, -0.7477, -0.8210, -0.9624, -0.5004, 0.4049, 0.3655, -0.0022|1274.0
31|0.8086, -1.0000, -0.9087, -0.9941, -0.7694, 0.4521, 0.3733, -0.0063|2140|0.7459, -0.7522, -0.6020, -0.9698, -0.4783, 0.4631, 0.3879, -0.0020|939.0
32|0.8086, -0.6828, -0.6205, -0.9941, -0.6204, 0.4521, 0.3733, -0.0021|2920|0.7900, -0.8180, -0.8346, -0.9721, -0.7326, 0.3140, 0.3992, -0.0029|1282.0
