1|1.0000, 0.8626, -0.9609, -0.4443, 0.0830, 0.0019, 0.6337, -0.1264|620|0.0331, 0.0901, -0.0211, 0.1075, -0.1390, -0.1091, 0.2453, 0.0982|28.4
2|1.0000, 0.8626, -0.9609, -0.4443, 0.0830, 0.0019, 0.6337, -0.1264|600|0.0665, 0.0654, -0.0394, -0.0046, -0.1121, -0.1151, 0.2707, 0.1234|53.2
3|-0.2411, 0.1147, -0.9746, -0.4507, 0.0842, -0.3007, 0.6427, 1.0000|440|0.2453, 0.1602, -0.0283, -0.1012, -0.0225, -0.1450, 0.3148, 0.1585|48.8
4|0.1181, -0.2241, -0.7541, -0.2539, -0.7440, -0.2953, 0.8057, -1.0000|720|0.2316, 0.0540, -0.0410, -0.2341, -0.0470, -0.1988, 0.3005, 0.0024|98.8
5|-0.1984, -1.0000, -0.8133, -0.8345, 0.0160, 0.0016, 0.5363, 0.8345|2080|0.1103, 0.0524, -0.3670, -0.5240, -0.1386, -0.0883, 0.4094, 0.0718|181.6
6|1.0000, -0.3967, -0.9609, -0.4443, 0.0830, 0.0007, 0.6337, 0.9859|1660|0.1671, -0.0219, -0.5308, -0.4711, -0.2077, -0.0297, 0.3268, 0.0563|259.2
7|1.0000, -0.4016, -0.9609, -0.3669, -0.7430, 0.0019, 0.6337, -1.0000|2260|0.3832, 0.0036, -0.5644, -0.5382, -0.1908, 0.0264, 0.2999, 0.0064|375.2
8|1.0000, -0.3967, -0.9609, -1.0000, 0.0830, 0.3602, 0.6337, 0.9859|1500|0.5775, 0.0205, -0.7354, -0.5088, -0.2372, 0.0114, 0.3094, 0.0641|405.6
9|0.4693, 0.1306, -0.9609, -0.4507, 0.0842, -0.3007, 0.6337, -1.0000|2660|0.5372, -0.0414, -0.6247, -0.5180, -0.2181, -0.0096, 0.2588, -0.0063|474.0
10|0.0873, -0.3967, -0.9609, -1.0000, 0.1164, 0.3602, 0.6337, 0.9859|2180|0.5124, -0.0408, -0.6289, -0.6233, -0.3491, 0.0182, 0.2816, 0.1308|419.2
11|1.0000, -0.3967, -0.0762, -0.4443, -0.7430, 0.0019, -0.5304, -0.1264|1580|0.4926, -0.0832, -0.6211, -0.6026, -0.3842, -0.0012, 0.2515, 0.0606|401.6
12|0.6022, 0.1306, -0.9609, -0.5911, -0.7440, 0.0009, -0.3958, 0.0916|2400|0.5617, -0.1520, -0.5671, -0.5982, -0.3844, -0.0330, 0.1064, -0.0185|527.2
13|0.0873, -0.3967, -0.9609, -1.0000, 0.1164, 0.3602, 0.6337, 0.1139|2240|0.6289, -0.2667, -0.6508, -0.6759, -0.4151, 0.0164, 0.1320, -0.2120|624.0
14|0.6012, -0.3967, -0.9609, -1.0000, 0.1164, 0.4776, 0.6337, 0.1340|3300|0.6592, -0.2856, -0.6867, -0.7022, -0.4410, 0.0049, 0.1272, -0.2705|553.2
15|1.0000, -0.5261, -0.9609, -0.8647, -0.5194, -0.3007, 0.6337, 0.6662|2020|0.7364, -0.3102, -0.7319, -0.7098, -0.5610, -0.0817, 0.1629, -0.3062|588.4
16|0.6012, -0.3967, -0.9609, -1.0000, -1.0000, -0.2953, 0.8057, 0.1340|3260|0.8120, -0.2907, -0.7858, -0.6807, -0.5673, -0.0931, 0.0958, -0.3137|742.0
17|1.0000, -0.5261, -0.9609, -0.8647, -0.7430, -0.0022, 0.6337, -0.1504|3600|0.7585, -0.3743, -0.8710, -0.7953, -0.5620, -0.0899, 0.1249, -0.3084|792.8
18|0.6012, -0.3967, -0.9609, -1.0000, -1.0000, 0.0012, 0.8057, 0.1183|1740|0.7455, -0.3915, -0.8721, -0.8160, -0.5065, -0.0342, 0.2204, -0.3033|752.8
19|1.0000, -0.5261, -0.9609, -0.8647, 0.9015, -0.3007, 0.4197, -0.1504|2560|0.7877, -0.4010, -0.8892, -0.8175, -0.4153, -0.0080, 0.1828, -0.2920|886.4
20|0.6022, -0.5261, -0.9609, -1.0000, -1.0000, -0.0022, 0.3740, -0.6920|2080|0.8385, -0.4099, -0.9274, -0.8174, -0.2856, -0.0263, 0.1673, -0.3700|697.2
21|0.6012, -0.5261, -0.9609, -1.0000, -0.5918, 0.5266, 0.4162, 0.1340|2500|0.7952, -0.3611, -0.9305, -0.8137, -0.3671, -0.0700, 0.1097, -0.4319|816.4
22|0.6022, -0.5261, -0.9609, -1.0000, -0.7430, -0.3007, 0.8057, -0.1504|1680|0.8099, -0.2853, -0.8679, -0.8367, -0.3334, -0.0719, 0.1943, -0.3439|702.4
23|0.6012, -0.5261, -0.9609, -1.0000, 0.0830, 0.1312, 0.6337, -0.1504|2840|0.8276, -0.3115, -0.8911, -0.8387, -0.3155, -0.0140, 0.2837, -0.3312|807.2
24|0.6012, -0.5261, -0.9609, -0.8647, 0.0830, 0.1312, 0.6337, -0.6920|4320|0.7682, -0.4121, -0.9263, -0.8712, -0.2818, 0.0761, 0.4114, -0.2588|956.0
25|1.0000, -0.5261, -0.9609, -1.0000, -0.1661, 0.5266, 0.4162, 0.1340|3060|0.7354, -0.4242, -0.9093, -0.8874, -0.1518, 0.0957, 0.4449, -0.1820|818.4
26|0.6022, -0.5261, -0.9609, -0.4535, -0.0871, -0.1577, 0.3829, -0.3629|3200|0.7599, -0.4704, -0.9164, -0.8860, -0.1903, 0.1938, 0.4411, -0.2198|831.2
27|1.0000, -0.3967, -0.9609, -0.8647, -0.0906, -0.3007, 0.6337, -0.3777|3120|0.7832, -0.4617, -0.9305, -0.8918, -0.1584, 0.1762, 0.4575, -0.2297|935.2
28|1.0000, -0.5261, -0.9609, -1.0000, -0.1661, 0.5266, 0.4162, 0.1340|2780|0.7998, -0.4772, -0.9323, -0.8547, -0.1160, 0.1595, 0.4848, -0.2250|924.4
29|1.0000, -0.5261, -0.9609, -1.0000, 0.0830, 0.1473, 0.4197, -0.1504|3240|0.7942, -0.4538, -0.8572, -0.8935, -0.1229, 0.0971, 0.5064, -0.2654|1004.4
30|1.0000, -0.5261, -0.7760, -1.0000, 0.0830, -0.0998, 0.3020, -0.1504|3780|0.8012, -0.4468, -0.9631, -0.8839, -0.1158, 0.0440, 0.5323, -0.2142|1057.2
31|1.0000, -0.3967, -1.0000, -0.8819, -0.1661, -0.1236, 0.6337, -0.1504|4980|0.8324, -0.4024, -0.9647, -0.9067, -0.1252, 0.0257, 0.5463, -0.1797|899.6
32|1.0000, -0.3967, -0.9609, -0.8819, -0.0906, -0.3215, 0.6337, 0.1340|3060|0.8686, -0.4123, -0.9645, -0.8487, -0.1187, 0.0670, 0.4830, -0.2294|724.8
