1|0.9438, -0.7084, -0.5468, -0.6441, -1.0000, 0.6113, -0.2775, -0.8716|1960|0.0345, -0.0673, -0.1252, -0.1840, -0.0313, 0.0303, 0.0651, 0.0583|118.2
2|0.2132, 0.0310, -1.0000, -1.0000, 0.3398, -0.2669, -0.7609, -0.3394|2020|0.0044, -0.1974, -0.3488, -0.3921, -0.1934, -0.0381, -0.0839, -0.0486|238.8
3|0.2742, -0.4164, -1.0000, -0.7131, 0.0666, -0.5278, -0.5427, -0.4009|2060|0.0718, -0.2925, -0.4806, -0.6029, -0.2329, -0.1235, -0.0605, -0.1252|337.8
4|0.8944, -0.6017, -0.9319, -1.0000, 0.4025, -0.6896, -0.9612, 0.4583|2420|0.1344, -0.3775, -0.6415, -0.7477, -0.2487, -0.2273, -0.0879, -0.1385|472.8
5|-1.0000, -0.9848, -0.6449, -1.0000, 0.4953, -0.9094, 0.2013, 0.6670|2820|0.1643, -0.4028, -0.7369, -0.7663, -0.2609, -0.2631, -0.0252, -0.2398|562.6
6|0.9438, -0.7645, -0.6449, -1.0000, -0.3249, 0.1856, -0.2775, -0.8716|3480|0.1826, -0.4041, -0.7672, -0.7761, -0.3784, -0.3023, 0.0303, -0.1328|650.6
7|0.9107, -0.6187, -1.0000, -1.0000, -0.0616, -0.1762, -0.5089, -0.3394|2280|0.2302, -0.4713, -0.7493, -0.6805, -0.4346, -0.2724, 0.0973, -0.0919|544.8
8|0.8546, -0.7645, -0.3245, -0.6441, -0.5935, -0.2669, -0.1647, 0.4583|3540|0.2188, -0.4981, -0.7286, -0.8179, -0.5020, -0.3468, 0.1123, -0.0296|650.0
9|0.0014, -0.7645, -0.7315, -1.0000, 0.4386, -0.0403, 1.0000, 0.1804|2360|0.2788, -0.5891, -0.6553, -0.8731, -0.4961, -0.3091, -0.0238, -0.0188|672.8
10|0.8546, -0.7645, -0.9319, -1.0000, -1.0000, -0.6896, -0.2775, 0.4583|3640|0.2439, -0.6087, -0.6774, -0.8640, -0.4265, -0.3688, -0.0088, -0.0862|710.8
11|0.8546, -0.7645, -0.9319, -1.0000, 0.4386, -0.0403, 1.0000, 0.4583|4160|0.2922, -0.6782, -0.7382, -0.8037, -0.4419, -0.4046, -0.0752, -0.0135|912.0
12|1.0000, -0.8945, -0.3797, -0.7537, -0.6944, 0.1062, -0.2333, 0.6827|3520|0.4165, -0.7115, -0.7496, -0.8321, -0.4724, -0.4157, -0.0841, 0.0021|934.0
13|1.0000, -0.7645, -0.3797, -0.7717, -0.6944, -0.6896, 0.2456, 0.2760|2340|0.3859, -0.6895, -0.7095, -0.7558, -0.5413, -0.3771, -0.0751, -0.0159|832.0
14|0.0416, -0.7645, -0.9319, -1.0000, -0.0616, -0.6896, -0.2775, -0.3394|2320|0.5031, -0.7180, -0.7399, -0.8100, -0.5519, -0.3709, -0.2117, 0.0481|824.6
15|1.0000, -0.8945, -0.3797, -0.7537, -0.8621, -0.1673, -0.3499, 0.3474|2860|0.5973, -0.7398, -0.7668, -0.8073, -0.5067, -0.3467, -0.2174, 0.0872|921.6
16|0.9772, -0.8203, -1.0000, -0.6912, -0.0661, 0.2817, -0.2977, -0.9353|3420|0.5841, -0.7410, -0.7812, -0.8003, -0.4905, -0.3550, -0.2803, 0.0963|940.6
17|0.1882, -0.7645, -0.9319, -1.0000, 0.4386, -0.6896, -0.2550, 0.4583|2740|0.5620, -0.7422, -0.7614, -0.7468, -0.3975, -0.3210, -0.3107, 0.0694|873.6
18|0.9438, -0.7645, -1.0000, -1.0000, 0.4386, -0.0245, -0.2775, 0.2836|3960|0.6520, -0.7528, -0.7680, -0.8090, -0.5328, -0.3095, -0.3538, 0.1499|1073.0
19|1.0000, -0.7215, -0.8527, -0.7113, -0.0582, -0.1673, -0.4146, 0.6827|3260|0.6463, -0.7277, -0.8017, -0.8332, -0.5927, -0.3160, -0.3576, 0.1563|929.2
20|0.4445, -1.0000, -0.4847, -0.3350, 0.2281, -0.0210, -0.2647, 0.1436|5700|0.6011, -0.7528, -0.7980, -0.8214, -0.5852, -0.3033, -0.3054, 0.1370|1025.4
21|0.4445, -0.8945, -0.4847, -0.3350, 0.2281, -0.0210, 0.4645, 0.1436|10320|0.5550, -0.7746, -0.8144, -0.7917, -0.4875, -0.2750, -0.2520, 0.2084|1233.2
22|0.4445, -1.0000, -0.4847, -0.3350, 0.2281, -0.0210, -0.2647, 0.1436|7100|0.5560, -0.7973, -0.8133, -0.7667, -0.4503, -0.2450, -0.2646, 0.2049|1159.0
23|0.9438, -1.0000, -1.0000, -0.9860, -0.0616, -0.2669, -0.1756, 0.4583|3740|0.6041, -0.7522, -0.8486, -0.7857, -0.4817, -0.2222, -0.3033, 0.1890|902.2
24|0.8546, -0.8945, -0.9368, -1.0000, 0.4386, -0.0245, 0.0472, -0.2316|7160|0.5465, -0.7491, -0.7882, -0.7184, -0.4788, -0.2302, -0.2321, 0.1618|926.0
25|0.9438, -1.0000, -0.3797, -0.6441, -0.9084, 0.0414, 0.0472, 0.4583|4940|0.6699, -0.7345, -0.8233, -0.7279, -0.4612, -0.1503, -0.2320, 0.1386|1139.4
26|0.8546, -1.0000, -0.9319, -0.6441, -0.2852, 0.0414, -0.5089, 0.4583|6280|0.6116, -0.7987, -0.8320, -0.7909, -0.5308, -0.1602, -0.1959, 0.2083|960.6
27|0.4445, -0.8945, -0.8076, -1.0000, -0.0616, -0.1762, -0.2775, 0.4348|6680|0.7262, -0.8302, -0.8447, -0.7925, -0.4583, -0.1397, -0.1916, 0.1993|1232.2
28|0.9438, -0.8100, -0.8076, -0.6441, -1.0000, -0.0170, -0.0446, 0.3725|5260|0.7707, -0.8387, -0.7719, -0.8027, -0.5166, -0.1471, -0.1405, 0.2058|1400.6
29|0.6946, -1.0000, -1.0000, -0.8014, -0.2852, 0.1983, -0.1300, 0.4583|5340|0.7321, -0.8451, -0.7954, -0.7305, -0.6259, -0.1857, -0.1411, 0.2535|1319.4
30|1.0000, -1.0000, -0.3797, -0.4396, -0.2852, -0.1762, -0.1300, 0.3392|6260|0.7350, -0.8738, -0.8460, -0.7555, -0.6318, -0.2377, -0.1425, 0.2329|1371.4
31|0.4445, -1.0000, -0.9319, -0.6441, -0.2852, -0.0199, 0.0616, 0.4583|8300|0.7919, -0.7381, -0.8557, -0.7939, -0.5524, -0.2969, -0.1403, 0.2291|1376.4
32|0.8546, -0.8945, -1.0000, -0.5818, -0.2852, -0.1762, -0.1756, 0.4583|7520|0.7707, -0.8457, -0.8506, -0.7601, -0.5099, -0.2222, -0.1124, 0.2522|1451.8
