1|-0.2168, -0.7511, -0.8500, -0.8088, -0.2677, 1.0000, -0.2443, 0.0545|1460|-0.0684, -0.0171, -0.1487, -0.0974, -0.0647, 0.0270, -0.1149, 0.0842|113.2
2|0.8167, -0.8208, -1.0000, -0.2329, -0.0174, 0.0792, 0.3563, -0.3491|11540|0.0409, -0.1400, -0.2207, -0.1937, -0.1063, -0.0294, -0.0760, -0.1351|274.6
3|0.8167, -0.8208, -1.0000, -0.2329, -0.0174, 0.0792, 0.3563, -0.3491|3820|0.0878, -0.0804, -0.3578, -0.3714, -0.3043, -0.0760, -0.1996, -0.1556|234.0
4|0.6480, -1.0000, -0.6996, -0.3571, -0.7814, -0.8243, 0.1044, -0.1953|1920|0.1362, -0.1669, -0.4793, -0.5516, -0.4701, -0.1162, -0.2776, -0.2347|294.6
5|0.8167, -0.8208, -1.0000, -0.2329, -0.0174, 0.0792, 0.3563, -0.3491|2660|0.1986, -0.2307, -0.5264, -0.6094, -0.6000, -0.1819, -0.3411, -0.3268|382.0
6|-0.2764, -0.8208, -0.6996, -0.2329, -0.7814, -0.9624, -0.7458, -0.9698|2060|0.3363, -0.2240, -0.5554, -0.5916, -0.5964, -0.2157, -0.3942, -0.3436|481.2
7|0.6480, -1.0000, -0.6996, -0.3571, -0.7814, -0.8243, -0.0871, -0.1953|4780|0.3244, -0.3127, -0.5340, -0.5505, -0.6688, -0.2692, -0.3439, -0.3832|596.2
8|0.0762, -1.0000, -0.4935, -0.5782, -0.7814, -0.3157, -0.0871, -0.1953|9980|0.4303, -0.4329, -0.5422, -0.5531, -0.6981, -0.3308, -0.3280, -0.3468|841.8
9|0.8287, -0.8208, -0.8500, -0.6727, -0.9565, 0.0792, -0.3372, 0.3712|5820|0.4724, -0.5824, -0.5828, -0.5831, -0.7333, -0.3404, -0.2529, -0.2908|1052.0
10|0.6480, -1.0000, -0.4935, -0.3571, -0.3603, 0.1543, -0.3372, 0.3712|3640|0.5928, -0.7017, -0.6003, -0.4976, -0.5790, -0.2707, -0.1597, -0.2387|933.8
11|1.0000, -0.8208, -0.3613, -0.6727, -0.3603, 0.0792, -0.3372, 0.3712|4320|0.5726, -0.7950, -0.5776, -0.5114, -0.6844, -0.1803, -0.2340, -0.2203|1106.0
12|0.8287, -0.8208, -0.5049, -0.6727, -0.3603, 0.0792, -0.3372, 0.3712|4780|0.6631, -0.7992, -0.5855, -0.5258, -0.7123, -0.2424, -0.2243, -0.1547|1184.2
13|0.6480, -1.0000, -0.6996, -0.3571, -0.7814, -0.7481, -0.0871, 0.1316|3480|0.6701, -0.8320, -0.5817, -0.5420, -0.7072, -0.2931, -0.1822, -0.0790|1214.0
14|0.3374, -1.0000, -0.4540, -0.3011, 0.2005, -0.0305, -0.0023, 0.0223|9960|0.6182, -0.8824, -0.5722, -0.5374, -0.6317, -0.2423, -0.1416, -0.0588|1331.2
15|0.3374, -1.0000, -0.4540, -0.3011, 0.2005, -0.0305, -0.0023, 0.0223|9180|0.6001, -0.9260, -0.5631, -0.4809, -0.6100, -0.2308, -0.1263, -0.0732|1670.0
16|0.3374, -1.0000, -0.4540, -0.3011, 0.2005, -0.0305, -0.0023, 0.0223|7560|0.6369, -0.9378, -0.5525, -0.4360, -0.5422, -0.1973, -0.1114, -0.0290|1428.6
17|0.3374, -1.0000, -0.4540, -0.3011, 0.2005, -0.0305, -0.0023, 0.0223|12760|0.6206, -0.9271, -0.5453, -0.4203, -0.4817, -0.2430, -0.1082, 0.0094|1816.6
18|0.8287, -1.0000, -0.3613, -0.3011, -0.7814, -0.0496, -0.0871, 0.0545|9600|0.5887, -0.9535, -0.5409, -0.4040, -0.4691, -0.1793, -0.0727, 0.1131|1690.8
19|0.8287, -1.0000, -0.5049, -0.3571, 0.3850, -0.1167, -0.0871, 0.0545|8960|0.5666, -0.9039, -0.5288, -0.3726, -0.4297, -0.1741, -0.1030, 0.1235|1759.0
20|0.4112, -1.0000, -0.4439, -0.2266, -0.4959, -0.0238, -0.2140, 0.2355|10140|0.6317, -0.9078, -0.5326, -0.3701, -0.4613, -0.1221, -0.0441, 0.0830|2198.2
21|0.4112, -1.0000, -0.3121, -0.3571, -0.4959, -0.0238, -0.2140, 0.3680|7160|0.6134, -0.9313, -0.5139, -0.3880, -0.4871, -0.1218, -0.0680, 0.0824|2015.6
22|0.8287, -1.0000, -0.4935, -0.6727, 0.2005, -0.0305, 0.2793, 0.3712|11540|0.6053, -0.9462, -0.4695, -0.3777, -0.4202, -0.1402, -0.0688, 0.0886|1892.4
23|0.8287, -1.0000, -0.3121, -0.3571, 0.2005, -0.0305, 0.2793, 0.3680|12900|0.6109, -0.9639, -0.4590, -0.3521, -0.3826, -0.1172, -0.0857, 0.0896|2292.8
24|0.6480, -1.0000, -0.4439, -0.1668, -0.2245, 0.0298, -0.0871, 0.0223|8800|0.6275, -0.9660, -0.4430, -0.3761, -0.3971, -0.0876, -0.0832, 0.0828|2266.6
25|0.5443, -1.0000, -0.2982, -0.1530, 0.1317, -0.0097, -0.0572, -0.1283|13480|0.6343, -0.9544, -0.4323, -0.3445, -0.3141, -0.0697, -0.0553, 0.0745|2486.6
26|0.8287, -1.0000, -0.4935, -0.6727, 0.1317, -0.0097, 0.2793, -0.1283|10680|0.6459, -0.9692, -0.4269, -0.3693, -0.3107, -0.0885, -0.0745, 0.0667|2434.2
27|0.8287, -1.0000, -0.5049, -0.2329, -0.2245, -0.1167, -0.0871, 0.2355|12980|0.6715, -0.9896, -0.4186, -0.3765, -0.3222, -0.0697, -0.0629, 0.0383|2980.8
28|0.9322, -1.0000, -0.4540, -0.5083, 0.2005, -0.0113, -0.0871, 0.3712|10720|0.6823, -0.8821, -0.4135, -0.3607, -0.3134, -0.0679, -0.0672, 0.0444|2518.6
29|0.8287, -1.0000, -0.4540, -0.5083, 0.2005, -0.0312, -0.1160, 0.3701|7360|0.7031, -0.9715, -0.4410, -0.3859, -0.3220, -0.0651, -0.0753, 0.0200|2244.8
30|0.8287, -1.0000, -0.4393, -0.2266, -0.4959, -0.0095, -0.0506, -0.1953|14600|0.6813, -0.9874, -0.4490, -0.3801, -0.3557, -0.0537, -0.0803, 0.0220|2523.8
31|0.8287, -1.0000, -0.3121, -0.3011, -0.4039, -0.0894, -0.2140, 0.3680|11880|0.7429, -0.9061, -0.3950, -0.3601, -0.3494, -0.0588, -0.1013, 0.0206|2640.4
32|0.8287, -1.0000, -0.4540, -0.5083, 0.2005, -0.0312, -0.1160, 0.3701|13260|0.6834, -0.9569, -0.3957, -0.3253, -0.3563, -0.0476, -0.1159, 0.0852|3059.0
