1|0.4570, -0.0923, -0.8677, -0.9604, 0.7183, 0.7074, 0.7223, 1.0000|1240|-0.0175, -0.0100, -0.0631, -0.2457, 0.0282, -0.2034, 0.0866, 0.0145|86.2
2|-0.5749, -1.0000, -0.3023, -0.8361, 0.0420, -0.6642, 0.7180, 0.3868|800|0.0515, 0.1093, -0.1443, -0.4594, 0.0059, -0.2652, 0.2716, 0.0361|136.4
3|0.9864, 0.3457, -0.6805, -0.9682, -0.1449, 0.0402, 0.5243, 1.0000|1580|0.1193, -0.0295, -0.1844, -0.4909, -0.0935, -0.2433, 0.2114, 0.1121|218.0
4|-0.7431, -0.8704, -1.0000, -0.9682, -0.1449, -0.7721, 0.2140, 1.0000|1420|0.2150, -0.0844, -0.3311, -0.6922, -0.1849, -0.2764, 0.2486, 0.2294|244.4
5|-0.2533, -0.3620, -1.0000, -0.6333, -0.7409, -0.2292, 0.5332, 0.2230|1560|0.1439, -0.2986, -0.4685, -0.8355, -0.2137, 0.0616, 0.2914, 0.2177|346.4
6|0.3589, -0.3620, -0.6805, -0.6333, -0.1449, -0.2292, 0.5332, 0.2230|2200|0.1138, -0.3901, -0.5825, -0.8037, -0.2965, -0.0541, 0.0983, 0.1891|498.4
7|0.9546, -0.7849, -0.6805, -0.9682, -0.1449, 0.0402, 0.5243, 1.0000|4180|0.0939, -0.3929, -0.6389, -0.7839, -0.3381, -0.0412, 0.0546, 0.1749|459.2
8|0.3589, -0.3620, -0.6805, -0.6333, -0.1449, -0.2292, 0.5332, 0.2230|2720|0.1103, -0.3803, -0.6676, -0.7162, -0.3965, -0.0987, 0.0613, 0.1589|550.0
9|1.0000, -0.7849, -1.0000, -0.6263, -0.1600, -0.2292, -0.8312, 0.5514|3860|0.3102, -0.3522, -0.6402, -0.6999, -0.3781, -0.1734, 0.0253, 0.2330|510.8
10|0.2574, 0.3457, -0.6805, -0.9682, -0.1449, 0.0402, -0.4712, 1.0000|2320|0.3482, -0.3012, -0.4912, -0.5223, -0.3637, -0.1856, 0.1368, 0.2773|471.0
11|1.0000, -0.4658, -0.3604, -0.3716, -0.0615, -0.1360, -0.3830, 0.3272|4780|0.4423, -0.2553, -0.6030, -0.6833, -0.3729, -0.1684, 0.0684, 0.1256|670.4
12|0.3552, -0.3620, -1.0000, -0.6333, -0.8412, -0.0579, 0.6054, 0.5514|2340|0.5170, -0.2817, -0.6062, -0.6964, -0.3314, -0.1822, -0.0595, 0.1199|670.8
13|1.0000, -0.9155, -0.3023, -0.3716, -0.1132, 0.0402, -0.3830, 0.3272|7500|0.4474, -0.3688, -0.6130, -0.7050, -0.3667, -0.2465, -0.0680, 0.0862|743.4
14|1.0000, -0.9155, -0.3023, -0.3716, -0.1132, 0.0402, -0.3830, 0.3272|10600|0.3488, -0.4666, -0.6075, -0.5681, -0.2615, -0.1971, -0.0088, 0.0182|986.8
15|1.0000, -0.9155, -0.3023, -0.3716, -0.0979, 0.0402, -0.3830, 0.3272|6600|0.5447, -0.4396, -0.5732, -0.6283, -0.2821, -0.2127, -0.0925, 0.1009|919.6
16|1.0000, -0.7610, -0.3604, -0.3716, -0.2025, -0.1360, -0.3830, 0.3272|7420|0.5514, -0.4374, -0.6346, -0.6125, -0.3301, -0.2377, -0.0948, -0.0009|1110.8
17|1.0000, -0.6176, -0.2925, -0.3016, -0.1644, -0.1104, -0.3108, 0.2655|7280|0.6641, -0.5185, -0.5378, -0.5335, -0.2163, -0.2326, -0.1366, -0.0124|1442.4
18|1.0000, -0.7610, -0.3604, -0.3716, -0.2025, -0.1360, -0.3830, 0.3272|12660|0.6911, -0.5895, -0.4741, -0.5493, -0.1620, -0.1051, -0.2245, 0.0851|1362.4
19|1.0000, -0.7610, -0.3604, -0.3716, -0.1644, -0.1360, -0.3108, 0.1543|7780|0.9110, -0.5512, -0.3862, -0.5192, -0.2048, -0.0634, -0.2834, 0.0277|1451.0
20|1.0000, -0.6176, -0.2925, -0.3716, -0.1644, -0.1360, -0.3108, 0.1543|6580|0.9715, -0.6142, -0.3488, -0.4598, -0.1817, -0.0561, -0.3144, 0.1134|1727.6
21|1.0000, -0.9155, -0.3604, -0.3716, -0.1789, -0.1360, -0.3830, 0.3272|11380|0.9388, -0.5524, -0.3473, -0.4239, -0.1825, -0.0544, -0.3187, 0.1245|1984.8
22|1.0000, -0.7610, -0.2925, -0.3716, -0.3575, 0.0855, -0.3108, 0.1543|11280|0.9406, -0.6687, -0.3355, -0.4359, -0.1874, -0.0632, -0.3224, 0.1081|2441.0
23|1.0000, -0.7610, -0.3604, -0.3716, -0.2025, -0.1360, 0.0524, 0.1543|11820|1.0000, -0.6974, -0.3324, -0.4020, -0.1892, -0.0673, -0.2633, 0.1311|2356.8
24|1.0000, -0.7610, -0.3604, -0.3716, -0.2025, -0.1360, 0.0524, 0.1543|11540|0.9976, -0.7440, -0.3291, -0.3940, -0.1696, -0.0729, -0.2256, 0.1664|3047.6
25|1.0000, -0.7610, -0.3604, -0.3716, -0.2025, 0.0402, 0.0524, 0.1543|8620|0.9844, -0.6566, -0.3032, -0.3671, -0.1849, -0.0958, -0.1611, 0.1407|2143.0
26|1.0000, -0.9155, -0.2925, -0.3716, -0.1789, -0.0091, -0.3108, 0.3272|23420|0.8404, -0.7553, -0.3186, -0.4028, -0.1771, -0.0771, -0.1932, 0.1321|2493.0
27|1.0000, -0.9155, -0.2925, -0.2156, -0.1789, 0.0402, -0.3108, -0.1230|11520|0.9165, -0.8341, -0.3183, -0.3870, -0.2045, -0.0823, -0.1788, 0.1399|2878.4
28|1.0000, -0.9155, -0.2925, -0.3716, -0.1644, 0.0402, 0.0553, 0.1434|21320|0.9080, -0.8008, -0.3226, -0.3717, -0.1928, -0.0759, -0.1976, 0.1202|3810.6
29|1.0000, -0.9155, -0.2326, -0.2156, -0.2025, -0.0091, -0.1092, 0.1543|15420|0.9416, -0.8242, -0.3035, -0.3678, -0.1597, -0.0724, -0.1570, 0.1271|3488.8
30|1.0000, -0.9155, -0.3075, -0.3716, -0.2025, -0.0536, -0.1092, 0.1543|13020|0.9423, -0.7060, -0.3128, -0.3622, -0.1657, -0.0758, -0.0458, 0.1245|3015.4
31|1.0000, -0.9155, -0.3604, -0.3716, -0.2025, -0.1360, -0.0640, 0.1434|14500|0.8880, -0.8052, -0.2693, -0.3825, -0.1666, -0.0721, -0.0453, 0.1126|2825.6
32|1.0000, -0.9155, -0.3075, -0.3716, -0.2025, -0.0536, -0.1092, 0.1543|11000|0.8704, -0.8130, -0.2871, -0.3795, -0.1772, -0.0848, -0.0399, 0.1164|3190.8
