1|-0.1058, -1.0000, -0.4938, -0.9577, -0.4999, -0.0856, -0.3251, -0.6156|1000|-0.0591, -0.1034, 0.0522, -0.2145, -0.0625, -0.0220, 0.0445, -0.1198|97.0
2|1.0000, -0.2872, -1.0000, -0.5520, -0.8931, -0.4118, 0.2401, -0.7471|1020|0.0587, -0.2008, -0.1586, -0.2774, -0.1684, -0.1331, -0.0730, -0.1327|141.0
3|-0.2541, -0.9870, -0.9822, -0.6874, 0.1236, -1.0000, -0.4801, -0.4930|3760|-0.0270, -0.4922, -0.3749, -0.4360, -0.2917, -0.2155, 0.0716, -0.2834|284.6
4|-0.3476, -0.4651, -0.9681, -0.6775, 0.1218, -0.9856, 1.0000, 0.7907|2160|-0.1074, -0.6315, -0.4665, -0.5644, -0.1902, -0.4420, 0.2915, -0.2545|399.8
5|1.0000, -1.0000, -0.4938, -0.7069, -0.8931, -0.8414, -0.1779, -0.1090|2340|0.0146, -0.6702, -0.5174, -0.6256, -0.1665, -0.5303, 0.3447, -0.1642|493.8
6|0.3688, -1.0000, -0.6487, -0.6874, -0.5426, -0.1563, -0.1220, 0.7907|4280|0.0738, -0.7426, -0.4807, -0.6783, -0.1587, -0.4850, 0.2662, -0.2079|584.4
7|1.0000, -0.4374, -0.9635, -0.7053, 0.4170, -0.6196, 1.0000, -0.3758|3280|0.1150, -0.7668, -0.5319, -0.7239, -0.2809, -0.5793, 0.3641, -0.2536|686.0
8|0.1811, -0.4805, -1.0000, -0.9893, -0.6870, -0.1676, 0.3451, -0.3522|3040|0.1873, -0.7729, -0.5800, -0.7413, -0.3693, -0.5443, 0.4340, -0.0877|691.4
9|0.8734, -1.0000, -0.7129, -0.9782, -0.9736, -0.1623, 0.3341, 1.0000|5020|0.3595, -0.8237, -0.6158, -0.7307, -0.3568, -0.6371, 0.3863, -0.0155|784.0
10|0.3688, -1.0000, -0.6487, -0.1519, 0.0897, -0.1563, -0.1220, -0.2667|5440|0.3061, -0.8645, -0.6126, -0.7150, -0.4008, -0.5478, 0.3349, 0.1046|957.0
11|0.5463, -1.0000, -0.0856, -0.3701, 0.1831, 0.0598, -0.0667, -0.3363|3200|0.3356, -0.8742, -0.6829, -0.6905, -0.4401, -0.4581, 0.2872, 0.0249|831.2
12|0.4346, -1.0000, -0.9403, -0.3779, 0.1183, -0.2062, -0.1609, -0.3931|4140|0.5206, -0.8644, -0.6413, -0.6416, -0.4837, -0.4093, 0.2938, -0.0856|1088.2
13|0.6990, -1.0000, -0.4938, -0.4569, -0.6870, -0.0590, 0.2335, -0.3758|6320|0.5711, -0.9044, -0.6196, -0.6245, -0.5180, -0.3750, 0.1552, -0.0569|963.6
14|0.6990, -1.0000, -0.2346, -0.6536, 0.1831, -0.1623, 0.3341, -0.1090|4320|0.5672, -0.9334, -0.5867, -0.5762, -0.5205, -0.3696, 0.1808, -0.0143|1063.2
15|0.5463, -1.0000, -0.4938, -0.7069, 0.1831, 0.0598, -0.0667, -0.3758|3340|0.6774, -0.8612, -0.5429, -0.5470, -0.5042, -0.4081, 0.2141, -0.0313|1240.2
16|1.0000, -1.0000, -0.2346, -0.1519, 0.0897, 0.0598, -0.0667, -0.2980|27440|0.7066, -0.8938, -0.5527, -0.5426, -0.4882, -0.3753, 0.2459, -0.0541|1341.6
17|0.6817, -0.7582, -0.3164, -0.2889, 0.1066, -0.1275, 0.2401, -0.1506|5900|0.7143, -0.9426, -0.5667, -0.5597, -0.5138, -0.3589, 0.1333, -0.0981|1196.4
18|0.8734, -1.0000, -0.7556, -0.9782, 0.1831, -0.1623, -0.1779, 0.1329|4200|0.7036, -0.9300, -0.5342, -0.5874, -0.4231, -0.4026, 0.1265, -0.0085|1098.4
19|0.6817, -1.0000, -0.4938, -0.5608, 0.1066, 0.0598, 0.2401, -0.3363|4360|0.7145, -0.9428, -0.5606, -0.5767, -0.4731, -0.3542, 0.1252, 0.0464|1136.2
20|0.8734, -1.0000, -0.4938, -0.4569, -0.6651, -0.1220, -0.2219, -0.1506|7480|0.7096, -0.9575, -0.5990, -0.5908, -0.4509, -0.4160, 0.0297, 0.0423|1217.6
21|0.8734, -1.0000, -0.3164, -0.1519, 0.1066, -0.8414, -0.1220, -0.1506|5260|0.7211, -0.9588, -0.5211, -0.5292, -0.5240, -0.4167, -0.0082, 0.0715|1256.0
22|0.6990, -1.0000, -0.9681, -0.9782, -0.2076, -0.4590, -0.1082, -0.2211|6120|0.6803, -0.9330, -0.5691, -0.5207, -0.5514, -0.3481, -0.0286, 0.1187|1283.6
23|1.0000, -1.0000, -0.3164, -0.3701, -0.2076, 0.0598, -0.2637, -0.1789|7960|0.6705, -0.9666, -0.5200, -0.5457, -0.5166, -0.3914, 0.0187, 0.0773|1358.0
24|1.0000, -1.0000, -0.6487, -0.6314, -0.9736, 0.0598, -0.0667, -0.1506|3920|0.7030, -1.0000, -0.5233, -0.5339, -0.4675, -0.3485, 0.0094, -0.0015|1420.2
25|0.5463, -1.0000, -0.4938, -0.4569, -0.6651, -0.2456, -0.1220, 0.5733|6800|0.6883, -1.0000, -0.4851, -0.5155, -0.5301, -0.3315, 0.0453, -0.0060|1522.6
26|0.8734, -1.0000, -0.3164, -0.2889, -0.2076, 0.0598, 0.3341, 0.1329|8420|0.7334, -1.0000, -0.4596, -0.4678, -0.4918, -0.2912, 0.0174, 0.0090|1748.2
27|0.8734, -1.0000, -0.2409, -0.4569, -0.2746, 0.0598, 0.4458, -0.1506|7620|0.7160, -0.9979, -0.4485, -0.4851, -0.4984, -0.2353, 0.0174, 0.0040|1864.0
28|0.8734, -1.0000, -0.2409, -0.1156, -0.6651, -0.4590, -0.2219, -0.2980|8460|0.7313, -0.9833, -0.4396, -0.4503, -0.4787, -0.2369, 0.0296, 0.1148|2225.2
29|0.8734, -1.0000, -0.3164, -0.4569, -0.2746, 0.0598, -0.2219, 0.0738|10540|0.7642, -0.9814, -0.3836, -0.3965, -0.4644, -0.2490, -0.0119, 0.1084|2150.2
30|0.5994, -1.0000, -0.6487, -0.4569, -0.2076, 0.0598, -0.2219, 0.4375|7060|0.7499, -1.0000, -0.3787, -0.3697, -0.4719, -0.1326, -0.0496, 0.1245|1963.6
31|0.8734, -1.0000, -0.3164, -0.4569, -0.2746, 0.0598, -0.2219, 0.0738|13440|0.7187, -0.9967, -0.3653, -0.3583, -0.4028, -0.0784, -0.0559, 0.1761|2656.2
32|0.8734, -1.0000, -0.3164, -0.4569, -0.6651, 0.0598, -0.0667, 0.5733|6980|0.6956, -0.9786, -0.3668, -0.3927, -0.3796, -0.0389, -0.0516, 0.1536|2337.6
