1|0.9774, -0.4551, -1.0000, -0.8539, -0.1252, -0.7261, 0.8115, 0.9354|1400|-0.0439, 0.0310, -0.1288, -0.1797, -0.0089, -0.0294, -0.1105, 0.1293|84.0
2|0.6705, -0.7993, -1.0000, -1.0000, -0.1108, 0.0265, 0.8027, 0.7428|3060|0.0890, -0.0438, -0.2288, -0.3658, -0.0901, -0.0850, -0.1619, 0.2779|193.8
3|0.6705, -1.0000, -0.6592, -1.0000, -0.4151, 0.0265, -0.4861, 0.7428|2060|0.1302, 0.0274, -0.3622, -0.4574, -0.1928, -0.2042, -0.1080, 0.3819|252.6
4|0.6705, -1.0000, -0.6592, -1.0000, -0.4151, 0.0265, -0.4861, 0.4838|2980|0.1759, -0.1636, -0.4813, -0.6327, -0.2139, -0.1373, -0.2350, 0.4850|384.2
5|1.0000, -0.7896, -1.0000, -0.6426, -0.1473, 0.5283, -0.2210, 0.2849|4960|0.3038, -0.3563, -0.5129, -0.7291, -0.2679, -0.1541, -0.3782, 0.5030|502.6
6|0.6705, -1.0000, -0.6592, -1.0000, -0.4151, 0.0265, -0.4861, 0.4838|5020|0.4887, -0.4464, -0.5291, -0.8011, -0.2913, -0.0929, -0.4608, 0.5558|754.2
7|1.0000, -0.7896, -1.0000, -0.6426, -0.1473, 0.3733, -0.2210, 0.2849|3380|0.4619, -0.5585, -0.6372, -0.8103, -0.3188, -0.1283, -0.4003, 0.5560|833.6
8|1.0000, -0.7896, -1.0000, -0.6426, -0.1473, -0.4695, -0.2210, 0.2849|4120|0.5373, -0.6040, -0.7472, -0.8097, -0.3136, -0.0921, -0.3797, 0.4975|942.4
9|1.0000, -0.7896, -1.0000, -1.0000, -0.1473, 0.0265, -0.2210, 0.4838|8380|0.6684, -0.6314, -0.8015, -0.7087, -0.3083, -0.0341, -0.3322, 0.4893|968.6
10|0.6705, -1.0000, -1.0000, -1.0000, -0.1473, 0.5283, -0.2210, 0.1214|6020|0.6513, -0.6893, -0.8367, -0.7993, -0.3312, -0.0171, -0.3795, 0.4561|1080.2
11|0.9774, -0.7896, -1.0000, -1.0000, -0.1473, -0.4695, -0.2210, 0.2849|4960|0.7319, -0.7057, -0.8933, -0.7915, -0.3480, -0.0532, -0.3257, 0.4443|1105.4
12|1.0000, -0.7896, -1.0000, -0.6426, -0.1473, 0.0265, -0.2210, 0.4838|3720|0.8307, -0.6817, -0.8486, -0.7693, -0.3678, 0.0129, -0.2381, 0.4055|1441.4
13|1.0000, -0.7896, -1.0000, -0.6426, -0.1473, 0.0265, -0.2210, 0.4838|12100|0.8003, -0.7792, -0.8606, -0.7710, -0.3125, 0.0369, -0.2760, 0.4247|1457.2
14|0.7219, -1.0000, -0.4759, -0.5536, -0.1063, 0.0265, -0.4518, 0.4838|4440|0.8659, -0.8056, -0.8530, -0.7583, -0.3378, 0.0495, -0.2286, 0.4183|1366.2
15|0.6705, -1.0000, -1.0000, -0.7219, -0.1473, 0.0265, -0.2210, 0.2849|6560|0.9082, -0.8604, -0.8336, -0.7197, -0.3552, 0.0492, -0.1888, 0.4430|1558.4
16|1.0000, -0.7896, -0.6592, -0.6426, -0.1473, 0.3733, -0.2210, 0.2849|8340|0.9108, -0.9173, -0.7373, -0.6720, -0.2670, 0.0338, -0.1366, 0.3965|1609.6
17|1.0000, -1.0000, -0.6592, -0.6426, -0.1473, 0.3733, -0.2210, 0.2849|8140|0.9071, -0.9257, -0.7240, -0.7174, -0.2083, 0.1329, -0.1167, 0.3367|2013.4
18|0.9774, -1.0000, -1.0000, -0.5900, -0.2834, 0.3733, -0.2210, 0.2849|6960|0.9191, -0.9235, -0.6922, -0.7123, -0.1966, 0.1669, -0.1516, 0.3305|1498.6
19|1.0000, -1.0000, -0.6592, -0.5900, -0.1473, 0.3733, -0.2210, 0.5440|5960|0.7989, -0.9357, -0.6445, -0.7600, -0.1918, 0.1553, -0.1616, 0.3545|1539.2
20|1.0000, -1.0000, -0.4759, -0.5980, -0.1063, 0.0265, -0.2210, 0.2849|9560|0.8773, -0.9056, -0.6604, -0.7169, -0.2031, 0.1543, -0.1613, 0.2981|1946.2
21|1.0000, -1.0000, -0.4759, -0.5900, -0.0703, 0.0265, -0.2210, 0.4838|11120|0.8531, -0.9454, -0.6784, -0.7407, -0.2125, 0.1098, -0.1638, 0.3442|1905.6
22|1.0000, -1.0000, -0.2585, -0.4316, -0.0897, 0.0265, -0.2210, 0.3249|9700|0.8922, -0.9723, -0.6327, -0.7153, -0.2146, 0.1237, -0.1682, 0.3261|2067.2
23|1.0000, -1.0000, -0.4759, -0.6426, -0.1063, 0.0265, -0.2210, 0.2849|7980|0.9012, -0.8715, -0.6232, -0.7011, -0.1950, 0.0937, -0.1648, 0.3465|1944.0
24|1.0000, -1.0000, -0.2585, -0.4316, -0.0897, 0.3733, -0.1485, 0.3249|8780|0.8746, -0.9568, -0.5881, -0.6788, -0.1814, 0.1001, -0.1830, 0.3240|1980.6
25|1.0000, -1.0000, -0.3848, -0.5900, -0.5289, 0.0265, -0.2210, 0.4838|7400|0.8772, -0.9219, -0.5943, -0.6537, -0.1822, 0.0689, -0.1508, 0.3636|2005.0
26|0.5755, -1.0000, -0.2739, -0.4155, -0.0612, -0.0439, -0.0918, 0.0964|10040|0.8667, -0.9426, -0.5732, -0.6091, -0.1384, 0.0952, -0.1077, 0.3735|2689.6
27|1.0000, -1.0000, -0.2585, -0.4316, -0.0897, 0.0265, -0.2475, 0.4838|14400|0.8169, -0.9383, -0.4484, -0.5733, -0.1365, 0.0656, -0.0549, 0.3788|2506.0
28|1.0000, -1.0000, -0.7490, -0.5900, -0.0897, 0.0265, -0.1485, 0.3249|13800|0.8176, -0.9823, -0.4370, -0.5352, -0.1284, 0.0438, -0.0513, 0.3074|2437.0
29|1.0000, -1.0000, -0.3848, -0.5642, -0.0897, 0.0265, -0.2210, 0.2849|12380|0.9153, -0.9215, -0.4309, -0.5568, -0.1419, 0.0279, -0.0707, 0.3229|2463.0
30|1.0000, -1.0000, -0.2389, -0.4316, -0.0897, 0.0265, -0.1754, 0.2849|23440|0.9582, -0.9604, -0.4271, -0.5563, -0.1354, 0.0360, -0.0782, 0.3115|3069.6
31|1.0000, -1.0000, -0.1205, -0.4316, -0.2834, 0.0265, -0.2210, 0.5440|16540|0.9086, -0.9829, -0.3633, -0.5498, -0.1426, 0.0193, -0.1125, 0.2807|3479.6
32|1.0000, -1.0000, -0.5379, -0.5900, -0.1473, 0.0265, 0.2727, 0.2849|14980|0.9149, -0.9723, -0.3665, -0.5407, -0.1407, 0.0314, -0.0891, 0.3089|3335.0
