1|-0.3255, -0.6122, -0.8399, -0.2496, 0.2617, -0.3037, 0.2894, 0.0824|1580|-0.0736, 0.2027, -0.1615, -0.1629, -0.0311, 0.0313, 0.0916, 0.0274|108.8
2|0.0361, -0.6122, -0.0267, -0.2496, -0.0165, -0.9179, 0.2894, 0.0824|1240|-0.1016, 0.1802, -0.2678, -0.1536, -0.0029, -0.0443, 0.1576, 0.2104|112.6
3|1.0000, -0.8456, -0.8249, -1.0000, -0.5466, 0.5293, -1.0000, 0.8227|1640|-0.1129, 0.1316, -0.3826, -0.1646, -0.0952, -0.0512, 0.0346, 0.1855|126.8
4|0.2677, -0.4783, -0.8987, -0.9515, 0.2021, -1.0000, 0.6418, 0.3314|2020|-0.0319, 0.0840, -0.3945, -0.3792, -0.0991, -0.1405, -0.0574, 0.2206|215.8
5|-0.0447, -0.4410, -0.6845, -0.8719, 0.2204, -1.0000, -0.0563, 0.5427|1740|0.0960, 0.0832, -0.4504, -0.3243, -0.2240, -0.2553, -0.0270, 0.2163|208.6
6|0.4592, -0.0500, -1.0000, -1.0000, 0.0086, 0.0976, 0.3008, 0.5470|2760|0.0997, 0.0065, -0.6618, -0.4709, -0.3015, -0.4270, 0.0505, 0.3026|407.8
7|-0.0622, -0.6029, -1.0000, -0.9848, -0.8152, -0.1281, -0.0563, 0.8227|3880|0.0956, -0.1093, -0.7654, -0.6256, -0.2631, -0.4108, 0.0967, 0.2819|545.6
8|-0.0447, -0.1101, -0.6845, -1.0000, -0.0928, -1.0000, -0.0167, 0.5470|2420|0.0158, -0.1656, -0.7518, -0.7554, -0.2156, -0.3765, 0.1064, 0.3013|445.4
9|0.5450, -1.0000, -0.3213, -0.5450, 0.0026, -0.0996, 0.0914, 0.2215|4140|0.1176, -0.2094, -0.6803, -0.6454, -0.2111, -0.3602, -0.0691, 0.2922|601.2
10|0.5450, -1.0000, -0.3213, -0.5450, 0.0026, -0.0996, 0.0914, 0.2215|3980|0.1251, -0.2281, -0.5935, -0.6388, -0.1592, -0.4354, -0.1429, 0.3689|569.2
11|0.5316, -0.4410, -0.6845, -1.0000, -0.0318, -0.2923, -0.0999, 0.4898|2800|0.2074, -0.2584, -0.6696, -0.7081, -0.1527, -0.3921, -0.1051, 0.3191|622.4
12|0.5316, -0.4963, -1.0000, -1.0000, -0.4784, -0.3672, -0.8447, 0.8265|3240|0.1996, -0.2275, -0.6731, -0.8234, -0.1377, -0.3112, -0.0566, 0.4344|620.4
13|0.5450, -1.0000, -0.8282, -0.9487, 0.2204, -0.1205, 0.0820, 1.0000|4840|0.2189, -0.2659, -0.6815, -0.7422, -0.1253, -0.3343, -0.0404, 0.4601|701.6
14|-0.3469, -0.7009, -1.0000, -0.9279, -0.0121, -0.5825, -0.0129, 0.5470|3280|0.1666, -0.2555, -0.5874, -0.8356, -0.1268, -0.3345, -0.0110, 0.5261|620.0
15|0.5450, -1.0000, -1.0000, -0.9487, 0.2204, 0.2105, 0.0896, 1.0000|5120|0.3083, -0.3459, -0.6811, -0.8489, -0.1373, -0.1984, -0.0370, 0.5046|789.0
16|0.5620, -1.0000, -0.8282, -0.9487, -0.0465, -0.2923, -0.0042, 0.5470|3300|0.2911, -0.3955, -0.6782, -0.8610, -0.1449, -0.1512, -0.0610, 0.4240|736.2
17|0.5450, -1.0000, -0.6845, -1.0000, -0.7165, -0.2268, 0.0896, 0.3608|3620|0.3383, -0.4720, -0.6174, -0.8259, -0.1426, -0.1618, -0.0687, 0.4646|649.4
18|0.5450, -1.0000, -1.0000, -0.9487, 0.0508, -0.2268, -0.0129, 0.3608|5020|0.4475, -0.4436, -0.6757, -0.7790, -0.1355, -0.2010, 0.0368, 0.4725|793.8
19|0.4665, -0.6646, -0.8063, -1.0000, -0.0041, -0.1205, 0.6418, 0.5470|4820|0.4582, -0.4432, -0.6925, -0.8279, -0.1539, -0.1220, 0.0821, 0.4576|873.6
20|0.0283, -0.7009, -0.3453, -0.2526, -0.0928, -1.0000, -0.0326, 0.5427|2620|0.4931, -0.3448, -0.7158, -0.8056, -0.0870, -0.1798, 0.1116, 0.4406|798.6
21|0.2233, -1.0000, -1.0000, -0.5434, 0.1890, 0.1600, -0.0111, 0.2948|12940|0.4524, -0.4261, -0.6655, -0.8327, -0.0842, -0.2001, 0.0777, 0.3899|1054.6
22|-0.0447, -1.0000, -0.6156, -0.7433, 0.0066, -0.2268, -0.0258, 0.5129|5680|0.4336, -0.3907, -0.6866, -0.8453, -0.1146, -0.2370, 0.0506, 0.2554|749.6
23|0.5386, -1.0000, -0.6845, -0.4617, -0.0041, -0.2333, -0.0200, 0.5470|4860|0.4239, -0.4766, -0.7192, -0.8292, -0.1482, -0.1404, 0.0372, 0.1643|1021.2
24|0.1665, -1.0000, -0.7458, -0.4053, 0.1409, 0.1193, -0.0083, 0.2198|6620|0.4550, -0.5229, -0.7024, -0.7457, -0.1658, -0.1822, 0.0463, 0.2538|823.4
25|0.1665, -1.0000, -0.7458, -0.4053, 0.1409, 0.1193, -0.0083, 0.2198|7280|0.4113, -0.5398, -0.6843, -0.6883, -0.1528, -0.2000, 0.1018, 0.1428|1082.0
26|0.4823, -1.0000, -0.6775, -0.5689, -0.3454, 0.1600, 0.0092, 0.5645|7780|0.4083, -0.6541, -0.6347, -0.7741, -0.1287, -0.1455, 0.1277, 0.2569|1153.6
27|1.0000, -1.0000, -0.4076, -0.4922, -0.2192, 0.1600, 0.0076, 0.5425|5940|0.3833, -0.6822, -0.6670, -0.7737, -0.0868, -0.0436, 0.0051, 0.3233|1059.0
28|0.4823, -1.0000, -0.6775, -0.5689, -0.3454, 0.1600, 0.0092, 0.5645|5880|0.3907, -0.7435, -0.7135, -0.7658, -0.1224, -0.0108, 0.0281, 0.3428|1092.6
29|0.3999, -1.0000, -1.0000, -0.2143, -0.0011, 0.0119, 0.0076, 0.2595|15920|0.4650, -0.8626, -0.6895, -0.7604, -0.1245, 0.0168, 0.0799, 0.2895|1578.8
30|0.3999, -1.0000, -1.0000, -0.2143, -0.0011, 0.0119, 0.0076, 0.2595|14140|0.4936, -0.7829, -0.6618, -0.7273, -0.1182, 0.0539, 0.0593, 0.2564|1479.2
31|0.3999, -1.0000, -1.0000, -0.2143, -0.0011, 0.0194, 0.0121, 0.2595|23280|0.4340, -0.8392, -0.6298, -0.6272, -0.1507, 0.0433, 0.1075, 0.2934|1655.6
32|0.3999, 0.2150, -1.0000, -0.1823, -0.0011, 0.0194, 0.0121, 0.2595|17360|0.4566, -0.7327, -0.7056, -0.6160, -0.1156, 0.0290, 0.0754, 0.2609|1500.8
