1|-0.0763, -0.2561, -0.8509, -1.0000, -0.2116, 0.7466, 0.0539, 0.9838|1560|-0.0470, -0.1640, -0.1182, -0.0769, 0.0808, -0.1673, 0.0428, -0.0717|130.8
2|0.8047, -0.4679, -0.4500, -0.8983, -0.0088, -1.0000, 0.3926, 0.5345|2040|0.0448, -0.1294, -0.2671, -0.3852, 0.0121, -0.1429, 0.0001, -0.1054|214.8
3|0.9335, -0.2796, -1.0000, -0.9123, -0.1978, -0.6489, -1.0000, 0.2284|2840|0.0858, -0.2902, -0.4284, -0.5988, -0.0825, -0.2814, -0.0935, 0.0026|417.6
4|0.9335, -1.0000, -0.2934, -0.7981, -0.1978, -0.6214, 0.5952, 0.6277|2300|0.1227, -0.4264, -0.4263, -0.6463, -0.2173, -0.3235, -0.1076, 0.0457|421.0
5|0.7315, -1.0000, -0.2934, -0.1135, -0.6096, -0.8425, -0.6947, -0.4134|4320|0.1641, -0.4914, -0.6439, -0.6533, -0.1845, -0.3618, -0.1666, 0.0467|621.6
6|0.5742, -0.8109, -0.9270, -0.6942, -0.3655, -0.0552, 0.3026, -0.0070|2600|0.3797, -0.5669, -0.5910, -0.7570, -0.1734, -0.4251, -0.1127, 0.1646|637.4
7|0.6884, -0.8109, -0.6254, -0.7488, 0.4289, -0.0595, 0.3264, -0.0076|4560|0.4887, -0.5283, -0.6404, -0.7126, -0.1293, -0.5211, -0.0723, 0.0846|760.2
8|0.8794, -0.8109, -1.0000, -0.9937, 0.0948, -0.2479, 0.0819, 0.4460|2720|0.4187, -0.6093, -0.6411, -0.6975, -0.2056, -0.6102, -0.0530, 0.0291|683.6
9|0.8794, -0.8109, -1.0000, -0.9937, 0.0948, -0.2479, 0.0819, 0.4460|5740|0.4764, -0.7006, -0.6644, -0.7912, -0.0855, -0.6357, -0.1780, 0.0038|847.4
10|-0.0763, -0.8109, -1.0000, -0.8806, -0.3942, -0.7103, -1.0000, -0.7681|3380|0.4555, -0.7236, -0.6878, -0.8341, -0.1597, -0.5347, -0.0665, -0.0065|881.6
11|0.6884, -0.8109, -0.6254, -0.9123, -0.5683, -0.4867, 0.7444, 1.0000|3740|0.5197, -0.7204, -0.6126, -0.8178, -0.1899, -0.5237, 0.0169, 0.1197|843.2
12|0.7315, -0.8109, -1.0000, -0.9123, -0.4173, -0.4630, 0.7011, 0.1564|2680|0.5562, -0.6950, -0.7286, -0.7376, -0.0836, -0.4743, -0.0271, 0.1593|869.4
13|-0.0787, -0.8369, -1.0000, -0.9415, 0.4289, -0.0595, 0.2819, -0.0070|2960|0.5089, -0.6858, -0.7659, -0.7889, -0.1336, -0.3994, 0.0079, 0.1255|779.6
14|0.8794, -1.0000, -0.2465, -0.2731, -0.3942, -0.6845, 0.0539, 1.0000|5300|0.5921, -0.6953, -0.7797, -0.8434, -0.1714, -0.5009, -0.1144, 0.1511|1004.6
15|0.5089, -0.4483, -0.6647, -0.6903, 0.3296, -0.7685, 1.0000, 0.0257|4920|0.5659, -0.6980, -0.8598, -0.8193, -0.1714, -0.4131, -0.0331, 0.1147|783.0
16|0.4524, -0.4012, -0.6704, -1.0000, 0.4555, 0.0051, 0.5770, -0.0074|4320|0.6185, -0.6794, -0.8588, -0.8090, -0.1460, -0.4405, 0.0102, 0.0815|1022.8
17|0.9602, -0.8077, -1.0000, -0.9087, -0.1970, -0.6464, -0.9961, -0.0079|3840|0.6984, -0.6656, -0.8543, -0.8205, -0.1596, -0.3768, -0.0777, 0.1364|962.6
18|0.9898, -1.0000, -0.4210, -0.6867, -0.2473, 0.0867, 0.0566, 0.0564|5380|0.6098, -0.5171, -0.9150, -0.8155, -0.0784, -0.3493, 0.0574, 0.2085|915.4
19|0.9898, -1.0000, -0.4210, -0.6867, -0.2473, 0.0867, 0.0566, 0.0564|7320|0.5822, -0.6209, -0.9049, -0.8240, -0.0660, -0.4018, -0.0083, 0.1926|1060.4
20|-0.0787, -1.0000, -1.0000, -0.8983, -0.2473, 0.0867, 0.0548, 0.0564|4220|0.5085, -0.6166, -0.8586, -0.7878, -0.0930, -0.3053, -0.0186, 0.1629|883.0
21|0.9898, -1.0000, -0.5936, -0.5415, -0.4840, 0.0867, 0.0783, 0.0564|6520|0.5961, -0.7007, -0.8543, -0.8320, -0.1080, -0.3395, -0.0413, 0.1607|955.6
22|0.9761, -0.8109, -1.0000, -1.0000, -0.2116, -0.2479, 0.1070, 0.4460|3860|0.6462, -0.7170, -0.8722, -0.7212, -0.1398, -0.3575, 0.0823, 0.0766|1102.8
23|0.5742, -1.0000, -0.5936, -0.7200, -0.0046, 0.0867, 0.0783, 0.0564|6840|0.6320, -0.7365, -0.8446, -0.8136, -0.1140, -0.3547, 0.1621, 0.0368|1191.6
24|0.5742, -1.0000, -0.5936, -0.7200, -0.0046, 0.0867, 0.0783, 0.0564|5880|0.6966, -0.7843, -0.8934, -0.7998, -0.0911, -0.3048, 0.1473, 0.1438|1228.2
25|0.6884, -0.8109, -1.0000, -0.9937, 0.2864, -0.1876, 0.5594, -0.0071|5640|0.6955, -0.8202, -0.8315, -0.8037, -0.0560, -0.2735, 0.1273, 0.1395|1187.2
26|0.6884, -0.8109, -1.0000, -0.6747, -0.3372, -0.2479, 0.0701, 0.3028|4280|0.6743, -0.7675, -0.7820, -0.7610, -0.0964, -0.2483, 0.0815, 0.1657|1305.4
27|0.9898, -1.0000, -1.0000, -0.5470, -0.4889, -0.7103, 0.1070, -0.0031|6260|0.7008, -0.7129, -0.8315, -0.8034, -0.1709, -0.1601, 0.0488, 0.1288|1203.2
28|0.4524, -0.8109, -1.0000, -0.5158, -0.1978, -0.8927, 0.1394, 0.0061|7220|0.7322, -0.7984, -0.8395, -0.7671, -0.2098, -0.1885, 0.0404, 0.1075|1292.6
29|1.0000, -0.8411, -0.2782, -0.6094, -0.4090, -0.2571, 0.6762, 0.0032|3620|0.7765, -0.8149, -0.7507, -0.7811, -0.2557, -0.2254, 0.1270, 0.0924|1116.6
30|0.9640, -0.9022, -1.0000, -0.9937, -0.3942, -0.1876, 0.5594, 0.0031|4480|0.8110, -0.8426, -0.7783, -0.6562, -0.2360, -0.2138, 0.2468, 0.0567|1265.8
31|1.0000, -0.9360, -0.6421, -0.5675, 0.2971, -0.1946, -0.3702, -0.0032|4920|0.8096, -0.8452, -0.7784, -0.7953, -0.2439, -0.1974, 0.2302, 0.0684|1371.6
32|0.5526, -1.0000, -0.6027, -0.5875, -0.1978, 0.0867, -0.3733, 0.0016|5460|0.8249, -0.8380, -0.7637, -0.7005, -0.2040, -0.2336, 0.2520, 0.0864|1279.4
