1|-0.7128, -1.0000, -0.9643, -1.0000, 0.5262, 0.0186, -0.2476, 0.9567|1460|-0.0587, 0.1408, -0.1464, 0.0244, -0.1211, -0.0876, 0.0047, 0.0150|114.0
2|0.9361, -0.5505, -0.8963, -1.0000, -0.8547, -0.0853, 0.7875, 0.7882|1060|-0.1025, 0.1727, -0.2439, -0.2439, -0.2211, -0.1999, 0.0901, 0.0512|122.8
3|0.8139, -0.3314, -1.0000, -0.9943, -0.7344, 0.0909, 0.4483, 0.3536|2020|-0.0693, -0.0681, -0.3747, -0.3704, -0.2383, -0.2032, 0.0638, -0.0118|203.0
4|0.8139, -1.0000, -0.1922, -0.9943, -0.7344, -0.6716, 0.4483, 0.3536|1440|-0.0261, -0.1561, -0.3737, -0.5444, -0.2261, -0.2091, -0.0577, -0.1711|251.0
5|1.0000, -0.6188, -0.4671, -0.5970, -0.2013, -0.4613, -0.2491, -0.1448|2400|0.0584, -0.2633, -0.4401, -0.6105, -0.3021, -0.2489, -0.0431, -0.0931|403.6
6|1.0000, -0.6188, -0.4671, -0.5970, -0.2013, 0.0919, -0.2491, -0.1562|3660|0.1269, -0.3776, -0.4495, -0.5279, -0.1750, -0.2107, -0.0721, -0.1094|461.4
7|1.0000, -0.4464, -0.4671, -0.5970, -0.2013, 0.0919, -0.2491, -0.1562|2580|0.2033, -0.2924, -0.3807, -0.6572, -0.2051, -0.1700, 0.0791, -0.0634|450.8
8|-0.2012, -1.0000, -0.6251, -0.6340, 0.5175, 0.0407, 0.4877, 0.3288|3200|0.1647, -0.3509, -0.4224, -0.6858, -0.2523, -0.1816, 0.1202, -0.0362|446.4
9|-0.1463, -1.0000, -0.5790, -0.5921, -0.2013, -0.4599, 0.7868, -0.1562|3360|0.1807, -0.3927, -0.4721, -0.6615, -0.1647, -0.2392, 0.2511, 0.0240|511.8
10|1.0000, -0.9539, -0.6529, -1.0000, -0.2013, 0.1239, -0.0972, -0.1562|3640|0.2272, -0.5059, -0.4551, -0.6458, -0.2234, -0.2077, 0.2417, 0.0334|560.0
11|0.9390, -1.0000, -0.4936, -0.8033, -0.5896, 0.0321, -0.0404, 0.1505|3660|0.2104, -0.4995, -0.4389, -0.5900, -0.2057, -0.1291, 0.2605, -0.0281|529.2
12|1.0000, -0.9539, -0.6774, -0.5303, -0.2013, 0.0190, -0.0697, 0.6415|7080|0.2254, -0.4879, -0.3857, -0.6449, -0.2606, -0.1249, 0.2682, -0.0783|653.0
13|0.5365, -0.7897, -1.0000, -0.4349, 0.0822, 0.0428, -0.1499, -0.1631|5080|0.2729, -0.6534, -0.4653, -0.5473, -0.2092, -0.0663, 0.2563, -0.0408|626.2
14|1.0000, -0.6746, -0.6774, -0.0463, -0.0188, 0.0190, -0.0697, -0.3125|5460|0.3181, -0.6992, -0.4773, -0.6827, -0.1995, -0.0212, 0.2770, -0.0612|764.6
15|0.4032, -1.0000, -0.7432, -0.7432, 0.0572, 0.0216, 0.1826, 0.1764|6400|0.2851, -0.7162, -0.5212, -0.6539, -0.1691, -0.0370, 0.1550, -0.0342|825.6
16|0.1537, -1.0000, -0.3822, -0.3823, 0.1064, -0.0154, -0.0362, 0.6833|5200|0.3457, -0.6472, -0.3476, -0.6424, -0.2065, -0.0237, 0.1222, 0.0227|820.8
17|0.3081, -1.0000, -0.1012, -0.0846, -0.4170, -0.2513, -0.1822, -0.3044|6140|0.2619, -0.7354, -0.5122, -0.6454, -0.1365, -0.0604, -0.0008, 0.0948|1054.4
18|1.0000, -0.9698, -0.6774, -0.6192, -0.1784, -0.4599, -0.1940, -0.2330|4360|0.4085, -0.7823, -0.4654, -0.6373, -0.1260, -0.0761, -0.0530, 0.0332|995.8
19|0.2398, -1.0000, -0.2513, -0.0602, -0.0001, -0.2513, -0.0460, -0.3044|12200|0.4012, -0.7431, -0.4846, -0.6105, -0.1432, -0.0948, -0.0798, 0.0681|1102.2
20|0.9682, -1.0000, -0.0425, -0.1352, 0.0919, 0.0331, 0.0052, -0.1049|8820|0.4123, -0.7563, -0.4353, -0.5296, -0.1140, -0.1433, -0.0531, 0.0068|1145.8
21|0.9682, -1.0000, -0.0425, -0.1352, 0.0919, 0.0331, 0.0052, -0.1049|58920|0.4195, -0.7083, -0.4637, -0.4947, -0.1383, -0.1703, -0.0219, -0.0430|2221.0
22|0.9682, -1.0000, -0.0425, -0.1352, 0.0919, 0.0331, 0.0052, -0.1049|22040|0.4326, -0.7856, -0.3777, -0.4865, -0.1152, -0.1070, 0.0019, 0.0152|1669.0
23|0.7335, -1.0000, -0.3511, -0.1473, 0.0745, 0.0223, -0.1494, -0.1462|17080|0.3910, -0.7587, -0.3618, -0.5216, -0.1481, -0.0939, -0.0380, 0.0213|1111.8
24|0.9682, -1.0000, -0.0425, -0.1352, -0.1576, 0.0331, 0.0027, -0.1049|32380|0.4985, -0.7479, -0.3633, -0.5324, -0.0936, -0.0797, -0.0166, 0.0320|1766.4
25|0.7335, -1.0000, -0.3511, -0.1473, 0.0477, 0.0223, -0.1494, -0.1462|12820|0.3102, -0.7574, -0.4115, -0.5890, -0.1271, -0.0479, -0.0160, -0.0489|1506.0
26|-0.0681, -1.0000, -0.0842, -0.2008, 0.1016, -0.0553, 0.0027, -0.3133|8320|0.3760, -0.7750, -0.4127, -0.4162, -0.1222, -0.0505, 0.0836, -0.0656|1582.6
27|1.0000, -0.7545, -0.1012, -0.2008, 0.1016, -0.0553, 0.1083, -0.0581|18580|0.3556, -0.8674, -0.4219, -0.4238, -0.1590, -0.0633, 0.0066, -0.0897|2036.4
28|1.0000, -0.9041, -0.0394, -0.1223, 0.0674, -0.0315, -0.1351, -0.1322|18080|0.4392, -0.8731, -0.4132, -0.3530, -0.1160, -0.0571, 0.0196, -0.0893|2176.2
29|0.4673, -1.0000, -0.0316, -0.1223, 0.0674, 0.0399, 0.1417, -0.1322|32980|0.5224, -0.9137, -0.3594, -0.2803, -0.0818, -0.0380, -0.0001, -0.0508|2534.4
30|0.4673, -1.0000, -0.0316, -0.1223, 0.0674, 0.0399, 0.1417, -0.1322|14940|0.3875, -0.8114, -0.2969, -0.2976, -0.0858, -0.0629, -0.0094, -0.0603|1919.0
31|1.0000, -0.9458, -0.0299, -0.1743, 0.0400, -0.0229, 0.0002, 0.0403|34380|0.4817, -0.8435, -0.2734, -0.3108, -0.0783, -0.0762, -0.0229, -0.0554|2780.4
32|0.6248, -0.9458, -0.1058, -0.1573, 0.0795, -0.0229, 0.0169, -0.1095|25700|0.5577, -0.8784, -0.3159, -0.2868, -0.1109, -0.0616, 0.0143, -0.0278|3336.8
