1|0.9841, -0.7539, -1.0000, -0.5431, -0.7720, -0.7469, -0.9190, 0.1821|2740|0.0241, 0.0485, -0.2278, -0.0424, -0.0873, -0.2438, -0.1065, -0.0236|169.0
2|1.0000, -0.9383, -0.9123, -0.0052, 0.0873, -0.2951, 0.0754, -0.8379|2260|0.0926, 0.0248, -0.4142, -0.2935, -0.1467, -0.1177, -0.2022, 0.0342|184.6
3|0.1427, -1.0000, -0.4368, -0.9083, 0.2726, 0.4286, -0.0189, 0.4962|2980|0.1074, 0.1069, -0.4206, -0.4879, -0.2396, -0.0319, -0.2494, -0.1015|265.0
4|0.6220, -1.0000, -0.5959, -0.6531, -0.0047, 0.2776, 0.0492, 0.6531|6140|0.1662, -0.0431, -0.5798, -0.4692, -0.2937, -0.2424, -0.2071, -0.1418|351.4
5|0.5212, -1.0000, -0.3254, -0.5212, 0.0233, -0.2574, -0.3685, -0.2679|3500|0.1325, -0.1730, -0.5533, -0.4536, -0.3172, -0.3760, -0.1547, -0.1846|410.0
6|0.0815, -1.0000, -0.4368, -0.9083, 0.2726, 0.3962, -0.0327, 0.4962|3820|0.2272, -0.1364, -0.5674, -0.4873, -0.3269, -0.3553, -0.1830, -0.1422|596.2
7|0.0815, -1.0000, -0.4368, -0.9083, 0.2726, 0.3962, -0.0327, 0.4962|6840|0.1808, -0.1914, -0.4745, -0.5680, -0.3284, -0.3726, -0.1332, -0.1560|618.0
8|0.0815, -1.0000, -0.4368, -0.9083, 0.2726, -0.8634, -0.0327, 0.4962|2060|0.2498, -0.1815, -0.5633, -0.5369, -0.2436, -0.4756, -0.1214, -0.1556|521.0
9|0.5212, -1.0000, -0.9999, -0.5212, 0.0233, -0.2574, -0.4195, -0.2679|4740|0.3408, -0.2750, -0.6037, -0.5777, -0.2993, -0.3399, -0.1187, -0.0822|664.4
10|0.8235, -0.4545, -0.7160, -0.5581, -1.0000, 0.0267, 0.0421, 0.4207|5920|0.4245, -0.3545, -0.4774, -0.5359, -0.2359, -0.3366, -0.0997, -0.1510|552.6
11|0.4792, -1.0000, -0.1143, -0.3609, -0.6030, 0.1309, 0.1229, 0.0146|4700|0.3698, -0.1794, -0.5329, -0.5654, -0.2584, -0.2452, -0.0526, -0.2560|539.4
12|0.0520, -1.0000, -0.8695, -0.3807, -0.0019, -0.0188, 0.3421, 0.5109|6440|0.4251, -0.2219, -0.5653, -0.5953, -0.1694, -0.1485, -0.0443, -0.2048|607.4
13|0.8495, -1.0000, -0.1143, -0.3609, -0.6030, 0.1309, 0.1229, 0.0080|5660|0.4185, -0.2792, -0.5256, -0.6006, -0.2638, -0.2024, -0.0379, -0.2168|706.6
14|0.7190, -1.0000, -0.4897, -0.5985, 0.2141, -0.0286, -0.0149, -0.4036|3220|0.4239, -0.3974, -0.6387, -0.7213, -0.3704, -0.1709, 0.0162, -0.2179|787.2
15|0.8286, -1.0000, -0.0986, -0.3609, -0.1673, 0.1309, 0.1229, -0.0553|10360|0.5720, -0.5276, -0.6290, -0.5786, -0.4727, -0.0837, 0.0417, -0.2243|781.4
16|0.8286, -1.0000, -0.4120, -0.1742, -0.1022, 0.0166, 0.0543, -0.0553|7740|0.6037, -0.5218, -0.5872, -0.5899, -0.4601, -0.0426, 0.0325, -0.1805|988.2
17|0.8286, -1.0000, -0.9330, -0.9860, 0.0017, -0.0153, 0.2188, -0.1359|4120|0.5908, -0.5033, -0.6170, -0.6470, -0.4708, -0.0773, -0.0268, -0.1403|848.2
18|1.0000, -1.0000, -0.3875, -0.3468, -0.0492, 0.1456, 0.1229, 0.0055|15260|0.5616, -0.5201, -0.5455, -0.5160, -0.3358, -0.1345, -0.0256, -0.1348|976.8
19|0.4599, -0.7482, -1.0000, -0.1806, -0.0719, -0.1346, -0.0497, 0.1946|7080|0.5462, -0.5436, -0.5245, -0.5515, -0.3634, -0.0910, -0.0285, -0.1551|916.4
20|1.0000, -0.7286, -0.4640, -0.1962, -0.1151, 0.0187, 0.0611, -0.0243|7120|0.6887, -0.6047, -0.5464, -0.5910, -0.3078, -0.0830, -0.0188, -0.1396|1042.2
21|0.5799, -1.0000, -0.0663, -0.3930, 0.0010, 0.0082, 0.0287, 0.1709|10200|0.6391, -0.6314, -0.5212, -0.5267, -0.2449, -0.0865, 0.0063, -0.1402|1047.4
22|1.0000, -1.0000, -0.6474, -0.3468, -0.0770, -0.0102, 0.0206, 0.0055|14560|0.5964, -0.6198, -0.5602, -0.5215, -0.2145, -0.0868, -0.0090, -0.0923|1123.4
23|1.0000, -1.0000, -0.4640, -0.1962, -0.1151, 0.0187, 0.0611, -0.0088|8900|0.5604, -0.5924, -0.5965, -0.5405, -0.2999, -0.0567, 0.0156, -0.1317|1201.8
24|1.0000, -1.0000, -0.4640, -0.1962, -0.1151, 0.0187, 0.0611, 0.0007|20180|0.5823, -0.5553, -0.6277, -0.4779, -0.2850, -0.0365, 0.0342, -0.0544|1568.0
25|0.5664, -1.0000, -0.9214, -0.1808, -0.0886, -0.1240, 0.0563, 0.2397|16900|0.5610, -0.6253, -0.6235, -0.4044, -0.2356, -0.0363, 0.0289, -0.0249|1567.4
26|0.5183, -0.6034, -1.0000, -0.0947, -0.0555, 0.0090, -0.0300, 0.0956|15380|0.5390, -0.6669, -0.6208, -0.4260, -0.2078, -0.0724, 0.0501, -0.0711|1664.8
27|0.6015, -1.0000, -0.4533, -0.1374, -0.0539, 0.1136, 0.0149, 0.0039|18540|0.5312, -0.7106, -0.4837, -0.4235, -0.1653, -0.1191, 0.0268, -0.0564|1956.0
28|0.5652, -1.0000, -0.1014, -0.1962, -0.0492, 0.0087, -0.0258, 0.1584|91540|0.5874, -0.6964, -0.5676, -0.4128, -0.1389, -0.0900, 0.0317, 0.0092|3372.6
29|1.0000, -1.0000, -0.1014, -0.1808, -0.0492, 0.0087, -0.0088, 0.1584|107520|0.5741, -0.6963, -0.5556, -0.3190, -0.1406, -0.1057, 0.0389, 0.0203|3569.6
30|0.3548, -1.0000, -0.2462, -0.1808, 0.0897, 0.0099, 0.0841, -0.0067|22620|0.5648, -0.7743, -0.6132, -0.3136, -0.0974, -0.0712, 0.0347, 0.0323|2958.4
31|0.1790, -1.0000, -0.1242, -0.0912, -0.0522, 0.0050, 0.0424, -0.0034|48560|0.5426, -0.7823, -0.5984, -0.2271, -0.0683, -0.0333, 0.0166, 0.0620|3065.0
32|0.9516, -1.0000, -0.3531, -0.1867, -0.1150, 0.1544, -0.0882, 0.0053|34500|0.5546, -0.7865, -0.5507, -0.3178, -0.0924, -0.0235, 0.0224, 0.0738|3502.4
