1|-0.2205, -0.7153, -0.1179, -0.4363, -0.5870, -1.0000, 0.3689, 0.5482|700|-0.3389, -0.3808, -0.4543, -0.2668, -0.5042, -0.4067, -0.3200, 0.2725|292.0
2|-0.2205, -0.7153, -0.1179, -0.4363, -0.5870, -1.0000, 0.3689, 0.5482|840|-0.3173, -0.5737, -0.3825, -0.4383, -0.5711, -0.7124, -0.2335, 0.3095|418.0
3|-0.2205, -0.7153, -0.1179, -0.4363, -0.5870, -1.0000, 0.3689, 0.5482|900|-0.2456, -0.7030, -0.2061, -0.4434, -0.5770, -0.9187, -0.0007, 0.4655|474.0
4|-0.2205, -0.7153, -0.1179, -0.4363, -0.5870, -1.0000, 0.3689, 0.5482|1040|-0.2205, -0.6974, -0.0825, -0.4363, -0.5870, -1.0000, 0.0546, 0.2512|560.0
5|-0.2205, -0.7153, -0.1179, -0.4363, -0.5870, -1.0000, 0.3689, -0.5689|520|-0.2114, -0.6859, -0.1130, -0.4183, -0.5628, -1.0000, -0.1270, 0.1933|314.0
6|-0.2205, -0.7153, -0.1179, -0.4363, -0.5870, -1.0000, -0.6787, 0.5482|580|-0.2179, -0.7067, -0.1165, -0.4310, -0.5800, -1.0000, -0.1593, 0.0397|384.0
7|-0.2205, -0.6725, -0.1179, -0.4102, -0.5870, -1.0000, 0.3689, 0.5482|760|-0.2165, -0.7025, -0.1158, -0.4284, -0.5606, -1.0000, -0.1615, 0.4648|474.0
8|-0.2205, -0.6725, -0.1108, -0.4363, -0.5519, -1.0000, -0.6787, 0.5482|940|-0.2344, -0.7551, -0.1246, -0.4632, -0.3360, -0.9726, 0.0778, 0.1670|466.0
9|-0.2205, -1.0000, -0.1179, -0.6099, -0.7715, -1.0000, -0.6787, -0.4907|720|-0.2413, -0.7750, -0.1269, -0.4805, -0.6318, -0.9589, -0.0154, 0.2881|378.0
10|-0.2205, -1.0000, -0.1549, -0.4363, -0.7715, -1.0000, -0.6787, 0.7205|1600|-0.2205, -0.3254, -0.1320, -0.5031, -0.7311, -1.0000, -0.5740, 0.1323|376.0
11|-0.2205, -1.0000, -0.1549, -0.6099, -0.7715, -1.0000, -0.6787, -0.4907|680|-0.2205, -0.4449, -0.1357, -0.4858, -0.7091, -1.0000, -0.5740, 0.2534|400.0
12|-0.2205, -0.6653, -0.1549, -0.2903, -0.5519, -1.0000, -0.0277, 0.5482|500|-0.1836, -0.3891, -0.1216, -0.3482, 0.4835, -0.8327, -0.5228, 0.2193|116.0
13|-0.2205, -0.6653, -0.1549, -0.6099, -0.5519, -1.0000, -0.0277, 0.5482|600|-0.2057, -0.4920, -0.1372, -0.4647, 0.3213, -0.9331, -0.5031, 0.0322|192.0
14|-0.2205, -0.6653, -0.1549, -0.2903, -0.5519, -1.0000, -0.0277, 0.5482|900|-0.2187, -0.4009, -0.1062, -0.5893, 0.1765, -0.9916, -0.4126, 0.1712|310.0
15|-0.2205, -0.6653, -0.1549, -0.2903, -0.5519, -1.0000, -0.0277, 0.5482|800|-0.2196, -0.5758, -0.1287, -0.4891, -0.4262, -0.9958, -0.1551, 0.3425|368.0
16|-0.2205, -0.6653, -0.1549, -0.2903, -0.5519, -1.0000, -0.0277, 0.5482|920|-0.2098, -0.6331, -0.1474, -0.3082, 0.3573, -0.9516, -0.0915, 0.4178|210.0
17|-0.2205, -0.6653, -0.1549, -0.2903, -0.5519, -1.0000, -0.0277, 0.5482|980|-0.1058, -0.6331, -0.1474, -0.2762, 0.3353, -0.9516, -0.0264, 0.3139|276.0
18|-0.2205, -0.6653, -0.1549, -0.2903, -0.5519, -1.0000, -0.0277, 0.5482|820|-0.2100, -0.6390, -0.1488, -0.2764, -0.2725, -0.9758, -0.0272, 0.3187|396.0
19|-0.2205, -0.6653, -0.1549, -0.2903, -0.5519, -1.0000, -0.0277, 0.5482|960|-0.2055, -0.6542, -0.1444, -0.2705, -0.5713, -0.6000, -0.0266, 0.2415|332.0
20|-0.2205, -0.6653, -0.1549, -0.2903, -0.5519, -1.0000, -0.0277, 0.5482|1500|-0.2205, -0.7047, -0.1500, -0.2903, -0.6177, -1.0000, -0.0285, 0.2365|660.0
21|-0.2205, -0.6653, -0.1549, -0.2903, -0.5519, -1.0000, -0.0277, 0.5482|1340|-0.2103, -0.6417, -0.1379, -0.2769, -0.5484, -1.0000, -0.0272, 0.4190|726.0
22|-0.2205, -0.6653, -0.1549, -0.2903, -0.5519, -1.0000, -0.0277, 0.5482|1780|-0.2396, -0.6653, -0.1450, -0.2177, -0.5519, -1.0000, -0.0277, 0.5482|608.0
23|-0.3344, -0.6653, -0.1549, -0.2903, -0.5519, -1.0000, -0.0277, 0.5482|1140|-0.2414, -0.6653, -0.1358, -0.2903, -0.5519, -1.0000, -0.0277, 0.5482|630.0
24|-0.2205, -0.6653, -0.1549, -0.2903, -0.5519, -1.0000, -0.0277, 0.5482|1440|-0.2319, -0.6653, -0.1266, -0.2903, -0.5519, -1.0000, -0.0277, 0.5482|660.0
25|-0.2205, -0.6653, -0.1549, -0.2903, -0.5519, -1.0000, -0.0277, 0.5482|1140|-0.2205, -0.6653, -0.1266, -0.2903, -0.5519, -1.0000, -0.0199, 0.4305|406.0
26|-0.2205, -0.6653, -0.1549, -0.2903, -0.5519, -1.0000, -0.0277, 0.5482|1380|-0.2205, -0.6653, -0.1266, -0.2475, -0.5519, -1.0000, -0.0225, 0.4305|570.0
27|-0.2205, -0.6653, -0.1549, -0.2903, -0.5519, -1.0000, -0.0277, 0.5482|960|-0.2205, -0.6653, -0.1408, -0.2475, -0.5519, -1.0000, -0.0225, 0.4806|492.0
28|-0.2205, -0.6653, -0.1549, -0.2903, -0.5519, -1.0000, -0.0277, 0.5482|720|-0.2199, -0.6635, -0.1545, -0.1609, -0.5503, -0.8000, -0.0276, 0.4042|350.0
29|-0.2205, -0.6653, -0.1549, -0.2903, -0.5519, -1.0000, -0.0277, 0.5482|900|-0.2205, -0.6653, -0.1549, -0.1617, -0.5113, -1.0000, -0.0277, 0.5218|502.0
30|-0.2205, -0.6653, -0.1549, -0.2903, -0.5519, -1.0000, -0.0277, 0.4603|880|-0.2205, -0.6653, -0.1549, -0.1189, -0.5519, -1.0000, -0.0277, 0.5043|354.0
31|-0.2205, -0.6653, -0.1549, -0.2903, -0.5519, -1.0000, -0.0277, 0.4603|940|-0.2205, -0.6653, -0.0558, -0.2474, -0.5519, -1.0000, -0.0277, 0.5043|460.0
32|-0.2205, -0.6653, -0.1549, -0.2903, -0.5519, -1.0000, -0.0277, 0.4603|1620|-0.2205, -0.6653, -0.0756, -0.2977, -0.5519, -1.0000, -0.0277, 0.4955|684.0
