1|-0.0238, -1.0000, -0.3075, -0.9571, 0.4110, -1.0000, 0.4137, 0.5206|860|-0.1583, 0.1097, 0.1419, 0.1253, 0.3788, -0.0628, 0.0325, -0.2384|63.0
2|0.7222, 0.4586, -0.4287, -0.1604, 0.2692, -0.5068, -0.3327, -1.0000|160|-0.2627, 0.0862, 0.0903, 0.2722, 0.5038, 0.0719, -0.1855, -0.2080|14.0
3|0.7222, 0.4586, -0.4287, -0.1604, 0.2692, -0.5068, -0.3327, -1.0000|120|-0.1647, 0.1453, 0.1031, 0.4534, 0.4557, 0.2011, -0.2412, -0.3014|6.0
4|0.7222, 0.0739, -0.4287, -0.1604, 0.2692, -0.5068, -0.3327, -1.0000|740|-0.2133, 0.0924, -0.0544, 0.5209, 0.5541, 0.2161, -0.2809, -0.2832|76.0
5|0.7222, -0.4720, -0.4287, -0.1604, 0.2692, -0.5068, -0.3327, -1.0000|620|-0.0810, -0.0292, 0.0485, 0.5385, 0.4939, 0.0627, -0.4508, -0.2765|62.0
6|0.7222, -0.4720, 0.0347, -0.1604, -1.0000, -0.5068, -0.3327, 0.6349|160|-0.0192, 0.0375, 0.0535, 0.4596, 0.4520, 0.2668, -0.4196, -0.1176|8.0
7|-0.3021, 0.1564, 0.0347, -0.1604, 0.5422, -0.5068, -0.1442, -1.0000|40|-0.1841, -0.0294, -0.0473, 0.3784, 0.4415, 0.0934, -0.3497, -0.4664|2.0
8|-0.3021, 0.1564, 0.0347, -0.1604, 0.5422, -0.5068, -0.1442, -1.0000|120|-0.1249, -0.0759, 0.0183, 0.4584, 0.4032, 0.1473, -0.3580, -0.6289|8.0
9|-0.6482, 0.1564, -0.4287, -0.1604, 0.2692, -0.5068, -0.1442, -1.0000|80|0.1184, -0.0148, 0.1162, 0.5668, 0.4141, 0.2936, -0.3352, -0.5472|6.0
10|-0.3790, -0.4720, -0.4287, -0.1604, 0.2692, -0.5068, -0.1442, -1.0000|180|0.0538, 0.0498, 0.0931, 0.4571, 0.4004, 0.1856, -0.3258, -0.7508|13.0
11|-0.3790, -0.4720, -0.4287, -0.1604, 0.2692, -0.5068, -0.1442, -1.0000|540|-0.0005, 0.0540, 0.2058, 0.3619, 0.3465, 0.1686, -0.2852, -0.8358|59.0
12|-0.3790, -0.4720, -0.4287, -0.1604, 0.2692, -0.5068, -0.1442, -1.0000|280|-0.0112, -0.0443, 0.0922, 0.1827, 0.2916, -0.1087, -0.3113, -0.7533|43.0
13|-0.3790, -0.4720, -0.4287, -0.1604, 0.2692, -0.5068, -0.1442, -1.0000|1020|-0.0602, -0.1619, 0.0013, -0.1604, 0.2828, -0.3598, -0.1993, -0.9183|149.0
14|-0.3790, -0.4720, -0.4287, -0.1604, 0.2692, -0.5068, -0.1442, -1.0000|1020|-0.2470, -0.1219, -0.0545, -0.1650, 0.2769, -0.5279, -0.1299, -0.9000|166.0
15|-0.3790, -0.4720, 0.0347, -0.1604, 0.2692, -0.5068, -0.1442, -1.0000|600|-0.3143, -0.1578, -0.1069, -0.1604, 0.2692, -0.5199, -0.1464, -1.0000|209.0
16|-0.3790, -0.4720, -0.4287, -0.1604, 0.2692, -0.5068, -0.1442, -1.0000|860|-0.3694, -0.1578, -0.1669, -0.1604, 0.2692, -0.5199, -0.1464, -1.0000|173.0
17|-0.3790, -0.4720, -0.4287, -0.1604, 0.2692, -0.6593, -0.1442, -1.0000|1120|-0.3886, -0.1759, -0.1271, -0.1604, 0.2692, -0.5559, -0.1442, -1.0000|255.0
18|-0.3790, -0.4720, -0.0967, -0.1604, 0.2692, -0.5068, -0.1442, -1.0000|660|-0.3886, -0.2210, -0.1588, -0.1604, 0.2692, -0.5559, -0.1442, -1.0000|213.0
19|-0.3790, -0.9260, -0.0967, -0.1604, 0.2692, -0.5068, -0.1442, -1.0000|500|-0.3790, -0.4076, -0.1302, -0.1604, 0.2692, -0.3442, -0.1442, -1.0000|194.0
20|-0.3790, -0.9260, -0.0967, -0.1604, 0.2692, -0.5068, -0.1442, -1.0000|960|-0.3748, -0.5293, -0.1503, -0.1610, 0.2615, -0.4729, -0.1448, -0.9730|311.0
21|-0.4093, -1.0000, -0.1044, -0.1732, 0.2907, -0.5473, -0.1557, -0.8295|640|-0.3952, -0.6486, -0.1762, -0.1655, 0.2604, -0.5352, -0.1488, -0.8764|271.0
22|-0.4093, -1.0000, -0.1044, -0.1732, 0.2907, -0.5068, -0.1442, -0.8295|940|-0.3957, -0.7836, -0.1132, -0.1642, 0.2604, -0.5422, -0.1315, -0.8124|373.0
23|-0.3021, -1.0000, -0.1044, -0.1604, 0.2907, -0.5473, -0.1557, -0.4600|1820|-0.3892, -0.8342, -0.0773, -0.1655, 0.2702, -0.5358, -0.1506, -0.7632|516.0
24|-0.6482, -1.0000, -0.0967, -0.1732, 0.2692, -0.6381, -0.1442, -1.0000|1160|-0.3999, -0.9097, -0.0611, -0.1662, 0.2724, -0.5358, -0.1506, -0.7816|569.0
25|-0.3790, -1.0000, -0.0967, -0.1732, 0.2907, -0.5473, -0.1557, -0.4600|2120|-0.3445, -0.9361, -0.0889, -0.1162, 0.2636, -0.5468, -0.1488, -0.7854|423.0
26|0.3957, -0.9260, -0.1044, -0.1604, 0.2907, -0.5473, -0.1442, -1.0000|2200|-0.1581, -0.9704, -0.1032, -0.1463, 0.2592, -0.5483, -0.1494, -0.8110|771.0
27|0.3957, -1.0000, -0.1044, -0.1604, 0.2907, -0.5473, -0.1557, -0.4600|1920|-0.1168, -0.9718, -0.1026, -0.1651, 0.2867, -0.5494, -0.1496, -0.5490|639.0
28|0.3957, -0.9260, -0.1044, -0.1604, 0.2692, -0.5473, -0.1442, -0.4600|2200|-0.1016, -0.9815, -0.0841, -0.1649, 0.2832, -0.5639, -0.1488, -0.5950|822.0
29|0.3957, -1.0000, -0.1044, -0.1604, 0.2907, -0.5473, -0.1557, -0.4600|1400|0.1408, -0.9704, -0.0945, -0.1636, 0.3097, -0.5629, -0.1501, -0.5465|567.0
30|0.4273, -0.9260, -0.1127, -0.1604, 0.2907, -0.5473, -0.1442, -0.4600|1660|0.2231, -0.9778, -0.1013, -0.1716, 0.3041, -0.5650, -0.1331, -0.5520|835.0
31|0.3957, -1.0000, -0.1044, -0.1604, 0.2907, -0.5473, -0.1557, -0.4600|2340|0.4052, -0.9704, -0.1065, -0.1657, 0.2832, -0.5648, -0.1219, -0.5520|1197.0
32|0.3957, -1.0000, -0.1044, -0.1604, 0.2692, -0.5910, -0.1442, -0.4600|1520|0.4100, -0.9815, -0.1065, -0.1473, 0.2853, -0.5649, -0.1138, -0.4979|792.0
