1|0.8554, -0.5444, 0.1238, -1.0000, -0.3596, 0.5488, -0.5394, 0.4056|240|-0.1452, -0.0650, -0.0765, -0.0338, -0.1067, 0.1148, -0.0132, -0.0996|30.4
2|0.7609, -0.2886, -0.5761, -1.0000, -0.6993, 0.3555, -1.0000, -0.7097|660|-0.0416, -0.0180, -0.2951, -0.1240, -0.1080, 0.2525, 0.0562, -0.2689|109.6
3|0.4747, -0.2886, -0.8844, -1.0000, -0.8457, -0.1947, -0.5394, -0.3445|700|0.0190, -0.0410, -0.2520, -0.0963, -0.1535, 0.1773, 0.1750, -0.1355|86.0
4|0.8554, -0.8126, -1.0000, 0.1107, -0.2657, -0.5049, -0.5394, -0.2953|760|0.0916, -0.1342, -0.4106, -0.0787, -0.3882, 0.2653, -0.0036, 0.0320|82.4
5|0.7609, -0.8126, -1.0000, -1.0000, -0.2657, 0.4387, -0.6698, -0.2177|1540|0.2805, -0.2263, -0.3427, -0.4002, -0.2937, 0.2834, -0.1244, 0.0151|163.6
6|0.4747, -0.2886, -0.8844, -1.0000, -0.8457, -0.1947, -0.5394, -0.3445|1520|0.3347, -0.1967, -0.3495, -0.6194, -0.2801, 0.2305, 0.0053, -0.0651|174.4
7|-0.7322, 0.0791, -0.8234, -1.0000, -0.3596, -0.1947, -0.5394, -0.3445|1140|0.4276, -0.3259, -0.4389, -0.7327, -0.2902, 0.2467, -0.0051, -0.1193|310.0
8|0.8554, -0.2886, -0.6340, -0.6340, -0.1684, -0.1947, 0.5963, -0.3445|1440|0.3289, -0.3314, -0.6156, -0.7969, -0.3633, 0.1480, 0.0046, -0.2082|395.6
9|0.8744, -0.5444, -0.7512, -1.0000, -0.1511, 0.5609, 0.5963, -0.3019|1500|0.5179, -0.3462, -0.5923, -0.9185, -0.2715, 0.1776, 0.0431, -0.2738|374.4
10|0.7609, -0.8126, -0.8844, -1.0000, -0.2657, 0.5451, -0.5394, -0.3445|1800|0.5893, -0.3639, -0.6970, -0.9903, -0.3352, 0.1716, -0.0705, -0.1122|583.6
11|0.8744, -0.5444, -0.7512, -1.0000, -0.1511, 0.5609, 0.4001, 0.4289|4400|0.6332, -0.3983, -0.7018, -0.9863, -0.3644, 0.1476, 0.1062, -0.0777|724.8
12|0.8744, -0.5444, -0.7512, -1.0000, 0.5553, 0.5609, 0.4001, -0.3445|2940|0.6502, -0.4266, -0.7499, -0.9863, -0.1820, 0.1023, 0.1568, -0.1602|768.4
13|0.8744, -0.5444, -0.7512, -1.0000, 0.5553, 0.5609, 0.4001, -0.3445|2020|0.6852, -0.5051, -0.7965, -0.9768, -0.1601, 0.0652, 0.1317, -0.1537|781.6
14|0.4747, -0.8126, -0.8844, -1.0000, 0.5553, -0.1947, 0.5963, -0.3019|5400|0.7646, -0.4998, -0.8082, -0.9951, -0.0117, 0.0574, 0.3114, -0.1761|1213.2
15|0.8554, -0.5444, -0.7512, -1.0000, 0.5553, 0.5609, 0.5963, -0.3445|5380|0.8039, -0.4914, -0.8167, -0.9864, -0.0507, 0.1342, 0.4144, -0.0942|1161.2
16|0.8554, -0.8126, -0.8844, -1.0000, -0.2657, -0.1947, 0.5963, -0.3019|2800|0.7127, -0.5032, -0.8213, -0.9793, -0.0635, 0.1325, 0.3812, -0.0177|751.6
17|0.8554, -0.5444, -0.8844, -1.0000, -0.8457, 0.5609, 0.5963, -0.3019|2800|0.7674, -0.5357, -0.8169, -0.9776, -0.2780, 0.0296, 0.4731, -0.0249|933.6
18|0.8554, -0.5444, -0.8844, -1.0000, -0.2657, -0.2773, 0.6691, 0.4289|3620|0.7180, -0.4807, -0.8108, -0.9574, -0.3240, -0.0330, 0.4771, -0.0663|1002.0
19|0.8554, -0.8126, -0.7512, -1.0000, 0.5553, -0.1947, 0.6691, -0.3019|4960|0.7739, -0.5523, -0.7555, -0.9954, -0.3010, -0.1023, 0.3251, -0.0802|1054.0
20|0.8554, -0.8126, -0.7512, -1.0000, -0.1511, 0.2190, 0.6691, 0.4289|3340|0.7864, -0.5572, -0.7733, -0.9056, -0.2357, -0.0512, 0.3316, 0.0069|991.6
21|0.8554, -0.5444, -0.7512, -1.0000, 0.5553, -0.2773, 0.5963, -0.3019|3320|0.7980, -0.6537, -0.7597, -0.9925, -0.1891, -0.0522, 0.2543, -0.0678|958.8
22|0.4747, -0.8126, -0.7436, -1.0000, -0.8457, -0.1947, 0.5963, -0.3019|3700|0.7955, -0.7073, -0.7382, -0.9014, -0.2953, 0.0142, 0.1456, 0.0039|1249.2
23|0.8744, -0.8126, -0.7512, -1.0000, -0.2657, 0.0701, 0.5963, 0.3968|3500|0.7871, -0.6853, -0.7497, -0.9737, -0.2146, 0.0353, 0.1839, 0.0459|969.2
24|0.8554, -0.6911, -0.7512, -1.0000, 0.4723, 0.2365, 0.6691, -0.3445|3880|0.7377, -0.7161, -0.7100, -0.9669, -0.2305, 0.0036, 0.1886, 0.0355|1054.0
25|0.8744, -0.8126, -0.7512, -1.0000, 0.0101, 0.2781, 0.5963, 0.4289|4700|0.6809, -0.6785, -0.7264, -0.9457, -0.1987, 0.0020, 0.3947, 0.1033|1109.2
26|0.8554, -0.6911, -0.7512, -1.0000, 0.4723, 0.2365, 0.6691, -0.3445|5980|0.7240, -0.7305, -0.7472, -0.8358, -0.2045, 0.0443, 0.4493, 0.0552|1352.0
27|0.8554, -0.8126, -0.7512, -1.0000, 0.4723, -0.3957, 0.5963, 0.4289|3540|0.7972, -0.7590, -0.7438, -0.9836, -0.1647, 0.0089, 0.4783, 0.0961|1326.4
28|0.8744, -0.8126, -0.7512, -1.0000, -0.1511, -0.1727, 0.5963, 0.4289|5960|0.7942, -0.7831, -0.7389, -0.9765, -0.1178, -0.0001, 0.5528, 0.0822|1338.4
29|1.0000, -0.4592, -0.4245, -0.5650, -0.0854, -0.0976, 0.3369, 0.2424|3340|0.8607, -0.8121, -0.6261, -0.9651, -0.1086, -0.0297, 0.5588, 0.1825|989.2
30|1.0000, -0.8126, -0.7512, -1.0000, -0.1511, -0.1727, 0.5071, 0.4289|3200|0.7588, -0.8124, -0.6957, -0.9230, -0.1707, 0.0161, 0.5687, 0.1696|1066.4
31|0.8554, -1.0000, -0.7512, -0.6166, 0.0035, 0.2911, 0.6691, -0.0164|4860|0.8511, -0.8416, -0.7828, -0.7983, -0.2469, 0.0524, 0.5673, 0.0758|1356.8
32|0.8744, -0.8126, -0.7512, -1.0000, -0.1511, -0.1947, 0.5963, 0.4289|4220|0.7905, -0.6862, -0.7342, -0.9379, -0.1180, 0.0689, 0.5485, 0.1704|1368.4
