1|0.4987, -0.7603, -1.0000, -0.5990, 0.1961, 0.3128, 0.5994, 0.0119|4160|0.0810, -0.0726, -0.1384, -0.2951, -0.1020, 0.0087, 0.0105, 0.0925|232.0
2|0.7976, 0.0812, -1.0000, -1.0000, -0.1193, -0.4690, -0.1020, 0.1207|4820|0.1624, 0.0237, -0.3328, -0.5216, -0.1513, -0.0187, 0.0674, 0.0190|372.4
3|0.4987, -0.7603, -1.0000, -0.5990, 0.2090, 0.3128, 0.5994, 0.0119|4780|0.3933, -0.1495, -0.4565, -0.6575, -0.2239, -0.1268, 0.1109, 0.0186|443.0
4|0.4987, -0.7603, -1.0000, -0.5990, 0.1961, 0.3128, 0.9439, 0.0119|2680|0.3380, -0.3074, -0.6005, -0.7293, -0.1789, -0.1912, 0.0931, 0.0366|568.6
5|0.4987, -0.7603, -1.0000, -0.5990, 0.2090, 0.3128, 0.5994, 0.4174|4220|0.4205, -0.3987, -0.6307, -0.7790, -0.1559, -0.2604, 0.1237, 0.0620|724.0
6|0.7314, -0.8863, -0.3918, -0.4940, -0.5376, -0.5419, 0.3139, 0.0494|3420|0.3849, -0.4661, -0.6588, -0.8159, -0.1788, -0.3269, 0.1036, 0.0888|659.8
7|0.7976, -0.8747, -1.0000, -1.0000, 0.3487, -0.0812, 0.3037, 0.0119|8720|0.4475, -0.5682, -0.7221, -0.7718, -0.1062, -0.3718, 0.1149, 0.1723|943.8
8|0.0499, -0.8747, -1.0000, -1.0000, 0.3572, -0.4690, 0.3037, 0.0119|4580|0.3423, -0.7036, -0.7139, -0.7833, -0.0063, -0.4471, 0.1701, 0.1132|1005.4
9|0.6560, -1.0000, -0.4359, -0.6600, 0.2749, 0.1911, 0.1842, 0.4445|4220|0.3963, -0.7010, -0.6682, -0.7647, -0.0605, -0.3167, 0.1900, 0.2054|960.8
10|0.9000, -1.0000, -0.6380, -0.5574, 0.4030, 0.2156, 0.3541, 0.0099|4580|0.4078, -0.6834, -0.6669, -0.6908, -0.1000, -0.2693, 0.1556, 0.1125|944.8
11|0.7976, -0.8747, -1.0000, -0.7346, -0.0441, -0.4277, 0.3015, 0.7275|5920|0.3599, -0.7972, -0.6034, -0.6913, -0.0960, -0.3236, 0.1288, 0.1672|1019.4
12|0.6560, -1.0000, -0.7437, -0.4148, -0.0441, 0.2514, 0.2532, 0.0261|8400|0.4375, -0.7942, -0.5405, -0.6468, -0.0792, -0.3521, 0.1647, 0.2572|1008.4
13|1.0000, -0.8949, -0.8378, -0.5990, 0.2090, 0.3682, -0.1020, -0.1020|6160|0.4244, -0.8257, -0.6181, -0.6925, -0.0630, -0.2964, 0.1701, 0.3210|1141.6
14|0.7377, -1.0000, -0.3644, -0.6110, -0.0033, 0.3128, 0.3015, 0.4445|7640|0.5122, -0.7641, -0.6214, -0.6839, -0.0911, -0.2596, 0.2013, 0.3629|1447.4
15|0.4987, -0.8863, -0.6380, -0.4940, -0.0441, -0.3687, -0.0041, 0.0099|5540|0.4717, -0.8576, -0.6403, -0.6751, -0.1018, -0.2812, 0.1943, 0.4826|1469.2
16|1.0000, -0.8949, -0.8378, -0.4940, -0.1193, 0.1911, -0.0006, 0.7691|6240|0.4442, -0.8681, -0.6439, -0.6431, -0.1051, -0.3171, 0.1603, 0.3922|1384.4
17|-0.0262, -1.0000, -0.2915, -0.3875, -0.0646, -0.0274, 0.1632, 0.3938|8580|0.5244, -0.8515, -0.6500, -0.6864, -0.0348, -0.3527, 0.1466, 0.3622|1393.6
18|0.4987, -0.8863, -0.6380, -0.4940, 0.1231, -0.3687, 0.3015, 0.0099|8500|0.5488, -0.8773, -0.5999, -0.6800, -0.0327, -0.3591, 0.1385, 0.4337|1468.8
19|0.4987, -0.8747, -0.6380, -0.4940, 0.1231, 0.1911, 0.3015, 0.0099|6420|0.5505, -0.8474, -0.5426, -0.6772, -0.0559, -0.3618, 0.1763, 0.4108|1314.2
20|0.4987, -0.8747, -0.6380, -0.4940, 0.1231, 0.1911, 0.3015, 0.0099|8000|0.6037, -0.8971, -0.5785, -0.6643, -0.0590, -0.3655, 0.1942, 0.3347|1483.0
21|0.5627, -1.0000, -0.7198, -0.9161, -0.1347, 0.0829, 0.2078, 0.8208|5400|0.5929, -0.9474, -0.5874, -0.5788, -0.0483, -0.3423, 0.2063, 0.3163|1407.4
22|0.0224, -1.0000, -1.0000, -0.7158, -0.0646, 0.3128, 0.3015, 0.0099|3920|0.5783, -0.9368, -0.5671, -0.6289, -0.0691, -0.3298, 0.2092, 0.2652|1503.2
23|0.5627, -1.0000, -0.6380, -0.9161, 0.1231, 0.0829, 0.3015, 0.0099|5320|0.5807, -0.9367, -0.5853, -0.5168, -0.0153, -0.2999, 0.2194, 0.2787|1352.0
24|1.0000, -0.7603, -0.3644, -0.6110, 0.1231, -0.0506, 0.3883, 0.4445|7020|0.6112, -0.9341, -0.6049, -0.6290, -0.0197, -0.2510, 0.2546, 0.2956|1521.2
25|0.9703, -1.0000, -0.6380, -0.6187, -0.1570, 0.0829, 0.3015, 0.0111|6620|0.5907, -0.9350, -0.5112, -0.6437, -0.0325, -0.2667, 0.2532, 0.2677|1520.4
26|0.5627, -0.9014, -0.3644, -0.5092, 0.1269, 0.0829, 0.3107, 0.0136|11060|0.7173, -0.8914, -0.4952, -0.6577, -0.0420, -0.2235, 0.2574, 0.2212|1847.4
27|0.5627, -0.9014, -0.3644, -0.5092, 0.1231, 0.0829, 0.3883, 0.0136|8540|0.7304, -0.9036, -0.4735, -0.6190, -0.0296, -0.1931, 0.2712, 0.2332|2019.8
28|0.4987, -1.0000, -0.5333, -0.4940, 0.1231, -0.3391, 0.2773, 0.0099|6520|0.8006, -0.9547, -0.4986, -0.6511, -0.0233, -0.1673, 0.2856, 0.1903|1981.8
29|1.0000, -1.0000, -0.3644, -0.6110, 0.3572, -0.1605, 0.3402, 0.4445|8280|0.8376, -0.9489, -0.5017, -0.6376, 0.0247, -0.1589, 0.2262, 0.2224|2007.8
30|1.0000, -1.0000, -0.3644, -0.6110, 0.3572, -0.1605, 0.3402, 0.4445|9740|0.8817, -0.9555, -0.4766, -0.6321, 0.0248, -0.0844, 0.2100, 0.2308|2295.6
31|0.4987, -1.0000, -0.3918, -0.4940, -0.1429, -0.0506, 0.2078, 0.4445|18020|0.8579, -0.9701, -0.4110, -0.5511, 0.0466, -0.0522, 0.2392, 0.2198|2166.2
32|0.6433, -1.0000, -0.3963, -0.5574, 0.1231, 0.3773, 0.2773, 0.4445|11500|0.8442, -0.9583, -0.4121, -0.6005, 0.0047, -0.0278, 0.2501, 0.1935|3003.4
