1|0.6485, 0.0586, -0.2849, -0.5137, -0.0790, -0.7115, -0.3392, -1.0000|560|0.0980, -0.0286, -0.0395, -0.0245, -0.0373, 0.0276, -0.1121, -0.0395|52.8
2|0.5547, -0.6229, -0.6540, -0.6099, -0.1228, 0.5804, -0.3011, -0.0209|1960|0.1355, -0.0087, -0.1061, -0.1963, -0.0700, 0.0152, -0.0557, -0.0991|170.8
3|0.5430, -0.9170, -0.4794, -0.8929, 1.0000, 0.3332, 0.9559, -0.6059|1800|0.1178, 0.0056, -0.2421, -0.2557, -0.1052, -0.2016, -0.1177, -0.0790|215.8
4|0.3240, -0.9170, -0.4379, -0.1949, -0.3605, 0.0578, -0.3392, -0.1984|7620|0.3006, -0.0329, -0.4413, -0.3892, -0.1303, -0.3096, -0.1773, -0.0775|397.4
5|0.3240, -0.9170, -0.4379, -0.1949, -0.3605, 0.0578, -0.3392, -0.1984|2720|0.3410, -0.0277, -0.4945, -0.4739, -0.3070, -0.4064, -0.1693, -0.0981|381.6
6|0.6783, -0.9170, -0.3033, -0.1949, -0.1502, 0.0578, -0.3392, -0.1984|6360|0.3611, -0.0295, -0.5645, -0.5484, -0.3523, -0.3919, -0.2333, 0.0278|512.2
7|0.3240, -0.9170, -0.4379, -0.1949, -0.3605, 0.0578, -0.3392, -0.1984|5520|0.3921, -0.0192, -0.5712, -0.6028, -0.3655, -0.5790, -0.2880, -0.1162|538.4
8|0.3240, -0.9170, -0.4379, -0.1949, -0.3605, 0.0578, -0.3392, -0.1984|3000|0.5489, -0.1140, -0.6075, -0.5843, -0.3613, -0.5369, -0.1895, -0.0412|751.6
9|0.6783, -0.9170, -0.6207, -0.3405, -0.1502, 0.0578, -0.3699, -0.1984|10020|0.5177, -0.2720, -0.5996, -0.5711, -0.3710, -0.4867, -0.2672, -0.1259|895.8
10|0.3534, -1.0000, -0.4775, -0.2125, -0.1513, 0.1182, -0.3699, -0.2164|5500|0.4709, -0.4581, -0.6249, -0.5202, -0.3559, -0.5187, -0.2961, -0.1757|890.0
11|0.3751, -1.0000, -1.0000, -0.1949, -0.1637, 0.1182, 0.1159, -0.2411|9740|0.4563, -0.5653, -0.6361, -0.5053, -0.3704, -0.4220, -0.3312, -0.1571|1187.6
12|0.3240, -1.0000, -0.4379, -0.6365, -0.1513, 0.1182, -0.3392, 0.5661|4640|0.3671, -0.7242, -0.6454, -0.4766, -0.3957, -0.3818, -0.2727, -0.0965|998.4
13|0.4091, -0.9170, -0.6022, -0.2318, -0.3605, 0.0630, -0.3392, -0.2164|4580|0.3552, -0.8043, -0.6862, -0.4920, -0.3605, -0.3170, -0.3373, -0.1626|1127.6
14|0.7397, -1.0000, -0.6022, -0.2318, -0.3605, 0.0630, 0.1264, -0.2164|7360|0.4005, -0.8962, -0.6902, -0.4277, -0.3404, -0.3549, -0.3247, -0.1925|1273.0
15|0.3751, -0.9170, -0.6022, -0.1949, -0.1467, 0.0578, -0.3392, -0.1984|5520|0.4277, -0.9154, -0.6736, -0.4622, -0.3338, -0.2499, -0.3606, -0.2163|1295.8
16|0.6485, -0.7147, -0.6602, -0.6365, -0.1467, 0.0578, -0.0574, -0.1984|5980|0.4756, -0.9418, -0.6666, -0.4470, -0.3281, -0.2122, -0.2892, -0.2557|1369.6
17|0.3751, -1.0000, -0.2301, -0.2318, -0.3605, 0.0630, 0.1159, -0.2411|6080|0.4592, -0.9501, -0.6018, -0.3711, -0.3036, -0.2024, -0.2827, -0.1823|1585.6
18|0.7397, -1.0000, -0.2301, -0.2318, -0.3605, 0.0630, 0.1159, -0.2164|7280|0.5149, -0.9516, -0.5397, -0.3511, -0.3051, -0.2493, -0.2919, -0.1584|1667.0
19|0.4091, -0.9170, -0.2301, -0.2318, -0.3605, 0.0630, 0.1159, -0.2411|8320|0.5763, -0.9155, -0.5149, -0.2983, -0.2228, -0.2562, -0.2751, -0.0879|1620.4
20|0.7397, -1.0000, -0.3995, -0.2318, -0.1467, -0.0007, 0.1159, 0.4481|15220|0.5827, -0.9575, -0.4910, -0.2738, -0.2584, -0.3058, -0.2686, -0.1464|2201.4
21|0.7397, -1.0000, -0.2301, -0.2318, -0.3605, 0.0630, 0.1159, -0.2164|11180|0.6043, -0.9606, -0.4497, -0.2407, -0.2145, -0.2568, -0.2434, -0.1565|2522.8
22|0.4091, -0.9653, -0.4775, -0.2125, -0.3605, 0.0583, 0.1159, -0.2411|10020|0.6548, -0.9685, -0.4411, -0.2300, -0.2149, -0.2151, -0.2244, -0.1559|2258.6
23|0.7397, -1.0000, -0.2301, -0.2318, -0.3605, 0.0630, 0.1159, -0.2164|17300|0.6489, -0.9475, -0.4272, -0.2159, -0.2056, -0.1847, -0.2317, -0.1706|2619.8
24|0.3751, -1.0000, -0.2510, -0.2125, -0.1786, 0.0630, -0.3699, -0.2164|13880|0.6271, -0.9606, -0.4014, -0.1963, -0.1945, -0.1206, -0.1663, -0.1829|2656.6
25|0.4091, -1.0000, -0.2301, -0.2318, 0.1603, -0.0007, 0.1159, -0.2164|35700|0.6726, -0.8306, -0.3922, -0.2244, -0.2043, -0.1144, -0.0743, -0.2019|2806.8
26|0.4091, -1.0000, -0.4775, -0.2318, 0.0359, 0.0630, 0.0418, -0.1984|12780|0.6872, -0.9367, -0.3910, -0.2103, -0.2105, -0.0612, -0.0362, -0.1585|3114.6
27|0.7397, -1.0000, -0.4775, -0.2125, -0.2301, -0.0179, 0.1264, -0.2164|21160|0.6628, -0.9691, -0.3973, -0.2123, -0.1876, -0.0605, -0.0035, -0.1420|3382.8
28|0.4091, -1.0000, -0.2301, -0.2318, -0.0149, 0.0630, 0.0418, 0.2105|31540|0.6489, -0.9714, -0.3888, -0.2179, -0.1477, -0.0145, 0.0012, -0.1584|4099.0
29|0.5376, -1.0000, -0.2301, -0.2318, -0.0149, 0.0630, -0.0418, 0.2105|31740|0.6525, -0.9819, -0.3570, -0.2174, -0.1412, -0.0059, 0.0117, -0.1604|5084.4
30|0.4091, -1.0000, -0.4377, -0.1684, 0.0724, 0.0458, 0.1159, -0.1984|21900|0.6752, -0.9695, -0.3573, -0.2164, -0.1366, 0.0107, 0.0115, -0.1927|4493.6
31|0.8067, -1.0000, -0.2301, -0.1684, 0.0359, 0.0458, 0.1159, -0.2310|23020|0.6693, -0.9860, -0.3203, -0.2094, -0.1518, 0.0366, 0.0261, -0.1773|5266.6
32|0.5376, -1.0000, -0.2301, -0.1684, -0.0149, 0.0630, -0.0770, 0.2105|56280|0.7022, -1.0000, -0.2799, -0.2124, -0.1282, 0.0353, 0.0324, -0.1817|7085.6
