1|0.8059, -0.8847, -1.0000, -0.8672, -0.1057, -0.5819, 0.0448, -1.0000|1920|-0.0703, 0.0381, -0.2797, -0.1400, 0.0195, 0.0329, 0.2478, -0.0555|113.0
2|0.1328, -1.0000, -0.6394, -0.9959, 0.4910, -0.2441, 0.9789, 0.8999|2000|-0.0729, -0.0668, -0.4673, -0.3975, -0.0376, 0.0087, 0.2632, -0.0229|296.8
3|0.8973, -0.2432, -1.0000, -0.9172, 0.4554, -0.9492, -0.3179, 0.9264|2180|-0.0431, -0.2144, -0.6154, -0.6730, -0.0020, -0.0512, 0.2143, -0.0467|357.2
4|-0.0361, -0.6243, -1.0000, -0.9172, -0.1348, -0.9492, 0.5393, 0.9264|3380|0.1327, -0.2678, -0.6749, -0.7046, -0.0434, -0.0294, 0.3923, -0.0040|418.2
5|0.8059, 0.4806, -1.0000, -0.9214, 0.4554, -0.9492, -0.3179, 0.9264|2960|0.2512, -0.3956, -0.6293, -0.6842, -0.0730, -0.0048, 0.4210, 0.0450|464.6
6|0.8158, -0.4364, -0.8515, -0.8118, -0.1070, 0.8227, 1.0000, -0.7506|1640|0.2573, -0.3088, -0.7015, -0.6352, -0.0819, -0.1046, 0.3401, 0.1590|409.2
7|0.8230, -0.2062, -0.8480, -0.7778, 0.3862, -1.0000, -0.0256, 0.7856|1920|0.1672, -0.3170, -0.6353, -0.7782, -0.1527, -0.1958, 0.3274, 0.2429|477.6
8|0.5439, -0.4894, -1.0000, -0.7778, 0.3862, -1.0000, -0.0256, 0.9264|2640|0.4262, -0.4713, -0.6985, -0.8191, -0.1275, -0.3120, 0.2411, 0.3368|586.0
9|0.8230, -1.0000, -0.6394, -0.9959, 0.3862, 0.7576, 0.5764, 0.8999|8140|0.5129, -0.4794, -0.7378, -0.6980, -0.1119, -0.2004, 0.2006, 0.3675|701.2
10|0.5456, -1.0000, -0.3484, -0.9959, -0.1348, -0.2441, 0.6688, 1.0000|2500|0.4272, -0.4704, -0.7115, -0.7695, -0.1778, -0.1534, 0.2315, 0.3198|612.6
11|-0.0361, -1.0000, -0.8292, -0.9959, -0.1348, -0.9492, -0.0251, 0.8999|5200|0.4569, -0.4306, -0.7153, -0.8313, -0.1306, -0.2675, 0.1764, 0.3869|649.0
12|-0.0361, -1.0000, -1.0000, -0.9959, -0.1348, 0.3070, -0.0217, 0.9264|5380|0.4456, -0.4130, -0.7298, -0.7717, -0.1710, -0.4546, 0.0249, 0.5356|646.6
13|0.8973, -0.4538, -1.0000, -0.9172, 0.4554, 0.0881, -0.0217, 0.3376|2420|0.4354, -0.5026, -0.7579, -0.8038, -0.0782, -0.4398, 0.0296, 0.3493|655.6
14|0.8494, -0.2302, -0.9467, -1.0000, -0.8607, -0.2311, -0.0243, 0.9467|4660|0.2387, -0.5170, -0.5110, -0.8131, -0.0612, -0.1775, 0.0369, 0.4351|643.8
15|-0.0361, -1.0000, -1.0000, -0.9959, -0.1348, 0.3070, -0.0217, 0.9264|2740|0.4126, -0.4923, -0.7193, -0.8421, -0.0621, -0.3258, 0.0762, 0.2363|653.8
16|0.8973, -0.8747, -1.0000, -0.9172, 0.0008, -0.5939, -0.3276, 0.9264|3380|0.4466, -0.4686, -0.7883, -0.8345, -0.0121, -0.3494, 0.0768, 0.1942|802.2
17|0.7846, -0.7649, -0.8745, -1.0000, 0.0007, -0.5193, -0.2864, 0.8101|3860|0.4696, -0.5889, -0.5896, -0.8033, -0.0326, -0.2994, 0.1206, 0.2538|763.8
18|0.1328, -1.0000, -0.8284, -0.9172, -0.4037, 0.5502, 0.4068, -0.5130|2580|0.5468, -0.5459, -0.6570, -0.8597, -0.0890, -0.2962, 0.1182, 0.1907|700.0
19|0.9174, -0.5935, -0.8601, -0.7348, 0.0025, -1.0000, -0.3349, 0.9472|3480|0.4324, -0.5415, -0.7512, -0.8756, -0.1115, -0.2895, 0.1027, 0.1859|785.4
20|0.7121, -1.0000, -1.0000, -0.8476, -0.5472, -0.6053, -0.2396, -0.6817|3380|0.5226, -0.5825, -0.6978, -0.8713, -0.1834, -0.2393, 0.1123, 0.2785|859.4
21|0.1328, -1.0000, -1.0000, -0.8476, 0.1377, -0.6053, 0.5767, -0.6817|3740|0.3762, -0.5391, -0.8151, -0.8890, -0.1732, -0.3225, 0.1301, 0.2887|710.2
22|0.1328, -1.0000, -0.8284, -1.0000, 0.4428, 0.5502, 0.4068, 0.4827|3240|0.4529, -0.5122, -0.8171, -0.8427, -0.1604, -0.3936, 0.2131, 0.2895|834.0
23|0.1448, -1.0000, -0.8284, -1.0000, -0.4037, 0.5502, -0.5508, 0.6450|4120|0.4417, -0.5168, -0.8020, -0.8780, -0.1749, -0.4413, 0.2348, 0.2562|864.0
24|0.1448, -1.0000, -0.8284, -1.0000, -0.1394, 0.5502, 0.4068, 0.4827|4320|0.3591, -0.6294, -0.8009, -0.9033, -0.1262, -0.4633, 0.1827, 0.2697|823.0
25|0.8973, -1.0000, -0.8284, -0.7348, 0.0025, 0.5502, 0.4068, 0.4827|3820|0.4835, -0.6866, -0.8035, -0.8857, -0.1097, -0.3796, 0.2115, 0.3322|1028.4
26|0.8973, -1.0000, -0.8284, -0.9172, 0.0025, 0.5502, 0.4068, 0.4827|3340|0.5504, -0.7883, -0.8009, -0.8929, -0.1436, -0.4914, 0.1409, 0.2926|930.4
27|0.1086, -1.0000, -0.4544, -0.5358, -0.3574, -0.5241, -0.0080, 0.2586|4340|0.5601, -0.8351, -0.7155, -0.8390, -0.1989, -0.4836, 0.0770, 0.3103|997.8
28|0.6367, -0.8941, -0.8941, -1.0000, -0.4864, -0.5412, -0.2142, -0.2827|3300|0.5100, -0.8681, -0.6956, -0.8232, -0.0983, -0.3649, 0.0517, 0.3251|935.0
29|0.4691, -1.0000, -0.8480, -1.0000, 0.3256, -0.7811, -0.0150, -0.6500|3880|0.4221, -0.8537, -0.7167, -0.7331, -0.1352, -0.4622, 0.0867, 0.3115|980.8
30|1.0000, -0.5748, -0.5345, -0.5748, 0.2545, 0.3162, 0.2338, -0.2948|4020|0.4625, -0.7335, -0.7352, -0.8278, -0.1521, -0.5353, 0.1591, 0.2508|977.8
31|0.1328, -1.0000, -0.3301, -0.6117, -0.5512, -0.4249, -0.0058, 0.9264|3840|0.5488, -0.7270, -0.6435, -0.7096, -0.1343, -0.4694, 0.1751, 0.1715|833.6
32|0.9258, -1.0000, -0.5125, -0.8042, -0.1438, -0.6682, 0.4197, 0.5747|5220|0.5181, -0.8596, -0.7164, -0.8425, -0.1764, -0.4345, 0.1048, 0.0877|1048.8
