1|0.7820, -0.9890, -0.3771, -1.0000, 0.3761, -0.4597, -0.1348, -0.5775|2040|0.0625, -0.0865, -0.0334, -0.0240, -0.0345, 0.0596, 0.0487, 0.0259|141.6
2|-0.4361, -0.3785, -0.8424, -1.0000, 0.3762, 0.2498, -0.2994, -0.3699|1860|0.0567, -0.0822, -0.2056, -0.2916, 0.0351, -0.0259, 0.0341, 0.0185|132.0
3|0.8517, -0.8385, -1.0000, -0.9948, -0.3746, 0.2534, -0.6632, 0.8885|2480|0.1280, -0.1525, -0.4667, -0.5972, 0.0329, 0.0036, 0.0221, -0.0563|294.4
4|0.8517, -0.7013, -1.0000, -0.9948, 0.2581, -0.1133, -0.6632, -0.0716|2940|0.2065, -0.1150, -0.6908, -0.6240, -0.0847, 0.0219, 0.0046, -0.0897|386.0
5|0.8517, -1.0000, -1.0000, -0.9948, -0.3746, 0.3569, -0.6632, 0.8885|3180|0.2478, -0.1865, -0.8333, -0.7492, -0.1374, -0.0543, -0.0066, -0.0767|461.4
6|0.8350, -0.8385, -1.0000, -0.5794, 0.0279, 0.2534, -0.1695, 0.3150|3620|0.4808, -0.1870, -0.7890, -0.8184, -0.0656, -0.1586, -0.1616, -0.0461|601.0
7|0.9815, -0.8386, -1.0000, -0.9948, 0.0279, 0.0019, 0.5910, -0.0716|5940|0.6851, -0.3264, -0.8278, -0.8420, -0.0585, -0.0661, -0.2628, -0.0490|770.4
8|1.0000, -0.9288, -1.0000, -0.8212, 0.0279, -0.8920, -0.8286, -0.2456|2180|0.6820, -0.3099, -0.8689, -0.8441, -0.1459, -0.1228, -0.3266, 0.0368|591.8
9|0.9815, -1.0000, -1.0000, -0.8361, 0.0279, 0.0019, -0.8971, -0.0716|3640|0.7365, -0.3700, -0.8300, -0.8438, -0.1999, -0.1339, -0.3114, -0.0369|696.2
10|1.0000, -0.9288, -1.0000, -0.8212, -0.8776, -0.1138, -0.3115, 0.3150|4080|0.7123, -0.4101, -0.8392, -0.8374, -0.2906, -0.2669, -0.2072, -0.1320|767.4
11|1.0000, -0.8385, -1.0000, -1.0000, -0.3746, 0.2534, -0.3927, 0.3150|3880|0.7556, -0.4997, -0.8355, -0.8341, -0.3176, -0.2766, -0.2579, -0.0317|752.0
12|1.0000, -0.9288, -1.0000, -1.0000, 0.2581, -0.0863, 0.5358, 0.2400|5000|0.8095, -0.5405, -0.8734, -0.8061, -0.3173, -0.2883, -0.3573, -0.0385|761.4
13|1.0000, -0.8386, -1.0000, -1.0000, -0.3746, -0.0448, 0.3543, 0.9576|6160|0.8812, -0.5637, -0.8946, -0.8114, -0.3208, -0.4064, -0.3775, -0.0063|1004.8
14|0.7619, -0.9288, -1.0000, -0.6089, 0.0279, -0.0448, -0.2867, 0.2400|5320|0.7545, -0.6331, -0.9271, -0.8230, -0.3124, -0.4727, -0.2608, -0.0171|1035.8
15|0.9325, -0.9288, -1.0000, -0.8212, -0.3746, -0.4779, 0.4574, 0.9576|4940|0.8306, -0.6820, -0.8943, -0.8447, -0.3431, -0.3805, -0.1782, 0.0146|1012.0
16|0.8517, -0.5498, -1.0000, -0.8212, -0.5922, -0.7909, -0.3927, 0.2400|4640|0.8218, -0.7174, -0.9041, -0.8468, -0.3403, -0.4564, -0.0436, -0.0062|1163.4
17|1.0000, -1.0000, -1.0000, -1.0000, -0.3746, -0.0448, 0.3543, 0.9576|4320|0.8781, -0.6972, -0.8843, -0.8077, -0.2772, -0.2990, 0.0059, -0.0367|1057.6
18|0.9325, -0.8386, -1.0000, -1.0000, -0.3746, 0.2534, 0.4574, 0.9576|3300|0.8085, -0.6704, -0.8755, -0.8053, -0.3450, -0.4446, 0.0003, -0.0870|1021.0
19|0.5651, -1.0000, -0.6060, -0.4310, -0.2270, -0.0290, -0.2738, 0.1909|5460|0.8612, -0.7934, -0.8668, -0.7813, -0.3709, -0.4532, -0.1064, -0.1144|1008.8
20|0.4718, -1.0000, 0.0212, -0.4310, 0.0714, -0.0290, -0.1987, 0.1194|7100|0.8532, -0.8747, -0.8929, -0.7795, -0.4206, -0.3452, -0.1546, -0.0698|1207.6
21|0.9325, -0.9269, -1.0000, -0.8212, -0.3746, -0.7909, -0.1987, 0.1194|5760|0.8611, -0.8874, -0.8435, -0.7984, -0.3721, -0.3408, -0.2229, -0.0811|1215.4
22|0.6763, -0.8386, -1.0000, -0.6089, -0.0263, -0.4779, -0.8971, 0.0007|4280|0.8589, -0.8677, -0.8744, -0.7779, -0.3122, -0.3334, -0.2719, -0.0935|1184.4
23|0.7619, -0.8386, -1.0000, -0.4310, -0.5922, -0.0290, -0.4518, 0.2077|10640|0.8874, -0.8584, -0.8449, -0.7546, -0.2793, -0.3524, -0.2565, -0.0386|1516.2
24|1.0000, -1.0000, -0.6060, -0.4310, -0.2270, -0.0290, 0.1223, 0.2400|6260|0.8856, -0.8285, -0.8643, -0.7514, -0.2798, -0.3007, -0.2007, 0.0796|1321.6
25|1.0000, -1.0000, -0.6060, -0.5598, -0.1271, 0.2534, -0.5388, 0.0648|7040|0.8428, -0.8862, -0.8688, -0.7372, -0.2748, -0.3378, -0.2056, 0.0942|1353.2
26|0.9325, -1.0000, -1.0000, -0.9025, 0.2288, -0.0290, -0.4518, 0.0007|4660|0.8508, -0.9100, -0.8922, -0.7306, -0.2548, -0.2608, -0.1381, 0.1037|1349.4
27|1.0000, -1.0000, -1.0000, -0.8212, -0.3746, -0.4779, -0.4518, 0.1909|5800|0.8362, -0.8565, -0.9266, -0.7495, -0.2443, -0.2184, -0.1597, 0.1956|1332.4
28|1.0000, -0.9269, -1.0000, -0.6089, -0.3746, 0.2534, -0.2454, 0.9576|3700|0.8646, -0.8939, -0.9346, -0.7347, -0.3005, -0.2320, -0.1029, 0.1989|1244.2
29|0.9325, -1.0000, -1.0000, -0.8212, -0.3329, -0.5237, -0.2454, 0.3150|4080|0.8526, -0.8978, -0.8954, -0.6905, -0.3076, -0.2251, -0.1223, 0.2178|1467.2
30|1.0000, -1.0000, -1.0000, -0.5431, 0.2622, -0.0191, -0.1987, 0.0909|8080|0.9031, -0.9402, -0.9035, -0.7378, -0.3077, -0.2230, -0.1479, 0.1929|1511.0
31|1.0000, -1.0000, -1.0000, -0.4343, -0.3746, 0.2534, -0.1987, 0.0007|7500|0.9050, -0.9193, -0.9033, -0.7242, -0.2651, -0.1619, -0.1599, 0.2464|1600.8
32|0.9325, -1.0000, -1.0000, -0.3611, -0.2221, 0.1503, -0.4518, 0.9576|5560|0.8899, -0.9030, -0.8639, -0.7112, -0.3050, -0.1893, -0.2006, 0.2794|1490.0
