1|0.2523, -0.2307, -1.0000, -1.0000, -0.2114, -0.0464, -0.5556, -0.0660|1260|0.0388, -0.0644, -0.1084, -0.0944, 0.0413, -0.0466, -0.0056, -0.0294|123.8
2|0.8433, 0.2384, -1.0000, -0.5857, -0.2608, 0.6914, 0.2820, -0.9377|1940|0.1370, -0.1662, -0.3138, -0.1631, -0.0915, -0.1459, 0.1142, -0.1218|153.6
3|0.2136, -0.3469, -0.6302, 0.0245, -0.4690, -1.0000, 0.4712, 0.3940|2260|0.2702, -0.1248, -0.3986, -0.2009, -0.1548, -0.2747, 0.0108, -0.0825|227.4
4|0.5894, -0.0921, -0.2258, -0.5603, -0.4690, -1.0000, 0.4712, -0.0826|1060|0.2799, -0.1064, -0.4725, -0.3470, -0.1819, -0.3313, 0.0272, -0.0497|204.4
5|0.8068, -0.0468, -1.0000, -0.5603, 0.4543, -0.8734, 0.5304, 0.2836|2700|0.2494, -0.1462, -0.6375, -0.4707, -0.2305, -0.3114, -0.0695, -0.1201|375.2
6|0.2508, -0.9288, -0.9229, -0.1216, -0.7434, -0.8734, -1.0000, 0.6245|2960|0.1640, -0.2082, -0.5909, -0.5451, -0.2802, -0.4034, -0.0766, -0.0615|413.8
7|-0.1254, -1.0000, -0.2431, -0.1309, -0.6003, -0.3401, -0.1371, 0.6658|2720|0.1449, -0.1930, -0.4952, -0.5996, -0.3136, -0.4294, -0.0756, 0.0288|390.8
8|0.7092, -0.5499, -0.9229, -0.5582, -0.7247, -0.4108, -1.0000, 0.6245|1720|0.1315, -0.0818, -0.6441, -0.6118, -0.2600, -0.4881, -0.0608, -0.0355|418.2
9|-0.1495, -0.4002, -1.0000, -0.8693, -0.5575, -0.8734, -0.6231, -0.0005|2780|0.1077, -0.1409, -0.6533, -0.6851, -0.3251, -0.5390, -0.2316, -0.0308|427.8
10|0.1550, -1.0000, -0.1942, -0.4353, -0.3403, 0.0008, 0.0206, -0.0003|3880|0.1033, -0.3258, -0.6413, -0.6686, -0.3247, -0.5517, -0.1505, -0.1140|541.2
11|0.0598, -0.0568, -0.6166, -0.0032, -0.7505, -0.5560, 0.2721, -1.0000|2040|0.0972, -0.2859, -0.6494, -0.7301, -0.3509, -0.5140, -0.2022, -0.1595|426.6
12|0.2554, -1.0000, -0.5204, -0.4902, -0.0436, -0.3593, -0.7017, 0.2864|5320|0.0569, -0.3193, -0.5904, -0.6973, -0.4332, -0.5309, -0.1142, -0.0953|486.6
13|0.7365, -1.0000, -0.6418, -0.6418, -0.1402, -0.1149, 0.5706, 0.0237|2660|0.0878, -0.3117, -0.6810, -0.6967, -0.4511, -0.4868, 0.0086, -0.1045|567.8
14|0.2136, -0.4069, -1.0000, -0.8693, -1.0000, -0.8734, 0.9175, 0.1776|2200|0.0399, -0.3291, -0.6607, -0.6857, -0.2353, -0.5257, -0.0299, -0.0788|485.2
15|0.8160, -1.0000, -1.0000, -0.8795, 0.2033, -0.4990, -0.1042, 0.3080|1960|0.0213, -0.3732, -0.6644, -0.6518, -0.3463, -0.5170, 0.1050, -0.1149|512.6
16|0.2136, -1.0000, -1.0000, -0.8693, -0.1402, -0.5457, 0.9175, -0.2742|2600|0.1039, -0.4220, -0.6754, -0.6653, -0.3307, -0.6571, 0.1541, -0.2030|607.2
17|0.0375, -0.8775, -1.0000, -0.6418, 0.0100, -1.0000, -0.2562, 0.0237|3260|0.1500, -0.3134, -0.7159, -0.6162, -0.3877, -0.6471, 0.0570, -0.1145|581.0
18|-0.0458, -0.0379, -0.9947, -1.0000, -0.0557, -0.2726, -0.8541, -0.0423|2160|0.1391, -0.2781, -0.6923, -0.6334, -0.4248, -0.6596, 0.0204, -0.1907|574.2
19|0.4565, -1.0000, -0.2005, -0.5825, -0.7442, -0.1588, -0.1143, 0.9933|5780|0.1222, -0.3649, -0.6959, -0.6918, -0.4172, -0.6402, 0.0630, -0.1173|659.4
20|0.7365, -1.0000, -1.0000, -0.5390, -0.4345, -0.8734, -0.0948, 0.6054|2560|0.0435, -0.3883, -0.7355, -0.6020, -0.2890, -0.6677, 0.1220, -0.1157|594.2
21|0.8160, -1.0000, -1.0000, -1.0000, -0.0107, -0.5806, 0.0564, -0.3521|4780|-0.0164, -0.5042, -0.6725, -0.6235, -0.2730, -0.6992, 0.1050, -0.2342|572.0
22|0.8160, -1.0000, -1.0000, -0.5653, -0.0107, -0.5806, 0.2698, 0.1023|4460|0.0666, -0.5102, -0.7018, -0.6397, -0.2923, -0.6311, 0.0948, -0.1975|705.2
23|0.8160, -1.0000, -1.0000, -0.5653, -0.0107, 0.0464, 0.2698, 0.1023|4120|0.2834, -0.5842, -0.8100, -0.5843, -0.2458, -0.6968, 0.0933, -0.2112|716.0
24|0.6639, -0.9058, -1.0000, -0.5653, -0.0107, -1.0000, 0.3089, 0.1023|4080|0.2125, -0.6201, -0.7651, -0.6976, -0.2468, -0.6598, 0.0609, -0.1387|788.4
25|0.8160, -1.0000, -1.0000, -1.0000, -0.0107, -0.5806, -0.0162, -0.4610|5960|0.3623, -0.6001, -0.7909, -0.6857, -0.2868, -0.6251, 0.0463, -0.1666|946.8
26|0.8160, -1.0000, -1.0000, -0.4614, -0.0107, 0.0464, 0.2698, 0.1023|5000|0.3081, -0.6894, -0.8240, -0.7321, -0.2837, -0.5860, 0.0282, -0.1859|967.0
27|0.7328, -1.0000, -0.5979, -0.2664, -0.4349, -0.6571, 0.0301, -0.5648|2680|0.3072, -0.6407, -0.7724, -0.7132, -0.2912, -0.5359, 0.0031, -0.1226|793.2
28|0.2838, -1.0000, -1.0000, -1.0000, -0.0207, -0.0841, 0.0564, -0.0973|4840|0.3143, -0.7569, -0.6955, -0.6430, -0.3099, -0.5524, -0.0118, -0.0949|795.0
29|0.2838, -1.0000, -1.0000, -1.0000, -0.0207, -0.0841, 0.0564, -0.0973|6120|0.3982, -0.7622, -0.6246, -0.6956, -0.2781, -0.4965, -0.0040, -0.1251|856.6
30|0.2838, -1.0000, -1.0000, -1.0000, -0.0207, -0.0841, 0.0564, -0.0973|4160|0.4426, -0.6941, -0.6287, -0.6402, -0.2970, -0.4605, -0.0064, -0.0838|975.2
31|-0.0429, -1.0000, -0.6442, -0.3469, -0.0106, -0.3025, 0.2698, -0.0973|6200|0.3935, -0.7016, -0.7175, -0.6586, -0.2843, -0.4373, 0.0071, -0.0142|972.0
32|1.0000, -1.0000, -0.6442, -0.7217, -0.3379, -0.3570, -0.1125, 0.2214|7500|0.3693, -0.6860, -0.7258, -0.6304, -0.2151, -0.3360, 0.0106, -0.0399|1140.0
