1|0.0568, -0.2488, -0.4821, -0.7189, -0.7316, -0.3973, 1.0000, -0.7711|700|0.0458, 0.0817, -0.1008, 0.0188, 0.0721, -0.0194, -0.0675, 0.0161|65.0
2|-0.0291, -1.0000, -0.4209, -0.2858, -0.1141, -0.5054, 0.3101, 0.5806|1900|0.0339, -0.0217, -0.1613, -0.1459, 0.0510, -0.0017, -0.1141, 0.0959|153.2
3|0.0154, -1.0000, -0.4209, -0.2858, -0.0940, -0.5054, 0.3101, -0.2496|1760|0.2407, 0.0142, -0.1799, -0.1420, -0.0415, -0.0671, -0.1782, 0.0552|170.2
4|0.0154, -1.0000, -0.4209, -0.2858, 0.1182, -0.5054, 0.3101, -0.2496|6200|0.1938, -0.2061, -0.3336, -0.3217, -0.1388, -0.0763, -0.0201, 0.0610|353.6
5|0.0152, -1.0000, -0.4209, -0.2858, 0.1182, -0.5054, 0.3101, -0.2496|5500|0.2305, -0.2533, -0.4438, -0.4756, -0.1856, -0.0498, 0.0446, -0.0085|489.4
6|0.9145, -0.3408, -1.0000, -0.3319, -0.3802, -0.5869, -0.0261, -0.2898|2680|0.2881, -0.3236, -0.5362, -0.4611, -0.1976, -0.1904, -0.0752, -0.1296|532.8
7|0.8791, -0.4567, -0.7913, -0.3461, -1.0000, 0.0068, -0.0858, -0.2072|3820|0.4899, -0.3692, -0.5678, -0.5385, -0.2765, -0.1115, -0.0531, -0.1034|762.8
8|1.0000, -1.0000, -0.4209, -0.3319, -0.3802, -0.0977, -0.0504, -0.2898|3800|0.5273, -0.4994, -0.4399, -0.4136, -0.3256, -0.1904, 0.0233, -0.1482|813.4
9|0.6446, -1.0000, -0.4209, -0.2506, -0.6043, 0.1007, -0.0237, -0.0817|6560|0.4892, -0.6094, -0.5355, -0.4467, -0.3711, -0.1474, 0.1413, -0.0817|812.8
10|0.8577, -0.8856, -0.6707, -0.6401, 0.2652, 0.0839, 0.3101, -0.0909|6400|0.5327, -0.6017, -0.5055, -0.4984, -0.2255, -0.1911, 0.1736, -0.0266|989.2
11|0.2390, -1.0000, -0.4325, -0.1468, -0.3540, -0.3238, -0.0139, -0.0478|7960|0.4849, -0.5890, -0.4938, -0.4541, -0.1377, -0.2261, 0.1688, 0.0227|1078.2
12|0.8523, -1.0000, -0.5431, -0.4001, 0.1922, -0.0561, 0.7555, -0.1352|8200|0.5542, -0.6692, -0.5675, -0.4503, -0.1481, -0.2541, 0.1352, 0.0333|951.0
13|1.0000, -1.0000, -0.3946, -0.3319, 0.1280, -0.0977, -0.0036, 0.2775|4980|0.4715, -0.7180, -0.5116, -0.4123, -0.1389, -0.2428, 0.0913, 0.0239|1040.4
14|1.0000, -1.0000, -0.3946, -0.3319, 0.1280, -0.0977, -0.0036, 0.2775|6100|0.5586, -0.8013, -0.4425, -0.3661, -0.1254, -0.2685, 0.0323, 0.0452|1309.6
15|0.1275, -1.0000, -0.0785, -0.1524, -0.0872, -0.0521, -0.0098, 0.1480|54380|0.4716, -0.7080, -0.4715, -0.3492, -0.1554, -0.2674, 0.0728, -0.0055|2132.4
16|0.1275, -1.0000, -0.0365, -0.1524, -0.0872, 0.0701, -0.0098, 0.1480|53160|0.4544, -0.7399, -0.4205, -0.3418, -0.1679, -0.2749, 0.0631, 0.0282|2845.2
17|0.1275, -1.0000, -0.0365, -0.1524, -0.0872, 0.0701, -0.0098, 0.1480|104680|0.3445, -0.8296, -0.2889, -0.3403, -0.1187, -0.1750, 0.0333, 0.0311|3270.8
18|0.1275, -1.0000, -0.0365, -0.1457, -0.0872, 0.0701, -0.0587, -0.0563|62220|0.5072, -0.7782, -0.2734, -0.3676, -0.1802, -0.1402, 0.0548, 0.0926|2646.8
19|-0.0857, -1.0000, -0.0063, -0.1457, 0.0560, -0.1334, 0.2422, -0.0563|11560|0.4427, -0.9244, -0.2392, -0.3166, -0.1719, -0.1759, 0.0463, 0.0491|2488.8
20|0.2390, -1.0000, -0.5462, -0.0970, -0.0739, -0.0178, -0.0184, 0.1139|34000|0.4682, -0.8525, -0.1823, -0.2734, -0.1122, -0.1728, 0.0574, 0.0613|3779.0
21|0.8454, -1.0000, -0.1472, -0.0970, -0.0207, -0.0977, -0.0036, 0.1480|53440|0.4638, -0.9765, -0.1525, -0.2375, -0.0736, -0.1215, 0.0281, 0.0617|4766.6
22|1.0000, -1.0000, -0.1472, -0.0970, -0.0207, -0.0977, -0.0036, -0.0563|65660|0.4250, -0.9551, -0.1654, -0.2204, -0.0403, -0.0993, 0.0352, 0.0333|5224.4
23|1.0000, -1.0000, -0.2149, -0.2502, 0.0806, 0.1023, -0.0205, 0.0828|61660|0.4853, -0.8695, -0.1805, -0.2021, -0.0670, -0.0784, 0.0156, 0.0232|5051.2
24|0.2935, -1.0000, -0.0234, -0.0970, -0.0207, 0.0701, -0.0124, -0.0211|242240|0.5626, -0.9281, -0.1832, -0.1923, -0.0393, -0.0885, 0.0200, 0.0229|6544.4
25|0.1275, -1.0000, -0.0234, -0.1524, -0.0259, 0.0088, -0.0124, 0.0828|141240|0.6441, -0.8558, -0.1786, -0.1792, -0.0731, -0.0797, 0.0157, 0.0239|9833.8
26|0.2935, -1.0000, -0.0430, -0.1710, 0.0806, -0.0241, 0.0576, 0.0075|166060|0.6219, -0.8751, -0.1474, -0.1785, -0.0107, -0.0601, 0.0216, 0.0311|12362.0
27|0.1275, -1.0000, -0.0234, -0.1524, -0.0422, 0.0088, -0.0124, 0.0828|122680|0.6135, -0.9111, -0.1546, -0.1432, -0.0160, -0.0500, 0.0021, 0.0173|9519.6
28|0.2935, -1.0000, -0.1472, -0.1457, -0.1034, 0.0701, -0.0226, 0.1062|112980|0.6758, -0.9410, -0.1338, -0.1546, -0.0221, -0.0269, 0.0139, 0.0091|9318.4
29|0.1275, -1.0000, -0.0234, -0.1524, -0.0422, 0.0088, -0.0124, 0.0828|133180|0.6752, -0.8990, -0.0895, -0.1389, -0.0269, -0.0098, 0.0146, 0.0050|11896.6
30|0.2935, -1.0000, -0.0667, -0.1710, 0.0244, 0.0701, 0.0343, 0.1062|117580|0.6134, -0.6884, -0.0904, -0.1405, -0.0275, 0.0051, 0.0016, 0.0104|11835.4
31|0.5927, -1.0000, 0.0194, -0.1014, -0.0250, -0.0108, -0.0223, 0.0022|540140|0.6433, -0.8934, -0.0627, -0.1234, -0.0344, 0.0094, -0.0110, 0.0177|26630.6
32|0.1275, -1.0000, -0.0431, -0.0837, -0.0207, -0.0053, -0.0004, 0.1253|245080|0.6147, -0.7267, -0.0686, -0.1308, -0.0138, 0.0202, -0.0085, -0.0004|20543.4
