1|0.8977, -0.6197, -0.8038, -0.6602, -0.2859, 1.0000, -0.0058, -0.2981|1640|0.0705, 0.0135, 0.0426, -0.1720, -0.0986, -0.0618, 0.0964, 0.0141|89.4
2|0.6697, -0.9607, -0.3730, -0.7169, -0.4931, -0.0281, 1.0000, 0.1519|1360|0.0325, -0.0335, -0.1261, -0.2813, -0.1463, -0.0289, 0.0714, 0.0705|120.8
3|0.0717, -0.5457, -0.4126, -0.5853, -0.7724, -0.2006, -0.6177, 0.0110|2060|0.2119, -0.0687, -0.1455, -0.3752, -0.1620, 0.1722, -0.0260, 0.0547|201.2
4|0.0717, -0.5457, -0.8038, -0.5853, -0.7724, -0.2006, -0.0058, -0.2981|2120|0.3423, -0.0289, -0.3508, -0.5663, -0.2187, 0.1328, 0.0245, 0.0351|291.6
5|1.0000, 0.4931, -0.7077, -1.0000, -0.4931, -0.8659, -0.9619, 0.8703|1940|0.5599, -0.0088, -0.4694, -0.6130, -0.2449, 0.0169, 0.0727, 0.0665|361.2
6|0.6971, -1.0000, -1.0000, -0.7462, -0.5133, -0.0293, 0.8361, 0.1581|2700|0.6580, -0.0404, -0.5154, -0.6545, -0.2926, -0.0756, 0.1129, 0.0768|520.6
7|0.0780, -0.8408, -0.7077, -0.8228, -0.3971, -0.0281, 0.3728, -0.2144|4780|0.6278, -0.1705, -0.4964, -0.6652, -0.3682, -0.0499, 0.2109, 0.0108|641.8
8|0.6697, -0.7837, -0.7077, -1.0000, -0.4931, 0.2335, 0.3014, 0.6093|2660|0.5753, -0.4662, -0.4863, -0.6171, -0.3819, -0.1284, 0.2833, -0.0358|605.4
9|1.0000, -1.0000, -1.0000, -0.3261, -0.3971, -0.6901, 0.8361, -0.2144|4940|0.5043, -0.6848, -0.5799, -0.6508, -0.3590, -0.1955, 0.2531, -0.0401|802.6
10|0.8450, -1.0000, -0.7077, -0.5849, -0.3971, -0.0293, 0.3728, 0.6786|3560|0.5591, -0.7050, -0.5772, -0.7078, -0.3833, -0.2521, 0.2226, -0.0612|843.4
11|0.3538, -1.0000, -0.1893, -0.3787, -0.2605, -0.0963, 0.1451, 0.0802|4520|0.4941, -0.7295, -0.6140, -0.6680, -0.3356, -0.2425, 0.2117, -0.0698|786.6
12|-0.2645, -1.0000, -0.4720, -0.5060, -0.3289, -0.4088, 0.3055, -0.1085|2740|0.4665, -0.7202, -0.5034, -0.6111, -0.3440, -0.1955, 0.2628, -0.1407|840.0
13|0.3538, -1.0000, -0.7487, -0.3787, -0.2605, 0.2335, 0.1451, 0.0802|4840|0.5120, -0.7396, -0.5263, -0.5951, -0.3749, -0.1796, 0.1993, -0.0845|950.0
14|1.0000, -0.7958, -1.0000, -0.4845, -0.3971, -0.1898, 0.1870, -0.2144|6360|0.5045, -0.7362, -0.5593, -0.5905, -0.3721, -0.1828, 0.1417, -0.0779|1013.6
15|0.7676, -1.0000, -0.8111, -0.6211, -0.4853, -0.0323, -0.0146, 0.1085|3680|0.4637, -0.7361, -0.4547, -0.5838, -0.3745, -0.2422, 0.1012, -0.1576|901.2
16|0.6971, -0.9865, -0.3831, -0.7362, -0.3480, 0.3119, 0.1338, -0.1719|4260|0.5310, -0.7814, -0.4339, -0.5899, -0.3341, -0.2734, 0.0756, -0.0968|916.4
17|0.6971, -1.0000, -0.5660, -0.5549, 0.5582, -0.0281, 0.3728, -0.6948|7000|0.5259, -0.8027, -0.4988, -0.6089, -0.3244, -0.2385, 0.1645, -0.1675|1241.6
18|0.9694, -1.0000, -0.5399, -0.5060, 0.1403, -0.0281, 0.1799, -0.2144|6280|0.5908, -0.8583, -0.3879, -0.5808, -0.2949, -0.1436, 0.1644, -0.1607|1147.0
19|0.9909, -1.0000, -0.6784, -0.1862, -0.3260, -0.4051, -0.3802, -0.1075|10200|0.5759, -0.8697, -0.4699, -0.5698, -0.3279, -0.1902, 0.2117, -0.0446|1245.6
20|1.0000, -0.9865, -0.3228, -0.2808, -0.6019, -0.0377, -0.0146, 0.2503|7360|0.6574, -0.8251, -0.4071, -0.5651, -0.3231, -0.2591, 0.1908, 0.0816|1299.4
21|0.7066, -1.0000, -0.3730, -0.3609, -0.7065, -0.0157, 0.1356, -0.1742|5840|0.6087, -0.7574, -0.4260, -0.4430, -0.3112, -0.2265, 0.2545, -0.0150|1176.2
22|1.0000, -1.0000, -0.5399, -0.4266, -0.0798, -0.5326, 0.3728, -0.2144|7480|0.6017, -0.7769, -0.4633, -0.5484, -0.3091, -0.2042, 0.2085, 0.0572|1442.2
23|0.7066, -1.0000, -0.5399, -0.4266, 0.0491, -0.1235, 0.0054, -0.1085|6660|0.5797, -0.9210, -0.4538, -0.5357, -0.2650, -0.1412, 0.2318, 0.0406|1501.6
24|1.0000, -1.0000, -0.3564, -0.3184, -0.0015, -0.0193, 0.2562, -0.0746|9720|0.5895, -0.8401, -0.4653, -0.5373, -0.2279, -0.1477, 0.2185, -0.0110|1658.6
25|0.8279, -1.0000, -0.6723, -0.7377, -0.4189, -0.1999, 0.4428, 0.1812|7380|0.5786, -0.9611, -0.4674, -0.5173, -0.2647, -0.1500, 0.2409, -0.0558|1481.0
26|0.7066, -1.0000, -0.4097, -0.3184, 0.0034, -0.0054, 0.0015, -0.1085|5880|0.6044, -0.9490, -0.4967, -0.5232, -0.2813, -0.0988, 0.2233, -0.0116|1627.8
27|0.7066, -1.0000, -0.7742, -0.4266, -0.0230, 0.1509, 0.0054, -0.1085|7620|0.7335, -0.9467, -0.4953, -0.5198, -0.2223, -0.0992, 0.2070, -0.0353|1801.8
28|1.0000, -1.0000, -0.1269, -0.3184, 0.0038, 0.0221, 0.0054, -0.0418|9440|0.7160, -0.9587, -0.4211, -0.5080, -0.1739, -0.0499, 0.1984, 0.0269|2253.8
29|1.0000, -1.0000, -0.3730, -0.5623, -0.0003, -0.0137, 0.1835, 0.6235|23960|0.6821, -0.9073, -0.3826, -0.4724, -0.1560, -0.0334, 0.1630, 0.0456|2705.8
30|1.0000, -1.0000, -0.3388, -0.3529, -0.0012, 0.0183, 0.0054, 0.2186|9840|0.6752, -0.9555, -0.3429, -0.3966, -0.1021, -0.0244, 0.1254, -0.0094|1962.2
31|1.0000, -1.0000, -0.3388, -0.3529, -0.0012, 0.0221, 0.2496, -0.0897|18940|0.7924, -0.9443, -0.4205, -0.4763, -0.1121, -0.0410, 0.1957, -0.0227|2452.6
32|1.0000, -1.0000, -0.5778, -0.3529, -0.0012, 0.0221, 0.2496, -0.0897|11060|0.7976, -0.9619, -0.3487, -0.4536, -0.1023, -0.0360, 0.1493, -0.0201|2052.8
