1|0.3243, -0.5600, -0.4275, -0.2480, -1.0000, 0.2145, -0.4589, -0.4877|1000|-0.1243, -0.0287, -0.1528, -0.0004, -0.2342, -0.0629, 0.0307, 0.1371|89.4
2|0.6657, -0.9586, -1.0000, -0.3724, 0.1226, 0.0028, -0.4283, 0.8571|1100|0.0507, -0.0293, -0.2118, -0.0953, -0.2146, -0.1730, 0.0148, 0.1475|130.0
3|0.6657, -0.9586, -0.2356, -0.7882, -0.2892, 0.2145, -0.3798, -0.0086|2460|0.0326, -0.2012, -0.2675, -0.1994, -0.2154, -0.1417, -0.1276, 0.1730|201.8
4|-0.3567, -1.0000, -0.0488, -0.0219, -0.0788, -0.5515, -0.0173, -0.3882|1140|0.1667, -0.1758, -0.2565, -0.3658, -0.1261, -0.2271, -0.3114, 0.1747|167.8
5|0.6944, -1.0000, -0.6220, -0.5015, -0.3017, -1.0000, -0.3962, 0.9218|2220|0.2579, -0.1622, -0.2863, -0.3274, -0.2026, -0.3299, -0.4183, 0.1727|231.0
6|1.0000, -0.1770, -0.8717, -0.8270, -0.1308, -0.2933, -0.5705, 0.7929|2500|0.2381, -0.2112, -0.3507, -0.3803, -0.2224, -0.3767, -0.4883, 0.1318|299.6
7|0.9458, -1.0000, -0.6074, -0.9441, 0.0364, -0.7703, 0.0705, -0.1545|3220|0.2253, -0.2991, -0.4260, -0.3729, -0.2430, -0.3458, -0.4318, 0.1693|359.2
8|1.0000, -0.8115, -0.8110, -0.5430, -0.2448, -0.8115, -0.3215, 0.1020|3300|0.2727, -0.2488, -0.3129, -0.3772, -0.2380, -0.4055, -0.3872, 0.1160|398.8
9|1.0000, -0.8115, -0.8110, -0.5430, -0.2448, -0.8115, -0.3215, 0.1020|2620|0.2549, -0.3503, -0.3611, -0.4051, -0.2060, -0.3620, -0.4533, 0.1336|438.2
10|0.4512, -1.0000, -0.4892, -0.0166, -0.3599, -0.4454, -0.3975, 0.5063|3460|0.3094, -0.3429, -0.4383, -0.3565, -0.0937, -0.4118, -0.3910, 0.1156|562.8
11|-0.1574, -1.0000, -0.0295, -0.2401, -0.0788, -0.5515, 0.0222, 0.5063|3440|0.3494, -0.2967, -0.4249, -0.4622, -0.0787, -0.4331, -0.3069, 0.1050|515.6
12|1.0000, -1.0000, -0.0295, -0.2401, -0.0788, -0.1985, 0.0222, 0.5063|3920|0.3887, -0.3689, -0.4795, -0.4694, -0.0822, -0.3767, -0.2665, 0.0978|636.4
13|0.6045, -1.0000, -0.4376, -0.2403, -0.0163, 0.0926, -0.0436, -0.0550|10720|0.3923, -0.4879, -0.4308, -0.4375, -0.0483, -0.4890, -0.2287, 0.1140|821.8
14|0.6045, -1.0000, -0.4376, -0.3060, -0.0163, 0.0926, -0.0436, -0.0550|12700|0.3988, -0.5071, -0.4397, -0.4176, -0.0888, -0.3891, -0.1758, 0.1516|860.4
15|0.6741, -1.0000, 0.0345, -0.1360, -0.0461, -0.1066, 0.0844, -0.1050|31000|0.4091, -0.6158, -0.4888, -0.4969, -0.0872, -0.3310, -0.2117, 0.0507|1296.8
16|0.6741, -1.0000, 0.0345, -0.1360, 0.0325, -0.1066, 0.0844, -0.1050|14080|0.4287, -0.6243, -0.5734, -0.4801, -0.0831, -0.2775, -0.1950, 0.0311|1368.2
17|0.6770, -1.0000, 0.0345, -0.1360, 0.0325, -0.1066, 0.0844, -0.1050|21940|0.3852, -0.7606, -0.4640, -0.5285, -0.0656, -0.1840, -0.1139, -0.0101|1640.4
18|0.6045, -1.0000, -0.1432, -0.0170, -0.0084, 0.0318, 0.0011, -0.0550|6980|0.4155, -0.7832, -0.4315, -0.4991, -0.0588, -0.2251, -0.0813, -0.0487|1498.2
19|0.4597, -1.0000, -0.5473, -0.0170, -0.0028, -0.2293, 0.0011, -0.1553|9620|0.3801, -0.8899, -0.3917, -0.4097, -0.0331, -0.1949, -0.0407, -0.0518|1685.4
20|0.9313, -1.0000, -0.4376, -0.0948, -0.1329, 0.0641, -0.0045, -0.0206|18980|0.4154, -0.8199, -0.3732, -0.3007, -0.0201, -0.1587, -0.0346, -0.0515|1967.2
21|0.4513, -1.0000, -0.1432, -0.0948, 0.0044, 0.0318, 0.0008, 0.0271|24580|0.4155, -0.8719, -0.3542, -0.2673, -0.0263, -0.1619, 0.0019, -0.0285|2074.8
22|0.6045, -1.0000, -0.0073, -0.0170, 0.0030, -0.1169, -0.0036, -0.0167|100500|0.5446, -0.9031, -0.3486, -0.3039, -0.0493, -0.1038, 0.0245, -0.0291|4327.0
23|0.9571, -1.0000, -0.0073, -0.0170, -0.0129, -0.1169, -0.0036, 0.0187|34560|0.5578, -0.9064, -0.3249, -0.2757, -0.0658, -0.0975, 0.0173, -0.0277|3215.4
24|0.9571, -1.0000, -0.0073, -0.0170, -0.0129, -0.1169, -0.0036, 0.0187|28200|0.5334, -0.8736, -0.3146, -0.2766, -0.0647, -0.0787, 0.0336, -0.0042|2276.6
25|0.9571, -1.0000, -0.0073, -0.0170, -0.0029, -0.1362, -0.0036, 0.0187|88600|0.5930, -0.8590, -0.3282, -0.3036, -0.0167, -0.0805, 0.0642, -0.0137|4686.6
26|0.9571, -1.0000, -0.0073, -0.0170, -0.0036, -0.1169, 0.0014, 0.0187|54020|0.5472, -0.8473, -0.3159, -0.2021, -0.0572, -0.0899, 0.0885, -0.0078|4050.8
27|0.2502, -1.0000, -0.1474, -0.3024, -0.0712, 0.0926, 0.2603, -0.0394|27360|0.5022, -0.7943, -0.2899, -0.2025, -0.0829, -0.0976, 0.1166, -0.0128|2894.0
28|1.0000, -1.0000, -0.1474, -0.3024, -0.1043, 0.1044, 0.0967, 0.0043|13960|0.5376, -0.8425, -0.2496, -0.2349, -0.0721, -0.0496, 0.1319, 0.0022|2453.6
29|0.5238, -1.0000, 0.0100, -0.0170, -0.0077, -0.0218, -0.0015, 0.0053|101240|0.4423, -0.9044, -0.1552, -0.2752, -0.0574, -0.0484, 0.0517, -0.0082|4742.0
30|0.5238, -1.0000, 0.0100, -0.0170, -0.0077, -0.0218, -0.0015, 0.0053|231400|0.4164, -0.8906, -0.1442, -0.2116, -0.0768, -0.0484, 0.0348, -0.0121|5689.8
31|1.0000, -0.9901, -0.1784, -0.2152, 0.0054, 0.0318, -0.0080, 0.0043|40740|0.4813, -0.8328, -0.1249, -0.1968, -0.0637, -0.0873, 0.0229, -0.0108|3353.0
32|1.0000, -1.0000, 0.0042, -0.2461, 0.0310, 0.1044, 0.0071, 0.0106|26400|0.4311, -0.8611, -0.1134, -0.1680, -0.0772, -0.1459, -0.0129, -0.0139|3555.4
