1|0.7260, 0.1319, -0.4432, -0.5944, -0.0977, -0.6873, -0.8134, 0.9663|1160|-0.0512, 0.1049, -0.1721, -0.1575, -0.1121, -0.0770, -0.1082, 0.0945|97.8
2|-0.1032, -0.1784, -1.0000, -0.7390, 0.3236, -0.9399, -0.0927, 0.8357|1080|-0.0142, 0.1433, -0.3947, -0.3689, -0.1698, -0.1000, -0.1758, 0.1548|161.2
3|0.1403, -0.8931, -0.4560, -0.6500, -0.3377, -0.8318, 1.0000, -0.2352|900|0.0358, 0.1185, -0.5054, -0.4593, -0.1713, -0.1688, -0.0620, 0.3089|193.6
4|-0.0886, -0.1532, -0.8587, -0.6346, 0.2779, -1.0000, -0.0796, 0.7176|2340|0.0361, 0.1483, -0.5335, -0.5490, -0.1962, -0.2944, 0.0193, 0.3660|231.4
5|0.0937, 0.1835, -0.9946, -0.7390, 0.7586, -0.7645, -0.0927, 0.0057|1500|-0.0386, 0.0686, -0.6037, -0.6657, -0.2119, -0.3677, -0.0149, 0.3272|293.2
6|-0.2755, -0.8931, -0.9902, -0.5660, -0.3377, -0.3097, -0.0796, 0.7176|3680|0.0091, 0.0637, -0.6355, -0.6968, -0.3918, -0.4906, 0.0378, 0.1022|472.0
7|-0.0886, -0.1532, -0.8587, -0.6346, -0.3377, -1.0000, -0.0796, 0.7176|2900|0.0744, -0.0683, -0.6199, -0.6928, -0.4237, -0.4943, 0.2109, 0.1615|510.6
8|-0.0942, -0.1629, -0.9136, -0.4609, 0.1132, -1.0000, -0.0987, -0.2241|1840|0.2141, -0.0589, -0.6690, -0.6928, -0.4044, -0.5070, 0.2488, 0.1608|533.6
9|0.6408, 0.1835, -1.0000, -0.6905, -0.0862, -0.6066, -0.0283, 0.0057|2620|0.2837, -0.1421, -0.6340, -0.6722, -0.5158, -0.3934, 0.1810, 0.1074|510.8
10|0.9305, -0.2083, -0.3912, -0.4332, -1.0000, -0.9399, 0.5405, -0.3059|1560|0.3133, -0.4036, -0.6001, -0.7284, -0.5386, -0.3804, 0.1463, 0.1470|597.8
11|0.7260, -0.6886, -0.8090, -0.6668, -1.0000, -0.5181, -0.0796, 0.4161|3300|0.3552, -0.6058, -0.5804, -0.7164, -0.6176, -0.4423, 0.0720, 0.1729|831.8
12|1.0000, -0.8931, -1.0000, -1.0000, -1.0000, 0.2387, 0.2315, 0.8528|5360|0.3667, -0.6420, -0.6390, -0.7546, -0.6961, -0.4077, 0.0665, 0.1391|940.0
13|0.9305, -0.3394, -1.0000, -0.0708, -0.7168, -0.9399, -0.0927, -0.3059|4000|0.3603, -0.7604, -0.5825, -0.7472, -0.6710, -0.4142, 0.0796, 0.3300|974.4
14|0.7260, -0.8931, -0.3912, -0.7105, -1.0000, -0.1951, 0.0972, 0.8528|3560|0.4097, -0.7648, -0.5976, -0.7472, -0.6561, -0.4007, 0.0966, 0.4815|1053.2
15|0.6408, -1.0000, -0.3817, -0.3564, -0.1388, -0.5181, -0.3110, 0.8227|5340|0.5279, -0.7808, -0.5853, -0.7341, -0.6437, -0.4146, 0.0813, 0.5570|1167.8
16|0.6408, -1.0000, -0.4834, -0.6346, 0.1931, -0.1343, 0.0492, 0.8227|6340|0.5272, -0.7956, -0.5819, -0.7492, -0.6031, -0.4106, 0.1052, 0.5834|1158.6
17|0.9305, -1.0000, -0.2737, -0.7567, 0.1931, -0.1343, -0.0796, 0.8227|5500|0.6183, -0.7973, -0.5657, -0.7181, -0.6646, -0.3901, 0.0836, 0.5667|1243.8
18|0.6233, -0.8931, -0.3912, -0.7105, -0.5905, -0.1951, 0.0972, 0.8528|5380|0.6664, -0.7588, -0.5372, -0.7272, -0.5862, -0.3551, 0.0689, 0.6264|1370.4
19|0.9305, -1.0000, -0.2737, -0.7567, 0.2191, -0.1343, 0.0972, 0.8528|5220|0.7184, -0.8922, -0.4728, -0.6940, -0.5759, -0.3513, 0.0275, 0.5761|1193.8
20|0.6408, -1.0000, -0.5154, -0.6346, -0.2152, -0.1343, 0.3977, 0.5066|6120|0.7456, -0.9103, -0.5235, -0.6193, -0.5436, -0.3295, 0.0520, 0.5192|1317.4
21|0.7260, -0.8931, -0.1885, -0.3564, 0.2191, -0.1951, -0.0796, -0.2106|4780|0.7297, -0.8925, -0.4954, -0.6214, -0.4775, -0.2849, 0.0482, 0.5056|1490.8
22|0.6408, -1.0000, -0.5154, -0.3564, -0.2152, -0.1951, -0.1038, 0.5066|10620|0.7439, -0.9250, -0.4754, -0.6343, -0.3286, -0.2905, 0.0721, 0.5432|1507.6
23|0.7260, -1.0000, -0.1885, -0.4887, 0.1931, -0.1087, 0.0972, 0.5066|8800|0.7666, -0.7622, -0.4777, -0.6343, -0.3818, -0.2636, 0.0431, 0.4970|1346.4
24|0.9305, -0.8931, -0.2737, -0.7105, 0.2191, -0.1087, 0.0972, 0.8035|8700|0.7758, -0.9333, -0.4809, -0.5433, -0.3917, -0.2807, 0.0746, 0.4215|1576.2
25|0.9305, -1.0000, -0.2942, -0.8132, 0.2191, 0.2159, 0.1045, 0.8528|9200|0.7959, -0.9705, -0.4972, -0.6049, -0.4251, -0.2528, 0.0961, 0.3894|1788.8
26|0.9305, -1.0000, -0.4834, -0.8132, 0.2191, 0.2159, 0.3977, 0.8528|7600|0.8101, -0.9821, -0.4324, -0.6044, -0.3767, -0.2347, 0.1107, 0.3941|1626.8
27|0.9305, -1.0000, -0.4834, -0.6346, -0.2152, -0.5181, -0.3110, 0.5066|5980|0.8378, -0.9806, -0.4822, -0.5833, -0.3863, -0.2042, 0.1041, 0.3509|1332.8
28|0.6408, -1.0000, -0.4326, -0.6500, -0.2152, -0.5181, 0.0972, 0.8035|5300|0.8140, -0.9859, -0.4779, -0.5887, -0.3748, -0.2202, 0.1830, 0.2512|1535.2
29|0.9305, -1.0000, -0.8090, -0.3907, 0.1782, -0.1951, 0.3977, -0.2106|9040|0.8320, -0.9572, -0.4468, -0.5450, -0.4078, -0.2086, 0.1829, 0.2919|1717.6
30|0.6408, -1.0000, -0.1885, -0.3564, 0.1245, -0.1775, -0.0590, -0.1738|10880|0.8303, -0.9542, -0.4413, -0.5570, -0.3509, -0.1801, 0.1806, 0.2830|1774.6
31|0.6651, -1.0000, -0.2796, -0.3493, -0.7148, -0.0960, -0.2223, 0.3621|4980|0.8540, -0.8718, -0.4422, -0.5318, -0.3235, -0.1582, 0.1968, 0.1692|1702.6
32|0.9305, -1.0000, -0.3817, -0.3564, -0.2152, -0.1087, -0.1038, -0.2106|7400|0.8142, -0.9509, -0.4241, -0.5032, -0.2544, -0.1297, 0.1494, 0.0139|2096.4
