1|0.9478, 0.5260, -1.0000, -0.2855, -0.7822, 0.3078, 0.3153, -0.3431|500|0.7202, 0.2490, -0.5131, -0.5407, 0.0819, -0.0089, 0.1313, -0.1427|94.0
2|1.0000, 0.3494, -0.6641, -0.1896, -0.5195, 0.2045, 0.2094, -0.2279|460|0.8318, 0.2377, -0.5051, -0.3822, -0.3949, -0.1218, 0.1854, -0.0723|228.0
3|1.0000, -0.0604, -0.3907, -0.9670, -1.0000, -0.6684, 0.6745, 0.2402|600|0.7452, 0.2727, -0.6475, -0.3336, -0.6453, -0.1051, 0.3275, -0.0939|256.0
4|0.9478, -0.0604, -1.0000, -0.9670, -0.7822, -0.6684, 0.6745, 0.2548|1940|0.6689, 0.2314, -0.6954, -0.3266, -0.8911, -0.1965, 0.5308, 0.0142|564.0
5|0.2375, -0.0640, -1.0000, -0.2855, -0.7822, -0.7089, 0.3153, -0.1700|840|0.4506, 0.1130, -0.5735, -0.2476, -0.8693, -0.4039, 0.5668, 0.0293|390.0
6|0.2375, -0.0640, -0.3907, -0.2314, -1.0000, -0.7089, 0.6745, 0.2548|860|0.3086, -0.0050, -0.6344, -0.2530, -0.5848, -0.6072, 0.5308, 0.0639|362.0
7|0.2375, -0.0640, -0.3907, -0.2314, -1.0000, -0.7089, 0.6745, 0.2548|980|0.2375, -0.0640, -0.6344, -0.2422, -0.7232, -0.7089, 0.5842, 0.0503|408.0
8|0.2375, -0.0640, -0.3907, -0.2314, -1.0000, -0.7089, 0.6745, -0.1700|1380|0.2375, -0.0640, -0.6344, -0.2368, -0.5336, -0.7089, 0.6202, 0.0849|448.0
9|0.2375, -0.0640, -0.3907, -0.2314, -1.0000, -0.7089, 0.6745, 0.2548|800|0.2375, -0.0640, -0.3907, -0.2368, -1.0000, -0.2882, 0.6202, 0.0849|244.0
10|0.2375, -0.0640, -0.3907, -0.2314, -1.0000, -0.7089, 0.6745, -0.1700|1120|0.2375, -0.0640, -0.3907, -0.2368, -1.0000, -0.5687, 0.6202, 0.1698|380.0
11|0.2375, -0.0640, -0.3907, -0.4706, -1.0000, -0.7089, 0.1307, 0.2548|780|0.2375, -0.0676, -0.3199, -0.2668, -1.0000, -0.4284, 0.5658, 0.1698|220.0
12|0.2375, -0.0640, -0.3907, -0.4706, -1.0000, -0.7089, 0.1307, 0.2548|1080|0.2375, -0.0640, -0.4192, -0.3031, -1.0000, -0.7089, 0.5114, 0.1698|540.0
13|0.2375, -0.0640, -0.3907, -0.2314, -1.0000, -0.7089, 0.1307, 0.2548|1700|0.2392, -0.0605, -0.3693, -0.2665, -1.0000, -0.6700, 0.5288, 0.1983|486.0
14|0.2375, -0.0640, -0.3907, -0.2314, -1.0000, -0.7089, 0.1307, 0.2548|1480|0.2326, -0.0587, -0.3586, -0.2362, -1.0000, -0.6505, 0.4015, 0.1913|490.0
15|0.2375, -0.0640, -0.3907, -0.2314, -1.0000, -0.7089, 0.1307, 0.2548|1420|0.2457, -0.0623, -0.3800, -0.2250, -1.0000, -0.6894, 0.2210, 0.2053|718.0
16|0.2375, -0.0640, -0.3907, -0.2314, -1.0000, -0.7089, 0.1307, 0.2548|2000|0.2180, -0.0587, -0.3586, -0.2123, -1.0000, -0.6505, 0.2383, 0.2338|698.0
17|0.2375, -0.0640, -0.3907, -0.2314, -1.0000, -0.7089, 0.1307, 0.2548|860|0.2310, -0.0623, -0.3800, -0.2187, -1.0000, -0.6894, 0.2025, 0.2478|362.0
18|0.2375, -0.0640, -0.3907, -0.2314, -1.0000, -0.7089, 0.1307, 0.2548|1420|0.2998, -0.0640, -0.3907, -0.2250, -1.0000, -0.7089, 0.1666, 0.2548|638.0
19|0.2375, -0.0640, -0.7171, -0.2314, -1.0000, -0.7089, 0.1307, 0.2548|1420|0.2027, -0.0640, -0.4234, -0.2403, -1.0000, -0.7089, 0.1307, 0.2276|566.0
20|0.3933, -0.0640, -0.3907, -0.2314, -1.0000, -0.7089, 0.1307, -0.0176|1600|0.3154, -0.0156, -0.3907, -0.2403, -1.0000, -0.7089, 0.1307, 0.1458|770.0
21|0.2375, 0.0818, -0.3907, -0.2314, -1.0000, -0.7089, 0.1307, 0.2548|920|0.2998, 0.0281, -0.3907, -0.2314, -1.0000, -0.7089, 0.1040, 0.1458|516.0
22|0.3933, -0.0640, -0.3907, -0.2314, -1.0000, -0.7089, 0.1307, -0.0176|920|0.2843, 0.0411, -0.3907, -0.2314, -1.0000, -0.6641, 0.1307, 0.1731|454.0
23|0.3271, -0.0532, -0.3250, -0.1924, -1.0000, -0.5896, 0.1887, -0.0146|980|0.3135, -0.0133, -0.3410, -0.2119, -1.0000, -0.6492, 0.1597, 0.1201|432.0
24|0.3271, -0.0532, -0.3250, -0.1924, -1.0000, -0.5896, 0.1887, -0.0146|960|0.3092, -0.0262, -0.3043, -0.2002, -1.0000, -0.6134, 0.1771, 0.0392|540.0
25|0.3271, -0.0532, -0.3250, -0.1924, -1.0000, -0.5896, 0.1887, -0.0146|1160|0.3181, -0.0397, -0.3043, -0.1963, -1.0000, -0.6134, 0.1771, -0.0327|508.0
26|0.3271, -0.0532, -0.3250, -0.1924, -1.0000, -0.5896, 0.1887, -0.0146|1160|0.3181, -0.0397, -0.3043, -0.1963, -1.0000, -0.6134, 0.1771, -0.0327|496.0
27|0.3271, -0.0532, -0.2216, -0.1924, -1.0000, -0.7089, 0.1307, -0.0146|800|0.3386, -0.0397, -0.3043, -0.1963, -1.0000, -0.6134, 0.1771, -0.0317|650.0
28|0.4224, -0.0532, -0.3250, -0.1924, -1.0000, -0.5896, 0.1887, -0.0146|860|0.3762, -0.0532, -0.3146, -0.1924, -1.0000, -0.6015, 0.1829, 0.0123|526.0
29|0.3271, -0.0532, -0.3250, -0.1924, -1.0000, -0.5896, 0.1887, -0.0146|1440|0.4062, -0.0532, -0.3250, -0.1924, -1.0000, -0.5896, 0.1887, 0.0123|646.0
30|0.3271, -0.0532, -0.3250, -0.1924, -1.0000, -0.5896, 0.1887, -0.0146|820|0.3762, -0.0532, -0.3250, -0.1924, -1.0000, -0.5896, 0.1887, 0.0123|478.0
31|0.3271, -0.0532, -0.3250, -0.1924, -1.0000, -0.5896, 0.1887, -0.0146|1180|0.3666, -0.0532, -0.3250, -0.1924, -1.0000, -0.5896, 0.1887, -0.0146|588.0
32|0.3271, -0.0532, -0.3250, -0.1924, -1.0000, -0.5896, 0.1887, -0.0146|840|0.3571, -0.0532, -0.3250, -0.1924, -1.0000, -0.5896, 0.1924, -0.0146|498.0
