1|0.2689, -0.7691, -0.2219, -0.5067, -1.0000, -0.1166, -0.2230, 0.6535|2120|0.3487, 0.0251, -0.0043, -0.2801, 0.0502, 0.0225, 0.2995, -0.1032|210.0
2|0.2689, -0.7691, -0.2219, -0.5067, -1.0000, -0.1166, -0.2230, 0.6535|1800|0.4076, 0.0233, -0.2006, -0.3486, -0.3351, -0.0269, 0.1939, -0.0117|275.0
3|0.6811, -0.5315, -0.7229, -0.5344, -0.3184, -0.8743, 1.0000, -0.6078|740|0.2913, -0.0597, -0.2029, -0.5074, -0.5354, -0.2228, 0.0821, 0.0827|239.0
4|0.6811, -0.7691, -0.2219, -0.5344, -0.3184, -0.8743, -0.2230, 0.6535|980|0.2056, -0.2519, -0.2578, -0.5859, -0.5344, -0.1820, -0.0626, 0.1437|265.0
5|0.6811, -0.7691, -0.2219, -0.5344, -0.3184, -0.8743, -0.2230, 0.6535|1240|0.4786, -0.5276, -0.3654, -0.5685, -0.4664, -0.4516, 0.1046, 0.1773|699.0
6|0.6811, -0.7691, -0.2219, -0.5344, -0.3184, -0.8743, -0.2230, 0.6535|1300|0.5119, -0.5324, -0.3655, -0.6200, -0.4304, -0.6353, 0.1436, 0.1673|671.0
7|0.6811, -0.7691, -0.2219, -0.5344, -0.3184, -0.8743, -0.2230, 0.6535|1960|0.5224, -0.7632, -0.3277, -0.6176, -0.4131, -0.5218, -0.1058, 0.1336|697.0
8|0.6811, -0.7691, -0.2219, -0.5344, -0.3184, -0.8743, -0.2230, 0.6535|2000|0.5384, -0.7617, -0.2546, -0.5552, -0.5170, -0.8032, -0.1631, 0.5078|683.0
9|0.6811, -0.7691, -0.2219, -0.5344, -0.3207, 0.5471, -0.2230, 0.6535|1700|0.5296, -0.7433, -0.2778, -0.5507, -0.5163, -0.7158, -0.1090, 0.4392|897.0
10|0.6811, -0.7691, -0.2219, -0.5344, -0.3184, -0.8743, -0.2230, 0.6535|1880|0.5473, -0.7789, -0.3108, -0.5214, -0.5066, -0.7510, -0.1797, 0.5022|897.0
11|0.6811, -0.7691, -0.7229, -0.5344, -0.2783, -0.8743, -0.2488, 0.6535|2360|0.4695, -0.7500, -0.3754, -0.5459, -0.4876, -0.7510, -0.0440, 0.5849|839.0
12|0.6811, -0.7691, -0.7229, -0.5344, -0.3184, -0.8743, -0.2230, 0.6535|4220|0.5108, -0.7619, -0.4505, -0.5459, -0.4874, -0.8932, -0.0909, 0.5849|954.0
13|0.4346, -0.8797, -0.8268, -0.6112, -0.3642, -1.0000, -0.2550, 0.7474|2080|0.2796, -0.8299, -0.4865, -0.3171, -0.4566, -0.9434, -0.2133, 0.7052|894.0
14|0.6811, -0.7691, -0.8268, -0.5344, -0.3642, -1.0000, -0.2230, 0.6535|2380|0.3860, -0.8299, -0.4865, -0.5118, -0.3463, -0.9434, -0.2419, 0.7052|794.0
15|0.6811, -0.7691, -0.7229, -0.5344, -0.2783, -0.8743, -0.2488, 0.6535|2180|0.3832, -0.7546, -0.4956, -0.5860, -0.3149, -0.9623, -0.2521, 0.7161|943.0
16|0.3895, -0.8797, -0.2274, -0.4789, -0.3642, -1.0000, -0.2285, 0.7474|2020|0.3954, -0.6911, -0.5311, -0.5925, -0.3372, -0.8623, -0.2568, 0.7048|857.0
17|0.6811, -0.8797, -0.7229, -0.6112, -0.3642, -1.0000, -0.2550, 0.7474|3860|0.4277, -0.8034, -0.6612, -0.4021, -0.3587, -0.8623, -0.2630, 0.7719|1002.0
18|0.3895, -0.8797, -0.9586, -0.6112, -0.3642, -1.0000, -0.2917, 0.7767|2160|0.5273, -0.8648, -0.6177, -0.5614, -0.3520, -0.8434, -0.2335, 0.7650|955.0
19|0.3895, -0.8797, -0.2274, -0.4789, -0.3642, -1.0000, -0.2917, 0.7474|2980|0.5034, -0.8795, -0.6537, -0.6124, -0.3621, -0.9719, -0.2130, 0.7631|1363.0
20|0.6811, -0.8797, -0.7229, -0.6112, -0.3642, -1.0000, 0.2697, 0.7767|3780|0.5147, -0.8975, -0.6438, -0.6387, -0.3611, -0.9673, -0.1248, 0.7787|1197.0
21|0.3895, -0.8659, -0.9436, -1.0000, -0.4929, -1.0000, -0.2510, 0.7767|2180|0.5071, -0.8904, -0.6896, -0.6564, -0.3659, -0.9734, -0.0499, 0.7032|935.0
22|0.4428, -1.0000, -0.9436, -0.5445, -0.2445, -1.0000, -0.2510, 0.7767|5000|0.5479, -0.8784, -0.6277, -0.6366, -0.3613, -0.9587, 0.0018, 0.6461|1491.0
23|0.4346, -0.8797, -0.7229, -0.6112, -0.3642, -1.0000, 0.2697, 0.7474|3260|0.4671, -0.8978, -0.6566, -0.5928, -0.3491, -0.9747, -0.1378, 0.7544|1066.0
24|0.4346, -1.0000, -0.8268, -0.6112, -0.3642, -1.0000, -0.2917, 0.7474|4840|0.4424, -0.8711, -0.6528, -0.4920, -0.3600, -0.9689, -0.1110, 0.6767|1127.0
25|1.0000, -0.8797, -0.8268, -0.6112, -0.3642, -1.0000, -0.2488, 0.5950|2240|0.4844, -0.8857, -0.7214, -0.5715, -0.3642, -0.9978, -0.1386, 0.6291|1203.0
26|0.4346, -0.8797, -0.8268, -0.6112, -0.3642, -1.0000, -0.2917, 0.3968|2360|0.4844, -0.8917, -0.7617, -0.5914, -0.3642, -1.0000, -0.2215, 0.5840|991.0
27|0.4346, -0.8797, -0.8268, -0.4789, -0.3642, -1.0000, -0.2917, 0.7474|2700|0.4866, -0.8977, -0.7916, -0.5417, -0.3400, -1.0000, -0.2236, 0.5893|1094.0
28|1.0000, -0.8797, -0.8268, -0.6112, -0.3642, -1.0000, -0.2488, 0.3968|5940|0.5171, -0.8977, -0.8216, -0.5848, -0.3642, -1.0000, -0.2273, 0.5551|1746.0
29|0.4346, -1.0000, -0.8268, -0.6112, -0.3642, -1.0000, -0.2917, 0.7474|2460|0.4889, -0.8977, -0.8216, -0.5470, -0.3642, -1.0000, -0.1428, 0.5599|1131.0
30|0.4346, -1.0000, -0.8268, -0.6112, -0.3642, -1.0000, -0.2917, 0.3968|3720|0.4911, -0.9158, -0.8164, -0.5080, -0.3642, -1.0000, -0.2010, 0.5731|1101.0
31|0.4346, -1.0000, -0.8268, -0.6112, -0.3642, -1.0000, -0.2917, 0.7474|2280|0.4632, -0.9218, -0.8060, -0.5583, -0.3642, -1.0000, -0.2136, 0.6096|981.0
32|0.4346, -1.0000, -0.7229, -0.6112, -0.3642, -1.0000, -0.2917, 0.7474|4640|0.4632, -0.9097, -0.8164, -0.5517, -0.3642, -1.0000, -0.1791, 0.5668|1598.0
