1|0.9458, -1.0000, -0.1649, -0.1718, -0.8516, -0.4037, -0.7407, -0.1800|1600|0.0764, -0.1880, -0.3020, -0.1047, 0.0830, 0.0672, 0.2990, -0.1850|171.6
2|-0.4148, -0.9854, -0.5844, -1.0000, 0.5986, -0.5758, 0.6895, 0.2084|2040|0.2052, -0.3151, -0.4902, -0.2347, 0.0784, 0.1938, 0.3307, -0.1828|239.6
3|1.0000, -0.6914, -0.7451, -1.0000, 0.5986, -0.5758, 0.2199, -0.2791|1960|0.2080, -0.4814, -0.4834, -0.5270, 0.0046, 0.2059, 0.4429, -0.2439|375.2
4|0.7488, -1.0000, -0.6113, -0.9876, -0.0416, 0.8229, -0.3528, -0.0111|3280|0.2940, -0.5502, -0.5751, -0.7259, -0.0773, 0.1378, 0.4337, -0.3206|518.4
5|0.9646, -1.0000, -0.1649, -0.8378, -0.0416, 0.4148, 0.9507, -0.0111|2080|0.5779, -0.5183, -0.5645, -0.7632, -0.0837, 0.1281, 0.5447, -0.3165|634.0
6|0.5556, -1.0000, -0.3397, -0.4056, 0.2854, 0.3756, 0.5556, -0.4139|4920|0.6555, -0.5793, -0.4888, -0.8187, -0.0966, 0.1473, 0.5588, -0.2552|796.0
7|0.5556, -1.0000, -0.3397, -0.4056, 0.2854, 0.3756, 0.5556, -0.4139|4820|0.6732, -0.7201, -0.5759, -0.8347, -0.0814, 0.0222, 0.5101, -0.2333|918.0
8|0.5556, -1.0000, -0.3397, -0.4056, 0.2854, 0.3756, 0.5556, -0.4139|3320|0.7792, -0.7886, -0.5898, -0.8225, -0.0697, 0.0657, 0.4614, -0.0808|929.6
9|1.0000, -1.0000, -0.7520, -0.8378, 0.0214, -0.7679, 0.9389, -0.0111|3880|0.8557, -0.7706, -0.6307, -0.7835, 0.0928, -0.1209, 0.5748, -0.1216|766.8
10|1.0000, -0.8204, -0.7451, -1.0000, -0.2174, 0.6751, 0.9389, 0.5244|2800|0.9526, -0.8006, -0.6666, -0.8529, -0.0533, -0.0930, 0.6249, -0.1320|836.4
11|1.0000, -0.6914, -0.9115, -0.9876, 0.0214, -0.7679, 0.2090, 0.5244|5200|0.9455, -0.7696, -0.6808, -0.9103, -0.0720, -0.2026, 0.6079, -0.1483|1180.0
12|1.0000, -1.0000, -0.7520, -1.0000, 0.0236, 0.8229, 0.9507, -0.0111|5400|0.9670, -0.7679, -0.7512, -0.9424, -0.0329, -0.0966, 0.5990, -0.1236|1017.2
13|1.0000, -1.0000, -0.9115, -0.8378, 0.0214, -0.6209, 0.2090, -0.0111|3200|0.9734, -0.7901, -0.7507, -0.9559, 0.0304, -0.0316, 0.6307, -0.1341|1122.4
14|1.0000, -0.6914, -0.5044, -0.8378, 0.5986, 0.4300, 0.6097, 0.5244|4780|0.9197, -0.8320, -0.6238, -0.9516, 0.0030, 0.0893, 0.6445, -0.1042|1130.4
15|1.0000, -1.0000, -0.7520, -1.0000, 0.0236, 0.8229, 0.9507, -0.0172|4120|0.9650, -0.8377, -0.7408, -0.9303, 0.0724, -0.0797, 0.6922, -0.1091|1292.4
16|1.0000, -0.9805, -0.9805, -1.0000, 0.0232, -0.6209, 0.2049, 1.0000|6720|0.9102, -0.8139, -0.7122, -0.8731, 0.0902, -0.0959, 0.7391, -0.0529|1223.6
17|1.0000, -1.0000, -0.5844, -0.9876, -0.0396, 0.4300, 0.9389, 0.5244|4240|0.9518, -0.8485, -0.6642, -0.9239, 0.1441, -0.0850, 0.7777, 0.0789|1114.4
18|0.9328, -0.9733, -1.0000, -1.0000, 0.0236, -0.6209, 0.9389, -0.0111|2820|0.9580, -0.8646, -0.7090, -0.9692, 0.1447, -0.2365, 0.7541, 0.0955|1010.4
19|1.0000, -1.0000, -0.6113, -1.0000, 0.0206, -0.5297, 0.6097, 1.0000|5760|0.8391, -0.8492, -0.5657, -0.8857, 0.1303, -0.1711, 0.6487, 0.2189|1120.0
20|0.9999, -1.0000, -0.8792, -0.8684, 0.0176, -0.4535, 0.6097, -0.7448|4460|0.9141, -0.8256, -0.6344, -0.9026, 0.1648, -0.3119, 0.5535, 0.1454|1033.2
21|0.9630, -1.0000, -0.8792, -0.8684, 0.5986, -0.7679, 0.6097, -0.7449|3100|0.8900, -0.8491, -0.6585, -0.9072, 0.1877, -0.4753, 0.6353, -0.0657|908.0
22|1.0000, -0.9733, -0.8792, -1.0000, 0.0236, -0.3778, 0.5872, -0.0172|3540|0.9407, -0.8460, -0.6837, -0.8505, 0.1172, -0.5157, 0.6360, 0.0115|1093.2
23|0.9999, -1.0000, -1.0000, -0.6552, 0.0206, -0.8392, 0.9389, -0.0172|4220|0.8587, -0.8730, -0.7013, -0.8408, 0.1256, -0.5167, 0.7321, 0.0130|1233.2
24|0.9630, -1.0000, -0.8792, -0.6552, 0.5986, -0.5979, 0.9507, -0.7449|5400|0.7162, -0.7791, -0.7279, -0.8234, 0.1000, -0.4513, 0.7289, 0.0038|1129.6
25|1.0000, -0.7167, -0.4399, -0.6552, 0.0201, -0.5979, 0.4297, -0.0172|4360|0.7340, -0.8269, -0.6866, -0.6632, 0.1307, -0.5395, 0.7020, 0.0085|942.4
26|0.7055, -1.0000, -0.8467, -0.8684, -0.0279, -0.5979, 0.3519, 0.0311|5260|0.9158, -0.8563, -0.7000, -0.7782, 0.1412, -0.5893, 0.7220, -0.0481|1242.4
27|1.0000, -1.0000, -0.7423, -0.6185, 0.0201, -0.6209, 0.3085, -0.0172|3580|0.9134, -0.8449, -0.6537, -0.6775, 0.1150, -0.5867, 0.6842, -0.0706|1010.8
28|1.0000, -1.0000, -0.8467, -0.6552, -0.0297, -0.5979, 0.9507, -0.7449|3560|0.9630, -0.8979, -0.7157, -0.7765, 0.0394, -0.6189, 0.5864, -0.1088|1165.2
29|1.0000, -1.0000, -0.8467, -0.6552, -0.0297, -0.5979, 0.9507, -0.7449|4580|0.9648, -0.8876, -0.6931, -0.7192, 0.0385, -0.6070, 0.5828, -0.1295|1169.2
30|0.8396, -1.0000, -0.4926, -0.7055, 0.0201, 0.1419, 0.0326, -0.0172|6200|0.9483, -0.9049, -0.7125, -0.7208, 0.0135, -0.5446, 0.4947, -0.1018|1601.2
31|1.0000, -1.0000, -0.4926, -0.7055, 0.0201, 0.1419, 0.3519, -0.0172|4780|0.9318, -0.8789, -0.6764, -0.6542, 0.0200, -0.5195, 0.4731, -0.0329|1232.0
32|1.0000, -1.0000, -1.0000, -0.7055, 0.0206, -0.5979, 0.2067, -0.0172|6960|0.9732, -0.8825, -0.7071, -0.6140, 0.0225, -0.5749, 0.4870, 0.0351|1273.2
