1|0.5779, 0.0833, -0.3689, -0.5771, -0.9402, -0.8172, 0.5241, 1.0000|860|-0.0772, -0.1102, -0.2025, -0.1937, -0.1241, -0.0745, -0.0411, -0.0469|93.0
2|0.0287, -0.8669, -0.8126, -0.4194, -0.7393, -0.5358, -0.9163, 0.1306|1220|0.0279, -0.1124, -0.2629, -0.3602, -0.1178, -0.1489, 0.0440, -0.1242|145.2
3|0.4321, -0.5064, -0.7746, -0.7458, 0.5591, -0.0187, 0.8807, -0.4679|2400|0.0541, -0.0705, -0.3420, -0.5000, -0.2192, -0.2231, 0.1052, -0.0832|316.2
4|0.0313, -0.9460, -0.8868, -0.5771, -0.8068, -0.8172, -1.0000, 0.1425|2480|0.0973, -0.2024, -0.3886, -0.5578, -0.3638, -0.3530, -0.0077, -0.1573|369.4
5|0.4321, -0.5064, -0.8868, -0.5771, 0.1265, -1.0000, 0.0712, 0.1555|3840|0.1942, -0.2903, -0.4536, -0.5207, -0.3296, -0.4039, -0.0084, -0.1311|406.2
6|0.6722, -0.9460, 0.0372, -0.2419, -0.1000, -0.2362, -0.8400, 0.1425|2320|0.1912, -0.3739, -0.4023, -0.6580, -0.3689, -0.4627, -0.1032, -0.2147|450.2
7|1.0000, -0.3688, -0.4420, -0.6814, -0.4803, -0.5223, -0.7673, -0.6212|2340|0.2755, -0.4916, -0.4400, -0.6633, -0.5625, -0.3934, -0.1240, -0.1083|622.6
8|0.5779, -0.9460, -0.5063, -0.5054, 0.1265, 0.2642, 0.5241, 0.1425|4880|0.4130, -0.5658, -0.4725, -0.6396, -0.4077, -0.3408, -0.2210, -0.1554|685.2
9|0.4146, -1.0000, -0.3172, -0.4889, -0.0717, 0.1895, -0.5506, 0.1022|2800|0.4548, -0.7227, -0.4911, -0.6255, -0.3164, -0.2764, -0.1033, -0.0686|826.8
10|1.0000, -0.5064, -0.8868, -0.5682, 0.1265, -1.0000, 0.0712, 0.1610|4860|0.5149, -0.6204, -0.4504, -0.6062, -0.3795, -0.2245, -0.1250, -0.0644|991.0
11|1.0000, -1.0000, -0.7746, -0.7360, -0.9548, 0.4938, 0.5004, -0.5456|3860|0.5065, -0.7727, -0.4888, -0.5961, -0.4908, -0.1874, -0.0919, -0.0037|910.2
12|0.8907, -0.8618, -0.4420, -0.5054, -1.0000, -0.2362, -0.6322, 0.2687|4880|0.6681, -0.8346, -0.4889, -0.6838, -0.5203, -0.0908, 0.0168, -0.0288|1037.0
13|0.6108, -1.0000, -0.5352, -0.5342, 0.1338, 0.4671, 0.5004, 0.1506|7980|0.7288, -0.8648, -0.4744, -0.7013, -0.5609, -0.0431, 0.0154, -0.0645|1075.2
14|1.0000, -0.5789, -0.5339, -0.3341, -0.2780, -0.5789, 0.3034, 0.2039|3600|0.7287, -0.8410, -0.5115, -0.6574, -0.6025, -0.0241, 0.1078, 0.0723|1138.6
15|0.6108, -1.0000, -0.5352, -0.5342, 0.1338, 0.4671, 0.3800, 0.1506|6140|0.7530, -0.8613, -0.5452, -0.6405, -0.6063, 0.0498, 0.1420, 0.1592|1302.2
16|0.7799, -1.0000, -0.5129, -0.2806, -0.6101, -0.4831, -0.6322, 0.2687|7480|0.6997, -0.8952, -0.5435, -0.6792, -0.6617, 0.0367, 0.1761, 0.1898|1326.6
17|1.0000, -1.0000, -0.4420, -0.6593, -0.2780, 0.4938, -0.0492, 0.2039|5120|0.6847, -0.9531, -0.5267, -0.6668, -0.6615, 0.0612, 0.2181, 0.2998|1437.8
18|0.4858, -1.0000, -0.4017, -0.5682, -0.9548, 0.4938, 0.1259, 0.1610|4800|0.6955, -0.9160, -0.5585, -0.6582, -0.5114, 0.1035, 0.2182, 0.2937|1359.0
19|0.6108, -1.0000, -0.5129, -1.0000, -0.4803, -0.4831, 0.1003, 0.7320|4220|0.7324, -0.9235, -0.5713, -0.6850, -0.5379, 0.0827, 0.2234, 0.3106|1237.0
20|0.7799, -0.8878, -0.2916, -0.5682, -0.1834, 0.3258, -0.0324, 0.1345|4840|0.5490, -0.9435, -0.5498, -0.7039, -0.4478, 0.1261, 0.1244, 0.2719|1279.0
21|1.0000, -0.9994, -0.4017, -0.7174, -0.9548, 0.4938, -0.0872, 0.2364|6060|0.7314, -0.9667, -0.5230, -0.6734, -0.4132, 0.1145, 0.0970, 0.2920|1390.4
22|0.9327, -1.0000, -0.4017, -0.5682, -0.4803, -0.4831, -0.3319, 0.2039|5360|0.7180, -0.9571, -0.5528, -0.6596, -0.3977, 0.1088, 0.0632, 0.2927|1350.8
23|0.7477, -0.8394, -0.8387, -1.0000, -0.2334, 0.5348, -0.2071, -0.0860|5840|0.7168, -0.9536, -0.5077, -0.7166, -0.3323, 0.0276, 0.0128, 0.2470|1381.4
24|0.9645, -1.0000, -0.8387, -0.5682, 0.2269, 0.5348, -0.2071, 0.1610|5480|0.6872, -0.9662, -0.5331, -0.6815, -0.2316, -0.0117, 0.0480, 0.2475|1427.4
25|0.9327, -1.0000, -0.4420, -0.7174, -0.2780, 0.4938, 0.1700, 0.2039|7380|0.6980, -0.9747, -0.4522, -0.6245, -0.1530, 0.0318, 0.0207, 0.2151|1413.4
26|1.0000, -1.0000, -0.7746, -0.5958, -0.9548, -0.2343, -0.0492, -0.0498|9300|0.6460, -0.9217, -0.5436, -0.6444, -0.1425, 0.0429, 0.0022, 0.2222|1265.6
27|0.9327, -0.8878, -0.7746, -0.5682, -0.2780, 0.4938, -0.0492, 0.1515|5520|0.7065, -0.9667, -0.5629, -0.6240, -0.2157, -0.0121, 0.0888, 0.2144|1583.6
28|0.7799, -1.0000, -0.4017, -0.5682, 0.3485, -0.1297, 0.3800, 0.1515|7080|0.7449, -0.8969, -0.5357, -0.6263, -0.1765, 0.0935, 0.0608, 0.2464|1536.6
29|1.0000, -1.0000, -0.5607, -0.5682, -0.5149, -0.1546, -0.3558, 0.2186|5360|0.8160, -0.9675, -0.5443, -0.6392, -0.1828, -0.0013, 0.0720, 0.2082|1529.4
30|1.0000, -1.0000, -0.8387, -1.0000, -0.1878, 0.3336, 0.3800, 0.2039|6920|0.7816, -0.9320, -0.5209, -0.6423, -0.1173, 0.0792, 0.0770, 0.2006|1617.0
31|1.0000, -1.0000, -1.0000, -0.5958, 0.3485, -0.4831, -0.0492, 0.1515|9020|0.8152, -0.9588, -0.5660, -0.6644, -0.1802, 0.0920, 0.1289, 0.1936|1677.6
32|0.9645, -1.0000, -0.8387, -0.6604, -0.2780, 0.4671, -0.3319, 0.6309|6520|0.7857, -0.9514, -0.5949, -0.7072, -0.1606, 0.1969, 0.1713, 0.1664|1759.0
