1|-0.8139, -0.8938, -0.8712, -0.8848, -0.5660, -0.9650, -1.0000, 0.4609|3160|-0.1799, -0.0795, -0.1061, 0.0276, -0.0371, -0.0863, 0.0065, -0.0618|164.6
2|-0.3519, -0.9226, -0.8712, -0.4028, -0.8301, -0.4498, 1.0000, 0.4609|1780|-0.1108, -0.1372, -0.2103, -0.0835, -0.1244, -0.0184, 0.0481, -0.0164|185.2
3|0.2714, -0.6814, -0.6856, -0.4613, -0.3290, -0.5272, -0.2734, -0.5355|2080|0.0199, -0.1491, -0.3107, -0.1716, -0.1846, -0.0474, 0.1874, -0.0512|226.6
4|1.0000, -0.8091, -0.4276, -0.7165, -0.2367, -0.0160, 0.4069, 0.2808|2060|0.2015, -0.1290, -0.4719, -0.2637, -0.3820, -0.0608, 0.2331, 0.0050|302.2
5|1.0000, -0.8091, -0.4276, -0.7165, -0.2367, -0.0160, 0.4069, 0.2808|5060|0.3392, -0.3068, -0.5607, -0.4077, -0.4889, -0.1858, 0.2417, 0.1690|508.6
6|1.0000, -0.8091, -0.4276, -0.4613, -0.2367, -0.0160, -0.0595, 0.2808|3940|0.3661, -0.3971, -0.6252, -0.4431, -0.5249, -0.2319, 0.2063, 0.1470|707.8
7|1.0000, -0.8091, -0.4276, -0.4613, -0.2367, -0.0160, -0.0595, 0.2808|6240|0.4822, -0.5100, -0.5820, -0.5473, -0.4813, -0.2002, 0.2119, 0.1068|857.8
8|1.0000, -0.8091, -0.4276, -0.4613, -0.2367, -0.0160, -0.0595, 0.2808|8480|0.6545, -0.5366, -0.5575, -0.5374, -0.4775, -0.2145, 0.3052, 0.0537|1100.6
9|1.0000, -0.8091, -0.8457, -0.4613, -1.0000, -0.0160, 0.4069, 0.2808|3380|0.7666, -0.6080, -0.5062, -0.5816, -0.4793, -0.1941, 0.2778, 0.0809|1035.2
10|1.0000, -0.8091, -0.4276, -0.4613, -0.3209, 0.0179, 0.4069, 0.2808|7140|0.8494, -0.6655, -0.5402, -0.5562, -0.4921, -0.1858, 0.2572, 0.2054|1180.2
11|1.0000, -0.9226, -0.4276, -0.4613, -0.2764, -0.0160, 0.4069, 0.2808|8520|0.7992, -0.6913, -0.4671, -0.5198, -0.4403, -0.1279, 0.2674, 0.2046|1353.0
12|1.0000, -0.8091, -0.4276, -0.4613, -0.3209, -0.0160, 0.4069, 0.3204|5960|0.9708, -0.6914, -0.4916, -0.4983, -0.4525, -0.1305, 0.1731, 0.1764|1618.2
13|1.0000, -0.8091, -0.4276, -0.4613, -0.3209, 0.0179, 0.4069, 0.2808|14500|0.9340, -0.7327, -0.4631, -0.5151, -0.4669, -0.0787, 0.2064, 0.1940|1641.6
14|1.0000, -0.8044, -0.4276, -0.7165, -0.3209, 0.0179, 0.4069, 0.4609|5420|0.9544, -0.7544, -0.4609, -0.4739, -0.3951, -0.0361, 0.2180, 0.2042|1717.4
15|1.0000, -0.8091, -0.4276, -0.4613, -0.4476, 0.0179, 0.4069, 0.2808|7260|0.9494, -0.7776, -0.4771, -0.4969, -0.4185, -0.0153, 0.2611, 0.1814|1910.2
16|1.0000, -0.8091, -0.4276, -0.4613, -0.4476, 0.0179, -0.0595, 0.2808|9920|0.9384, -0.7878, -0.4452, -0.4778, -0.3900, -0.0064, 0.2339, 0.1927|2219.4
17|1.0000, -1.0000, -0.2748, -0.2965, -0.1521, 0.0176, 0.2616, 0.2808|18740|0.9648, -0.8036, -0.4217, -0.4594, -0.3486, 0.0019, 0.1799, 0.2369|2568.4
18|1.0000, -1.0000, -0.2748, -0.2965, -0.1521, 0.0042, -0.2734, 0.2808|38620|0.9276, -0.8143, -0.4505, -0.4596, -0.3518, 0.0070, 0.1163, 0.2281|3055.4
19|1.0000, -1.0000, -0.4276, -0.2965, -0.1521, 0.0176, -0.2064, 0.2808|16300|0.9573, -0.8398, -0.4424, -0.4314, -0.3096, 0.0214, 0.0887, 0.2779|2718.4
20|1.0000, -0.8690, -0.2388, -0.2577, -0.1322, -0.0139, -0.2375, 0.2440|17500|0.9695, -0.8523, -0.4526, -0.4209, -0.3100, 0.0137, 0.0515, 0.2766|3050.2
21|1.0000, -1.0000, -0.2748, -0.2965, 0.0996, 0.0042, -0.2734, 0.2808|20920|1.0000, -0.8126, -0.4451, -0.3781, -0.2701, 0.0060, 0.0218, 0.2679|2994.8
22|1.0000, -0.8091, -0.4276, -0.4613, -0.1521, -0.0160, -0.1104, 0.2808|19200|0.9384, -0.8085, -0.4268, -0.4013, -0.2560, 0.0243, 0.0211, 0.2692|3052.4
23|1.0000, -1.0000, -0.2748, -0.2965, 0.0996, 0.0042, -0.2734, 0.2113|9500|0.9960, -0.8421, -0.4065, -0.3602, -0.2553, 0.0137, 0.0110, 0.2725|2688.2
24|1.0000, -1.0000, -0.2748, -0.2965, 0.0996, 0.0042, -0.2734, 0.2113|44620|0.9574, -0.8728, -0.3673, -0.3849, -0.2084, 0.0130, -0.0048, 0.2240|4061.2
25|1.0000, -1.0000, -0.2748, -0.1568, -0.1521, -0.0160, -0.2734, 0.2808|23840|0.9251, -0.8986, -0.3932, -0.3983, -0.2025, 0.0114, -0.0195, 0.2620|3806.8
26|1.0000, -1.0000, -0.2748, -0.1568, -0.1521, 0.0042, -0.2734, 0.2808|21280|0.9072, -0.8753, -0.3608, -0.3969, -0.1788, 0.0131, -0.0578, 0.2652|3498.8
27|1.0000, -1.0000, -0.1204, -0.2965, 0.0996, 0.0176, -0.1446, 0.2808|42140|0.8984, -0.9078, -0.3663, -0.3955, -0.1024, 0.0069, -0.0206, 0.2682|4479.6
28|1.0000, -1.0000, -0.2748, -0.2965, 0.0996, 0.0042, 0.0769, 0.2808|27000|0.9205, -0.9083, -0.3368, -0.3842, -0.1442, 0.0101, -0.0431, 0.2438|5082.4
29|1.0000, -1.0000, -0.2748, -0.2965, 0.0996, 0.0042, 0.0436, 0.2808|46240|0.9071, -0.7325, -0.3342, -0.3497, -0.1337, 0.0082, -0.0351, 0.2094|4767.2
30|1.0000, -1.0000, -0.4276, -0.1568, -0.0805, 0.0179, -0.1104, 0.1485|19560|0.9590, -0.9029, -0.3394, -0.2677, -0.1106, 0.0114, -0.0197, 0.2141|3843.6
31|1.0000, -1.0000, -0.0865, -0.2129, -0.1521, 0.0176, -0.2734, 0.2113|24000|0.9008, -0.8945, -0.3057, -0.3071, -0.1177, 0.0101, -0.0989, 0.2055|4669.0
32|0.8887, -1.0000, -0.0865, -0.2965, -0.1521, 0.0042, -0.1104, 0.2113|38600|0.8674, -0.9497, -0.2843, -0.2835, -0.1324, 0.0079, -0.1327, 0.2392|4847.6
