1|-0.1308, -0.9033, -1.0000, -0.6522, -0.0294, 0.4094, -0.7592, 0.4307|1320|0.1524, 0.1116, -0.2038, -0.1454, -0.0440, -0.0081, -0.0794, -0.0562|128.4
2|-0.0191, -0.6236, -0.9827, -0.7386, 0.1079, -0.7100, -0.5981, 0.8878|2840|0.1269, 0.0416, -0.3483, -0.3159, -0.1563, -0.0186, -0.2248, 0.0468|269.2
3|0.2445, -1.0000, -0.3558, -0.4689, -0.2648, 0.0213, -0.1011, -0.2223|2120|0.2468, -0.0176, -0.5014, -0.4910, -0.3030, -0.0544, -0.1175, 0.0634|345.4
4|0.7757, -0.2320, -0.8356, -0.4556, -0.7828, -1.0000, -0.8351, -0.0051|1960|0.3203, -0.1126, -0.6307, -0.5830, -0.3592, -0.2114, -0.0323, -0.0626|440.4
5|-0.4863, -1.0000, -1.0000, -0.7386, 0.3073, -0.4992, -0.0687, 0.1535|2940|0.3516, -0.3082, -0.7228, -0.5322, -0.3698, -0.2358, -0.0310, 0.0087|548.2
6|-0.0682, -0.6236, -0.9827, -0.8418, 0.1079, -0.7100, -0.5981, 0.8878|2200|0.4475, -0.3619, -0.7834, -0.5882, -0.3188, -0.4163, -0.0531, 0.0801|631.6
7|0.4205, -1.0000, -0.5745, -0.6522, -0.2648, -0.9859, 0.0436, 1.0000|3760|0.5203, -0.3948, -0.7831, -0.6021, -0.3808, -0.5050, -0.0503, 0.1363|770.0
8|-0.4863, -1.0000, -0.8356, -0.5044, 0.3073, -0.7100, -0.0687, 0.0099|3920|0.6744, -0.5977, -0.7968, -0.5874, -0.3838, -0.6580, -0.0071, 0.0910|957.0
9|0.4205, -1.0000, -1.0000, -0.6522, -0.0326, -0.7100, 0.0755, 0.1405|5620|0.6795, -0.7014, -0.8324, -0.6087, -0.3200, -0.7163, 0.0261, 0.1950|1188.8
10|0.8219, -1.0000, -0.9827, -0.3560, -0.9081, -0.5834, -0.8310, 0.1535|3140|0.8025, -0.8026, -0.8138, -0.5901, -0.2944, -0.7505, 0.0371, 0.2019|1008.2
11|1.0000, -1.0000, -0.5745, -0.6522, -0.6173, -0.1335, 0.0755, 1.0000|4560|0.8053, -0.7864, -0.7862, -0.5597, -0.4595, -0.7050, 0.0006, 0.1988|1204.4
12|0.9439, -0.6346, -1.0000, -0.4636, -0.9081, -0.7100, -0.0699, 0.1562|3240|0.8294, -0.7024, -0.7648, -0.5042, -0.5463, -0.6983, 0.0516, 0.1169|940.8
13|0.8219, -1.0000, -0.3379, -0.4556, -0.4339, 0.1779, -0.0687, 0.1535|4780|0.8483, -0.8239, -0.7672, -0.5487, -0.5449, -0.7558, -0.0023, 0.1306|1271.6
14|0.8219, -1.0000, -1.0000, -0.4556, -0.4339, 0.1779, -0.0687, 0.1535|4820|0.8452, -0.8286, -0.8040, -0.5893, -0.5105, -0.8020, -0.0029, 0.0913|1226.6
15|0.9276, -1.0000, -0.9827, -0.3560, -0.0294, -0.7100, 0.3973, -0.1789|4440|0.8755, -0.8342, -0.8612, -0.5576, -0.5138, -0.8103, 0.0425, 0.0390|1402.4
16|0.8219, -1.0000, -0.9827, -0.4556, -0.5616, -0.9859, -0.0699, 0.1535|4280|0.8586, -0.8736, -0.8476, -0.5846, -0.4934, -0.7671, 0.0936, 0.0883|1196.2
17|0.8219, -1.0000, -1.0000, -0.6522, -0.5616, -1.0000, 0.0436, 0.7404|5120|0.8625, -0.9111, -0.7964, -0.5363, -0.5107, -0.8168, 0.0780, 0.1203|1274.8
18|0.8219, -1.0000, -1.0000, -0.6522, -0.3025, -1.0000, 0.0436, -0.4684|5180|0.7862, -0.9311, -0.7884, -0.5026, -0.4849, -0.8773, 0.0316, 0.1176|1362.2
19|0.2535, -1.0000, -1.0000, -0.4556, -0.4339, -1.0000, 0.0436, 0.1535|7120|0.7615, -0.9714, -0.7266, -0.5131, -0.4871, -0.8885, 0.0338, 0.1128|1290.8
20|0.2535, -1.0000, -1.0000, -0.4556, -0.4339, -1.0000, 0.0436, 0.1535|5800|0.7421, -0.9787, -0.8336, -0.4803, -0.4827, -0.8532, 0.0733, 0.0597|1336.0
21|0.9276, -1.0000, -0.5745, -0.4556, -0.5699, -1.0000, -0.0687, 0.1562|4300|0.7779, -0.9690, -0.7677, -0.4841, -0.4946, -0.8573, 0.0610, 0.0411|1297.6
22|1.0000, -1.0000, -0.9827, -0.3560, -0.7694, -0.7159, 0.2885, 0.1535|5680|0.7652, -0.9746, -0.7854, -0.4628, -0.4670, -0.8354, 0.0520, 0.0250|1476.0
23|0.2535, -1.0000, -0.5745, -0.4556, -0.2648, -1.0000, -0.0897, 0.1562|4820|0.7629, -0.9845, -0.8082, -0.4508, -0.4808, -0.8149, 0.0580, -0.0159|1356.6
24|0.8219, -1.0000, -0.5745, -0.4556, -0.3941, -0.7100, 0.0436, 0.1535|4840|0.7933, -0.9911, -0.7235, -0.4357, -0.4608, -0.8062, 0.0856, 0.0306|1419.6
25|0.8219, -1.0000, -1.0000, -0.4556, -0.5699, -0.8580, -0.0687, 0.1165|7760|0.7895, -0.9697, -0.7026, -0.4304, -0.4722, -0.8266, 0.0781, 0.0671|1511.8
26|0.5862, -1.0000, -0.8468, -0.5543, -0.5699, -0.7159, 0.0436, -0.4684|5380|0.7655, -0.9325, -0.7209, -0.4442, -0.4757, -0.7979, 0.0627, 0.0395|1380.8
27|0.8219, -1.0000, -0.4937, -0.3560, -0.2329, -0.5908, 0.0436, 0.1535|5320|0.7184, -0.9905, -0.6628, -0.4502, -0.4714, -0.8033, 0.0799, -0.0213|1520.6
28|0.8219, -1.0000, -0.8356, -0.4556, -0.2329, -0.5908, -0.0687, -0.4684|7820|0.6866, -0.9720, -0.6829, -0.4657, -0.4448, -0.7990, 0.0817, 0.0384|1577.4
29|0.8219, -1.0000, -0.5745, -0.4556, -0.3941, -0.7100, 0.0436, 0.1535|8800|0.6629, -1.0000, -0.6566, -0.4613, -0.4310, -0.8195, 0.1184, -0.0227|1499.2
30|0.9276, -1.0000, -0.5745, -0.4556, -0.0294, -0.7100, 0.0436, -0.4684|7520|0.7194, -0.9800, -0.6416, -0.4454, -0.4066, -0.8383, 0.0631, -0.0189|1658.4
31|0.8219, -1.0000, -0.5745, -0.3560, -0.5699, -0.3680, -0.0687, 0.5492|8320|0.7212, -0.9709, -0.6084, -0.4415, -0.3861, -0.7998, 0.0483, 0.0230|1566.6
32|1.0000, -1.0000, -0.5745, -0.4556, -0.4137, -0.5908, -0.0687, 0.6975|5160|0.7336, -0.9473, -0.5801, -0.4322, -0.3574, -0.7818, 0.0482, 0.0900|1522.0
