1|0.3350, -1.0000, -0.3204, -0.4160, -0.1849, 0.0021, -0.9286, 0.1163|2920|0.2063, 0.1062, -0.0853, -0.1727, -0.1210, -0.1263, 0.1987, -0.1718|139.2
2|0.3350, -1.0000, -0.3204, -0.4160, -0.1849, 0.0014, -0.9286, 0.1163|3560|0.2313, -0.0383, -0.1988, -0.3066, -0.2720, -0.1141, 0.2619, -0.2703|251.8
3|0.7884, 0.5908, -1.0000, -0.7677, -0.6955, 0.2556, -0.3745, 0.8035|1900|0.1450, 0.0137, -0.3078, -0.4795, -0.2584, -0.2450, 0.3353, -0.2566|291.6
4|0.3350, -1.0000, -0.3204, -0.4160, -0.1849, 0.0014, -0.9286, 0.1163|3560|0.2258, -0.0410, -0.4567, -0.6030, -0.2501, -0.2417, 0.2616, -0.2131|503.0
5|0.6980, -1.0000, -0.8853, -0.6797, -0.6157, -0.3666, -0.3316, 0.7113|2240|0.3489, -0.2185, -0.5280, -0.6199, -0.2401, -0.2851, 0.2508, -0.3898|478.0
6|0.2979, -0.6659, -0.2991, -0.1525, -0.0459, -0.2229, -0.4421, -1.0000|2080|0.3849, -0.3975, -0.5317, -0.6666, -0.3178, -0.3230, 0.2811, -0.3662|548.2
7|-0.1201, -0.8254, -0.7481, -1.0000, 0.8840, -0.6073, 0.8536, -0.7163|2080|0.4017, -0.4836, -0.5211, -0.7206, -0.3129, -0.1803, 0.0306, -0.2892|685.8
8|1.0000, -1.0000, -0.3204, -0.4160, -0.6015, 0.0014, -0.9286, 0.1163|7020|0.3967, -0.6190, -0.5865, -0.6876, -0.3290, -0.3127, -0.0057, -0.0808|895.8
9|0.2202, -1.0000, -0.5828, -0.6797, -0.6157, -0.3666, 0.5053, -0.6659|4200|0.4942, -0.7017, -0.5660, -0.6994, -0.3877, -0.2716, -0.0131, 0.0680|916.0
10|0.7551, -1.0000, -0.8853, -1.0000, -0.6392, -0.6073, 0.8745, -0.1990|3880|0.4346, -0.7036, -0.6412, -0.7173, -0.3954, -0.2984, 0.1085, 0.0885|847.4
11|1.0000, -0.5453, -0.8853, -0.8930, -0.0351, -0.1375, 0.3159, 0.0429|4140|0.4738, -0.6845, -0.6414, -0.7712, -0.4659, -0.2912, -0.0540, -0.0086|841.6
12|1.0000, -0.5453, -0.8853, -0.8930, -0.0351, -0.1375, 0.3159, 0.0429|4760|0.4615, -0.6579, -0.6877, -0.8279, -0.4779, -0.3275, 0.0353, 0.1239|1020.4
13|1.0000, -0.5453, -0.8853, -0.8930, -0.6157, -0.2368, -0.0085, 0.0429|4600|0.5563, -0.6403, -0.7577, -0.8289, -0.4419, -0.3270, 0.0763, 0.1353|997.4
14|0.4648, -1.0000, -0.4300, -0.4160, -0.0351, -0.1375, 0.4612, 0.1163|5160|0.5766, -0.6081, -0.6829, -0.6672, -0.4693, -0.3383, 0.1110, 0.1541|977.2
15|0.6980, -1.0000, -0.2210, -0.2260, -0.0259, -0.4731, -0.1979, 0.0797|5060|0.5311, -0.6915, -0.6241, -0.6705, -0.4747, -0.3859, 0.0230, 0.1569|1119.6
16|0.4648, -1.0000, -0.4300, -0.4160, -0.6015, 0.0014, -0.1979, 0.1163|5080|0.5593, -0.7162, -0.6566, -0.6947, -0.4310, -0.3613, 0.0360, 0.1740|1099.8
17|0.6980, -1.0000, -0.2210, -0.2260, -0.0259, -0.4731, -0.1979, 0.0797|9020|0.5532, -0.6474, -0.5625, -0.5898, -0.4206, -0.3931, 0.0036, 0.1631|1363.4
18|0.6980, -1.0000, -0.2210, -0.2260, -0.0259, 0.0345, -0.1979, 0.0797|34140|0.5199, -0.7733, -0.4669, -0.4741, -0.3748, -0.3526, -0.0236, 0.1875|2458.6
19|0.4648, -1.0000, -0.4300, -0.4160, -0.7441, 0.0022, -0.1979, 0.1163|13500|0.4591, -0.7274, -0.3982, -0.4387, -0.3010, -0.3559, -0.0813, 0.1192|1306.6
20|0.2615, -1.0000, -0.2122, -0.2260, -0.0259, 0.0345, -0.1979, 0.0797|19660|0.5030, -0.7909, -0.4504, -0.4817, -0.2380, -0.4058, -0.0630, 0.1245|1616.2
21|0.2615, -1.0000, -0.2122, -0.2260, -0.0259, 0.0345, -0.1979, 0.0797|15000|0.4608, -0.8327, -0.4509, -0.4536, -0.1883, -0.4063, -0.0610, 0.1990|1680.8
22|0.2615, -1.0000, -0.2122, -0.2260, -0.0259, 0.0345, -0.1979, 0.0797|15180|0.5381, -0.9224, -0.4645, -0.5019, -0.1719, -0.3486, 0.0112, 0.0778|1768.6
23|0.2615, -1.0000, -0.2122, -0.2260, -0.0259, 0.0345, -0.1979, 0.0797|9380|0.5852, -0.8989, -0.4776, -0.5001, -0.1643, -0.3250, 0.0401, 0.0391|1722.8
24|0.2615, -1.0000, -0.2122, -0.2260, -0.0159, 0.0345, -0.1979, 0.0797|26820|0.5324, -0.9427, -0.3956, -0.5069, -0.1885, -0.3147, 0.0129, 0.0600|1521.2
25|0.2615, -1.0000, -0.2122, -0.2260, -0.0159, 0.0345, -0.1979, 0.0797|10420|0.5263, -0.9282, -0.4409, -0.5116, -0.1312, -0.3056, 0.0422, 0.0097|1678.4
26|0.4648, -1.0000, -0.2210, -0.2260, -0.0068, 0.0345, -0.1793, 0.0797|42080|0.4135, -0.9565, -0.3887, -0.4566, -0.1095, -0.3400, -0.0132, 0.0420|2288.8
27|0.4648, -1.0000, -0.2210, -0.2260, -0.0068, 0.0345, -0.1793, 0.0797|21480|0.4459, -0.8992, -0.4236, -0.4873, -0.0827, -0.2572, 0.0609, -0.0467|2605.8
28|0.4648, -1.0000, -0.2210, -0.2260, -0.0068, 0.0345, 0.2530, -0.0017|14200|0.4565, -0.9766, -0.3674, -0.4010, -0.0792, -0.2367, 0.0225, -0.0024|2180.8
29|0.4648, -1.0000, -0.0193, -0.2260, -0.0068, 0.0014, -0.3267, -0.0017|21140|0.3912, -0.9730, -0.3512, -0.3492, -0.1069, -0.1601, -0.0058, 0.0264|2497.8
30|0.4648, -1.0000, -0.2122, -0.2260, 0.0183, -0.1375, -0.2446, 0.0596|23000|0.3251, -0.9364, -0.2720, -0.2703, -0.0720, -0.1175, -0.0279, 0.0877|2702.2
31|0.6980, -1.0000, -0.2122, -0.2260, -0.3384, 0.0174, -0.0904, 0.1314|17120|0.3237, -0.8569, -0.2339, -0.2436, -0.0795, -0.1229, -0.0792, 0.1207|2830.6
32|0.4648, -1.0000, -0.0193, -0.1469, -0.0068, 0.0014, -0.3267, -0.0017|33540|0.3970, -0.8677, -0.2091, -0.1953, -0.0852, -0.1523, -0.0355, 0.1080|3363.0
