1|0.4103, -0.9514, -0.4631, -1.0000, -0.6982, -0.4043, 0.5044, -0.0639|1260|-0.0431, -0.0859, -0.0086, -0.1193, -0.1259, -0.1414, 0.0513, 0.3182|95.6
2|0.7401, -0.8082, -0.2308, -0.7295, -1.0000, -0.1801, -0.3663, 0.6815|1740|-0.1557, 0.1132, -0.2495, -0.3675, -0.1711, -0.2589, -0.0875, 0.2930|119.8
3|-0.0281, -1.0000, -0.9269, -1.0000, -0.4738, -0.4447, -0.5133, 0.9015|1140|-0.0275, 0.1427, -0.2967, -0.3855, -0.2982, -0.2223, -0.2090, 0.2810|165.8
4|-0.6762, -0.8277, -0.3966, 0.0402, -0.1916, -1.0000, -0.7296, -0.1043|1640|0.0689, 0.1340, -0.3235, -0.5097, -0.1987, -0.2485, -0.1757, 0.2774|198.2
5|0.4160, -0.1008, -0.5164, -0.9142, -0.1916, -0.4447, -0.7296, 0.2023|1840|0.1743, 0.0084, -0.4103, -0.6755, -0.2083, -0.2156, -0.2333, 0.2401|345.0
6|0.4160, -0.1008, -0.5164, -0.3909, -0.1916, -0.3885, -0.7296, 0.2023|2680|0.2822, -0.2001, -0.4992, -0.7763, -0.3219, -0.2775, -0.3095, 0.3462|435.2
7|0.0780, -0.2399, -0.9156, -0.7295, -1.0000, -0.5980, 0.5302, -0.5398|2460|0.4005, -0.2659, -0.5573, -0.7276, -0.3518, -0.3638, -0.4748, 0.4060|576.4
8|0.7412, -1.0000, -0.4631, -0.7295, -0.0884, -0.1801, 0.3713, 0.4552|5180|0.4039, -0.5089, -0.5698, -0.7265, -0.4369, -0.4318, -0.3757, 0.3725|834.2
9|0.3474, -1.0000, -0.4372, -0.8465, -0.0748, -0.0683, -0.5179, 0.3226|3080|0.5151, -0.5873, -0.5410, -0.6980, -0.4588, -0.3604, -0.3352, 0.4219|763.4
10|0.7412, -1.0000, -0.4631, -0.7295, -0.0884, -0.1801, 0.3713, 0.4552|4100|0.5511, -0.6106, -0.6093, -0.7681, -0.3943, -0.3933, -0.2607, 0.4172|975.8
11|0.7569, -1.0000, -0.9917, -0.6878, -0.2659, -0.7328, -0.8815, -0.2370|4900|0.5461, -0.7238, -0.5826, -0.7956, -0.3663, -0.4122, -0.2576, 0.4192|1061.6
12|0.7569, -0.8188, -0.5164, -0.6878, -0.0884, -0.4520, 0.3713, 0.4552|4620|0.5714, -0.7769, -0.5526, -0.7796, -0.3712, -0.3947, -0.3173, 0.4285|906.8
13|-0.0665, -1.0000, -0.3005, -0.6490, -0.0574, -0.0443, 0.2410, 0.2605|5760|0.6330, -0.8212, -0.5565, -0.7868, -0.3626, -0.3941, -0.4041, 0.4181|1126.2
14|0.7569, -1.0000, -0.5164, -0.6878, -0.2281, -0.4520, 0.4207, 0.8577|4760|0.6175, -0.7960, -0.5512, -0.8048, -0.3763, -0.4532, -0.4390, 0.4810|1046.6
15|0.5077, -1.0000, -0.5164, -0.6878, 0.0450, 0.1285, -0.5179, 0.4552|5260|0.6890, -0.8052, -0.5656, -0.8082, -0.4366, -0.4232, -0.4714, 0.5204|1112.6
16|0.7569, -0.9514, -0.5118, -0.6878, -0.0884, -0.4520, 0.3713, 0.9221|4580|0.6827, -0.8155, -0.5788, -0.7903, -0.4133, -0.4240, -0.5224, 0.4841|1056.6
17|0.7569, -0.9514, -0.5118, -0.6878, -0.0884, -0.4520, 0.3713, 0.9221|4580|0.6581, -0.8613, -0.6250, -0.8122, -0.4344, -0.3974, -0.4952, 0.5782|1169.2
18|0.4310, -1.0000, -0.5164, -0.6990, -0.0884, -0.4520, 0.3713, -0.2172|4640|0.6413, -0.9083, -0.6040, -0.8098, -0.3636, -0.3437, -0.4558, 0.4706|1263.8
19|0.9922, -0.9514, -0.5164, -0.7358, -0.9545, -0.1801, 0.2410, 0.4552|3860|0.7018, -0.8760, -0.5825, -0.8070, -0.4078, -0.3721, -0.3361, 0.6176|1138.2
20|0.5315, -1.0000, -0.1751, -0.4966, -0.1749, -0.0363, -0.1247, 0.2420|4920|0.6890, -0.8779, -0.5648, -0.7589, -0.4314, -0.3454, -0.3120, 0.5286|1190.8
21|1.0000, -0.9514, -0.5164, -0.6558, -0.0955, -0.1801, -0.7296, 0.1540|6260|0.7371, -0.9331, -0.5205, -0.7139, -0.3537, -0.3834, -0.3193, 0.4928|1494.0
22|0.5683, -1.0000, -0.4792, -0.2625, -0.0884, -0.5520, 0.3713, -0.2172|7460|0.7486, -0.9498, -0.5385, -0.7143, -0.3577, -0.3518, -0.2584, 0.4689|1382.6
23|1.0000, -1.0000, -0.6470, -0.6878, -0.0884, -0.4520, 0.0958, -0.3990|6180|0.7249, -0.9109, -0.5162, -0.7010, -0.4565, -0.2998, -0.2701, 0.4841|1427.8
24|0.7569, -1.0000, -0.5164, -0.4615, -0.9545, 0.1693, 0.2410, -0.2172|6480|0.7008, -0.8907, -0.5230, -0.6662, -0.4655, -0.3152, -0.1848, 0.3357|1285.8
25|0.3826, -1.0000, -0.5164, -0.4615, -0.0497, 0.1693, 0.2410, -0.2172|4440|0.7330, -0.9368, -0.5410, -0.6793, -0.4225, -0.2643, -0.2054, 0.2214|1291.2
26|0.4022, -1.0000, -0.6470, -0.5220, -0.0884, -0.4520, -0.1311, 0.2543|7620|0.7671, -0.9607, -0.5411, -0.6873, -0.4560, -0.2244, -0.1362, 0.2041|1616.2
27|1.0000, -1.0000, -0.5164, -0.7358, -0.0884, 0.1693, 0.3713, 0.8577|9160|0.7699, -0.9253, -0.5031, -0.6660, -0.4251, -0.2510, -0.1303, 0.2654|1613.2
28|0.9243, -1.0000, -0.5164, -0.7358, -0.2014, -0.1801, 0.2410, 0.4552|9220|0.7820, -0.9469, -0.4831, -0.6818, -0.4172, -0.1948, -0.0863, 0.3818|1666.0
29|0.9243, -1.0000, -0.5118, -0.7358, -0.2014, -0.1801, 0.2410, 0.4552|6720|0.7857, -0.8237, -0.5479, -0.7371, -0.4030, -0.1781, -0.0262, 0.3926|1746.2
30|0.9928, -1.0000, -0.5546, -0.7903, 0.4293, -0.1935, 0.2588, 0.4890|6100|0.8482, -0.9623, -0.5515, -0.6881, -0.4006, -0.1728, 0.0683, 0.3903|1692.2
31|0.9243, -1.0000, -0.5118, -0.7358, -0.2014, -0.1801, 0.2410, 0.4552|12160|0.8079, -0.9716, -0.5421, -0.6775, -0.4175, -0.1384, 0.1390, 0.3900|1938.4
32|0.5333, -0.9514, -0.5164, -0.7358, -0.0884, -0.1801, 0.2410, 0.4552|5300|0.8960, -0.9712, -0.5488, -0.6819, -0.3477, -0.1009, 0.1026, 0.4634|1986.6
