1|0.7696, -0.9868, -0.6517, -1.0000, 0.6013, -0.8216, 0.8696, -0.2967|1160|0.0187, -0.1606, -0.0166, -0.1229, 0.1323, 0.1229, -0.0614, 0.1404|76.0
2|0.9020, -0.6819, -0.6517, -0.8712, 0.5310, -1.0000, -0.0537, -0.1203|1180|0.1871, -0.1986, -0.0879, -0.1076, 0.1244, -0.0014, -0.0844, 0.1698|121.6
3|0.8275, -1.0000, -0.8612, -0.2126, 0.5310, -0.3935, 0.3059, -1.0000|1280|0.2546, -0.3173, -0.2640, -0.4154, 0.0479, 0.0005, -0.0637, 0.0570|240.6
4|0.5479, -0.6819, -0.6517, -0.3409, -1.0000, -0.4752, -0.0537, -0.0853|1440|0.3373, -0.3722, -0.3279, -0.6250, 0.0281, 0.0250, -0.0882, 0.0141|303.2
5|1.0000, -0.8899, -0.1012, -0.7526, -0.2975, 0.4627, -0.0478, 0.8850|1720|0.3455, -0.4034, -0.3020, -0.6721, -0.0534, -0.0127, -0.1073, 0.0183|325.4
6|1.0000, -0.6417, -0.4007, -0.5356, 0.3265, -0.6148, 0.0374, 0.0910|1520|0.4992, -0.4050, -0.3470, -0.6601, -0.0412, -0.1117, -0.0942, 0.0784|441.4
7|1.0000, -0.7114, -0.3193, -0.7202, -0.1400, 0.4356, 0.3391, 0.4496|3120|0.5401, -0.3544, -0.3434, -0.6598, -0.0739, -0.2166, -0.1165, 0.0828|515.6
8|0.5479, -0.7114, -0.3193, -0.6798, 0.1977, 0.4356, 0.3391, -0.0853|2680|0.6133, -0.5016, -0.3509, -0.6798, -0.0078, -0.3128, -0.1331, 0.1119|569.8
9|1.0000, -1.0000, -0.2658, -1.0000, 0.5310, -0.5467, 0.0374, 0.0910|2780|0.5751, -0.4700, -0.3559, -0.7140, 0.0004, -0.2764, -0.1014, 0.2017|568.2
10|1.0000, -1.0000, -0.2891, -0.6125, -0.1265, 0.4315, -0.0159, 0.9405|4180|0.6474, -0.6079, -0.3732, -0.6381, -0.0047, -0.1787, -0.0823, 0.1867|610.0
11|1.0000, -0.8964, -0.5551, -0.7376, -0.3391, 0.7859, 0.3391, 0.3040|4340|0.6350, -0.6612, -0.3748, -0.6593, 0.0615, -0.1225, -0.0764, 0.0782|624.2
12|1.0000, -1.0000, -0.4378, -0.6798, -0.3201, 0.0087, -0.2593, 0.1922|6080|0.6036, -0.5796, -0.3780, -0.7067, 0.0789, -0.0432, -0.0344, 0.1342|665.6
13|0.7701, -1.0000, -0.2369, -0.3731, 0.2867, 0.0262, 0.0391, 0.2365|10420|0.6551, -0.5627, -0.4021, -0.7379, -0.0192, -0.1507, -0.1208, 0.1229|809.6
14|0.9020, -1.0000, -0.6385, -0.9245, 0.1731, -0.4379, 0.0035, 0.9405|5760|0.6709, -0.4969, -0.5213, -0.7401, -0.1494, -0.3742, -0.1092, 0.1655|837.4
15|1.0000, -1.0000, -0.4378, -0.6798, -0.3201, 0.0087, -0.2593, -0.0732|3420|0.6366, -0.4654, -0.5351, -0.7365, -0.1620, -0.3328, -0.1022, 0.1949|760.0
16|0.5012, -0.5556, -0.5896, -0.3610, -0.5556, -0.6504, -0.0012, 1.0000|2720|0.6087, -0.5795, -0.4582, -0.5266, -0.1668, -0.3516, -0.1020, 0.1692|703.6
17|0.9245, -1.0000, -0.5153, -0.3731, 0.1827, 0.0262, 0.0433, 0.3040|6700|0.5894, -0.5355, -0.4956, -0.6045, -0.1208, -0.3397, -0.1160, 0.2154|887.8
18|0.9245, -1.0000, -0.5153, -0.3731, 0.1827, 0.0262, 0.0433, 0.3427|5840|0.6834, -0.6409, -0.4613, -0.6613, -0.0648, -0.3086, -0.1199, 0.2030|957.0
19|1.0000, -1.0000, -0.7568, -0.2652, -0.1458, -0.4697, -0.3289, 0.3040|4440|0.7325, -0.6263, -0.4742, -0.6604, -0.0896, -0.3296, -0.1052, 0.1033|887.0
20|0.5439, -1.0000, -0.3893, -0.3705, -0.0140, -0.0019, -0.0251, 0.1042|6380|0.6217, -0.6703, -0.4388, -0.6889, -0.0830, -0.2769, -0.0495, 0.0783|988.4
21|0.8336, -1.0000, -0.5896, -0.3731, -1.0000, 0.0262, -0.0461, 0.0502|7520|0.5636, -0.6884, -0.4602, -0.7574, -0.1157, -0.1994, -0.0754, 0.0746|1072.0
22|0.3286, -1.0000, -0.2861, -0.2134, -0.3273, -0.0036, -0.0426, 0.1916|4480|0.7066, -0.6703, -0.4406, -0.6032, -0.1374, -0.2634, -0.0840, 0.0553|908.4
23|1.0000, -0.8294, -0.7074, -0.7825, -0.3660, -0.7376, -0.0019, 0.0006|3940|0.6269, -0.5714, -0.4438, -0.7660, -0.0728, -0.1912, -0.0632, 0.1058|915.0
24|0.8855, -1.0000, -0.4048, -0.2936, -0.3273, -0.0091, -0.0426, 0.0800|4660|0.6933, -0.6476, -0.4317, -0.7245, -0.0445, -0.1961, -0.0950, 0.0676|934.0
25|0.8855, -1.0000, -0.4048, -0.2936, -0.3273, -0.0091, -0.0426, 0.0800|7700|0.5643, -0.6223, -0.4314, -0.8266, -0.0593, -0.1787, -0.0682, 0.0413|1027.2
26|1.0000, -1.0000, -0.3998, -0.2199, 0.0578, -0.0036, -0.0461, 0.0020|14540|0.5858, -0.5620, -0.4319, -0.7327, -0.0213, -0.1647, -0.0342, 0.0223|1124.6
27|1.0000, -1.0000, -0.2335, -0.2199, 0.0578, -0.0036, -0.0461, 0.0020|18180|0.5932, -0.4850, -0.4249, -0.6906, -0.0583, -0.0959, -0.0146, 0.0076|1356.2
28|0.9033, -1.0000, -0.2335, -0.2199, 0.0578, -0.0036, -0.0461, 0.0020|16320|0.6186, -0.4844, -0.5414, -0.5516, -0.0934, -0.1136, -0.0152, 0.0250|1445.0
29|0.9033, -1.0000, -0.2335, -0.2199, 0.0578, -0.0047, -0.0512, 0.0020|37120|0.6259, -0.5271, -0.3741, -0.5942, -0.0655, -0.1443, -0.0045, -0.0104|1588.4
30|0.9100, -0.9100, -1.0000, -0.2001, 0.0390, -0.0038, 0.0289, -0.0001|19700|0.6249, -0.7233, -0.5423, -0.6405, -0.1110, -0.2065, -0.0140, -0.0185|2042.6
31|0.0527, -1.0000, -0.9046, -0.1363, -0.0526, 0.0003, -0.0040, 0.1424|24440|0.5122, -0.6447, -0.5423, -0.5574, -0.1244, -0.1861, -0.0180, 0.0306|1945.2
32|0.0527, -1.0000, -0.9046, -0.1363, -0.0526, 0.0003, -0.0066, -0.0159|8540|0.6595, -0.4417, -0.6411, -0.4138, -0.0935, -0.2260, 0.0006, 0.0191|1327.6
