1|0.6796, -0.2274, -0.9162, -0.5910, 0.2011, 0.1034, 0.3521, -1.0000|2960|-0.0358, -0.0636, -0.1337, -0.2436, 0.0346, -0.0672, 0.1508, -0.0098|140.8
2|0.9188, -0.2381, -0.7276, -0.4370, -1.0000, -0.9574, -0.3842, -0.3581|1780|0.0848, -0.0570, -0.1489, -0.4170, -0.0406, -0.1047, 0.0933, 0.0140|192.0
3|0.6282, -0.2274, -0.8424, -0.5910, 0.2011, 0.1034, 0.3521, -0.4090|2200|0.0756, -0.1116, -0.3327, -0.4448, -0.1561, -0.0321, 0.0901, -0.1098|225.0
4|0.3798, -1.0000, -0.7162, -0.9679, -0.6531, -0.1695, 1.0000, -0.6006|2240|0.0274, -0.3109, -0.4380, -0.4878, -0.2419, -0.0903, 0.2213, -0.2605|302.0
5|1.0000, -1.0000, -0.3703, -0.3317, -0.0171, -0.6619, 0.8722, 0.6151|1860|0.1174, -0.4219, -0.4500, -0.5478, -0.3069, -0.1509, 0.3426, -0.2982|406.2
6|-0.1185, -1.0000, -0.8424, -0.3317, -0.7177, -1.0000, -0.7562, 0.0802|2440|0.1156, -0.5722, -0.4879, -0.5435, -0.4065, -0.2202, 0.2120, -0.2665|564.4
7|0.6282, -1.0000, -0.4542, -0.3317, 0.5288, -0.0026, 0.5061, -0.4090|3600|0.2146, -0.5673, -0.4954, -0.5305, -0.3477, -0.4158, 0.2729, -0.2688|648.4
8|-0.3464, -0.2381, -0.8424, -0.5910, -0.7177, -0.0042, -0.7562, -1.0000|3320|0.3318, -0.7237, -0.4806, -0.5131, -0.3682, -0.4238, 0.4338, -0.2209|697.2
9|0.4603, -1.0000, -0.3703, -0.4370, -0.0171, -0.9574, 0.8722, 0.0802|3740|0.3593, -0.8295, -0.5016, -0.5462, -0.4325, -0.4868, 0.3911, -0.0977|838.8
10|0.6658, -1.0000, -0.2465, -0.3935, -0.4779, 0.0688, 0.2344, 0.0534|4100|0.4475, -0.7871, -0.4746, -0.4202, -0.4908, -0.4445, 0.3458, 0.0145|904.4
11|0.8051, -1.0000, -0.2429, -0.5353, 0.3054, -0.0390, 0.8722, 0.0869|7580|0.5687, -0.8351, -0.4497, -0.4483, -0.4602, -0.3909, 0.2762, -0.1416|1085.8
12|0.9188, -1.0000, -0.3703, -0.3729, -0.0171, -0.0360, 0.1475, 0.1057|6540|0.5963, -0.7683, -0.3631, -0.4074, -0.3997, -0.2521, 0.2828, -0.0731|1234.6
13|0.6658, -1.0000, -0.2465, -0.4313, -0.0171, 0.0688, 0.2344, 0.1057|7920|0.6588, -0.8871, -0.4026, -0.4201, -0.4182, -0.2861, 0.1955, -0.0529|1458.8
14|0.6658, -1.0000, -0.8424, -0.3935, -0.0171, 0.1056, 0.3521, 0.1134|12900|0.6296, -0.9258, -0.4188, -0.3561, -0.3978, -0.1869, 0.2328, -0.0202|1441.6
15|0.9188, -1.0000, -0.3703, -0.4370, -0.0171, -0.0360, 0.0097, 0.1057|10700|0.6274, -0.9350, -0.4210, -0.4033, -0.3718, -0.1181, 0.1374, -0.0072|1651.8
16|0.9188, -1.0000, -0.3703, -0.4370, -0.1372, 0.0037, -0.0121, 0.1134|11740|0.5804, -0.9316, -0.4004, -0.4163, -0.3097, -0.0874, 0.1314, 0.0019|1853.6
17|0.9188, -1.0000, -0.3703, -0.3935, 0.0222, -0.0360, 0.2344, 0.1134|11220|0.6111, -0.9713, -0.4615, -0.4369, -0.2365, -0.1406, 0.1436, 0.0171|2034.0
18|0.9188, -1.0000, -0.3703, -0.3935, -0.0171, 0.0037, 0.0097, 0.1057|14480|0.6207, -0.9472, -0.4252, -0.3809, -0.2021, -0.1005, 0.0943, 0.0282|2384.0
19|0.9188, -1.0000, -0.3703, -0.3935, -0.0171, -0.1217, 0.1475, 0.1134|17920|0.6865, -0.8955, -0.3561, -0.3924, -0.2810, -0.0253, 0.1239, 0.0309|2763.6
20|0.9188, -1.0000, -0.3703, -0.3935, -0.0171, 0.1115, 0.1475, 0.2504|17920|0.7210, -0.8974, -0.4000, -0.3979, -0.2734, 0.0191, 0.1063, 0.0269|2964.2
21|1.0000, -1.0000, -0.3160, -0.2887, -0.0223, -0.0390, -0.0011, 0.1057|18060|0.6985, -0.8779, -0.3788, -0.3738, -0.3208, 0.0141, 0.1137, 0.0423|2736.6
22|1.0000, -1.0000, -0.1944, -0.3935, -0.0171, 0.1115, 0.2344, 0.0534|18760|0.7520, -0.9295, -0.3554, -0.3838, -0.2605, 0.0077, 0.1205, 0.0344|3100.8
23|0.7061, -1.0000, -0.3208, -0.3756, -0.0407, 0.0101, 0.1176, 0.2504|21900|0.7757, -0.8602, -0.3078, -0.3261, -0.2665, 0.0036, 0.1105, 0.0415|2806.6
24|1.0000, -1.0000, -0.3160, -0.3935, -0.0223, -0.0665, 0.3521, 0.1057|11920|0.7455, -0.8786, -0.2964, -0.3647, -0.2304, 0.0045, 0.0914, 0.0379|3288.6
25|0.7061, -1.0000, -0.3208, -0.3756, -0.0407, 0.0086, -0.1888, 0.2504|17400|0.7746, -0.9304, -0.2774, -0.3326, -0.2391, 0.0176, 0.0549, 0.0578|3107.6
26|0.7061, -1.0000, -0.3208, -0.3756, -0.0407, 0.0086, -0.1888, 0.2504|16900|0.7654, -0.8828, -0.2781, -0.3358, -0.2419, 0.0213, 0.0371, 0.0592|3927.6
27|0.7061, -1.0000, -0.3703, -0.3756, -0.0171, 0.0759, 0.2344, -0.0967|18560|0.6966, -0.9569, -0.2750, -0.3589, -0.2322, 0.0262, -0.0242, 0.0690|3283.0
28|0.9188, -1.0000, -0.1977, -0.3935, -0.1946, 0.1115, -0.0399, 0.0596|22000|0.7857, -0.9599, -0.2598, -0.3399, -0.1994, 0.0253, -0.0122, 0.0704|3875.6
29|0.7061, -1.0000, -0.3208, -0.3756, -0.0407, 0.1178, 0.0175, 0.0869|21920|0.8310, -0.9055, -0.2903, -0.3602, -0.1417, 0.0188, -0.0216, 0.0650|4479.0
30|1.0000, -1.0000, -0.3703, -0.3756, -0.0171, 0.0759, 0.0175, 0.0381|21380|0.8485, -0.9075, -0.2640, -0.3523, -0.1163, 0.0146, -0.0143, 0.0724|4950.6
31|0.9188, -1.0000, -0.3160, -0.3244, -0.0171, 0.0759, -0.1888, 0.2504|32040|0.8439, -0.9944, -0.3045, -0.3643, -0.0856, 0.0116, 0.0339, 0.0826|5924.2
32|0.7061, -1.0000, -0.1556, -0.2119, -0.0171, 0.0436, -0.0294, -0.0967|54780|0.8394, -0.9947, -0.2583, -0.3659, -0.0815, 0.0239, 0.0734, 0.0493|5961.6
