1|0.7316, -0.9993, -0.2984, -0.6605, 0.4585, 0.4027, -0.5890, -1.0000|860|0.0593, -0.0704, -0.0135, -0.0760, -0.0759, -0.0505, -0.0771, 0.0986|89.2
2|0.6044, -0.9541, -0.5774, -1.0000, 0.2118, 0.0686, -0.2689, 0.7110|1320|0.2058, -0.1043, -0.0680, -0.2820, -0.1822, -0.0442, -0.0509, -0.0067|140.0
3|0.5277, -1.0000, -1.0000, -0.6907, 0.1079, -0.4546, -0.4114, -0.4338|1740|0.1119, -0.2135, -0.1105, -0.4233, -0.3318, -0.2152, -0.1789, 0.0189|248.0
4|1.0000, -0.8930, -0.2984, -0.5219, 0.4585, -0.6436, 0.0843, 0.2518|2440|0.1240, -0.1753, -0.3055, -0.4925, -0.2993, -0.2568, -0.1727, 0.1124|334.6
5|0.6335, -1.0000, -0.2576, -0.8884, 0.4789, 0.9397, 0.0910, 0.1631|2540|0.0927, -0.2514, -0.4589, -0.4664, -0.2106, -0.2478, -0.1075, 0.0919|274.0
6|0.0147, -0.6096, -0.9737, -0.3619, -0.0275, -0.6685, 0.2182, 0.9357|2320|0.0892, -0.2315, -0.3990, -0.5798, -0.1490, -0.1963, -0.0761, 0.0505|348.8
7|0.3418, 0.5101, -1.0000, -0.6907, 0.1079, -0.5294, -0.7732, -0.4338|2880|0.0620, -0.2754, -0.5206, -0.6421, -0.1590, -0.2622, -0.0665, 0.2628|448.0
8|-0.2211, -0.9541, -0.5774, -1.0000, 0.2118, 0.0686, -0.2689, 0.7110|5280|0.0877, -0.3338, -0.5098, -0.6527, -0.0668, -0.2571, -0.0931, 0.1364|489.8
9|0.6773, -1.0000, -1.0000, -0.4052, -0.0785, 0.2300, 0.2241, -0.4338|2460|0.1314, -0.3953, -0.5868, -0.6133, -0.1032, -0.2295, -0.0597, 0.1088|432.6
10|0.8415, -1.0000, -0.6705, -1.0000, 0.1921, 0.5423, -0.2476, 0.5235|3220|0.2272, -0.4231, -0.5704, -0.6921, -0.0906, -0.2891, -0.0075, -0.0292|562.0
11|0.7301, -0.8676, -0.8581, -0.8522, -0.2353, 0.4705, 1.0000, 0.8337|3860|0.3540, -0.4462, -0.5699, -0.6849, -0.0772, -0.2196, -0.0170, 0.0505|622.4
12|0.8415, -0.8534, -1.0000, -0.9822, 0.1136, -0.3689, -0.3692, 0.0219|3580|0.3576, -0.4346, -0.5802, -0.6936, -0.0448, -0.2157, -0.0558, -0.0533|601.4
13|0.0219, -0.9541, -1.0000, -0.2276, -0.0294, -0.2917, 0.0126, 0.1949|4740|0.3252, -0.4927, -0.5901, -0.5578, -0.1196, -0.1536, -0.0282, 0.0435|571.6
14|0.0515, -1.0000, 0.0736, -0.1191, 0.0700, -0.2073, -0.0119, 0.2218|3340|0.3030, -0.4746, -0.5360, -0.5649, -0.1484, -0.1307, 0.0239, 0.1056|579.6
15|0.3230, -1.0000, -1.0000, -0.5314, -0.0417, -0.5314, 0.2662, -0.4338|5260|0.3752, -0.4875, -0.5740, -0.6301, -0.1896, -0.1057, 0.0134, 0.0184|660.2
16|0.5557, -1.0000, 0.0736, -0.0889, 0.0700, -0.2073, -0.0119, -0.0162|6620|0.4421, -0.5774, -0.6277, -0.5749, -0.2406, -0.0925, 0.0394, 0.0616|707.4
17|0.5557, -1.0000, 0.0736, -0.0889, 0.0700, -0.2073, -0.0119, -0.0162|6440|0.3862, -0.6519, -0.6081, -0.6120, -0.3347, -0.1278, -0.0093, 0.0636|755.0
18|0.5557, -1.0000, 0.0736, -0.0889, 0.0700, -0.2073, -0.0119, -0.0162|7900|0.3849, -0.6904, -0.5755, -0.6297, -0.3772, -0.1536, 0.0349, 0.0614|747.4
19|0.5557, -1.0000, -1.0000, -0.0889, -0.5627, -0.3700, -0.0119, -0.0162|10920|0.5054, -0.7288, -0.6335, -0.6024, -0.3692, -0.1341, 0.0174, 0.0740|993.4
20|0.4997, -1.0000, -0.5378, -0.2858, -0.1260, -0.1990, -0.1444, 0.2337|7020|0.5274, -0.7686, -0.6516, -0.5535, -0.2981, -0.1184, 0.0214, 0.1316|973.8
21|0.5077, -0.5059, -1.0000, -0.2688, -0.1108, 0.0051, -0.0029, 0.3835|9680|0.4794, -0.7051, -0.5963, -0.5279, -0.2377, -0.1033, 0.0418, 0.1171|928.6
22|0.0340, -1.0000, -0.9126, -0.0889, -1.0000, -0.1141, -0.0119, 0.2316|5660|0.3389, -0.6862, -0.6314, -0.4596, -0.3060, -0.1491, 0.0147, 0.0390|1132.6
23|0.5557, -1.0000, -0.9510, -0.7939, 0.4155, -0.2073, 0.5395, 0.7428|3700|0.4014, -0.7616, -0.6729, -0.4291, -0.2936, -0.2067, 0.0536, 0.0191|913.8
24|0.7199, -1.0000, -0.9126, -0.0889, -0.1108, -0.0555, 0.1216, 0.2337|10500|0.3219, -0.7697, -0.6630, -0.4500, -0.2451, -0.2246, 0.0786, 0.1081|1086.6
25|0.3391, -1.0000, -0.4777, -0.4363, -0.1360, -0.0767, 0.2829, 0.2869|6640|0.2623, -0.6988, -0.6943, -0.3879, -0.1598, -0.2320, 0.0573, 0.1244|757.2
26|0.3570, -0.4613, -0.9510, -0.2272, 0.1242, -0.0001, 0.1965, -0.0716|10620|0.3160, -0.7313, -0.6023, -0.5289, -0.0806, -0.2511, 0.0678, 0.1110|1049.4
27|0.5847, -0.8939, -0.5560, -0.5847, -0.1108, -0.0094, -0.0000, 0.0899|9540|0.4144, -0.6392, -0.5960, -0.4763, -0.1059, -0.1768, 0.0992, 0.1195|1209.8
28|0.5847, -1.0000, -0.9126, -0.2167, -0.1260, 0.0686, 0.0099, -0.1114|17080|0.4008, -0.6978, -0.5331, -0.5416, -0.1107, -0.1350, 0.0935, 0.1219|1352.8
29|0.1777, -1.0000, -0.0527, -0.1700, -0.0224, -0.0026, 0.0067, 0.0492|31100|0.3752, -0.7629, -0.5605, -0.5949, -0.1208, -0.1241, 0.0957, 0.2047|1513.2
30|-0.2149, -0.9226, -1.0000, -0.2550, 0.0145, -0.2461, -0.0880, 0.3835|4420|0.3611, -0.7748, -0.4623, -0.4696, -0.0744, -0.0885, 0.1039, 0.1448|843.6
31|0.5847, -1.0000, -0.9510, -0.1702, -0.0188, -0.0060, 0.0155, 0.1472|12900|0.3993, -0.7600, -0.5262, -0.6598, -0.0671, -0.1064, 0.1310, 0.0938|1207.4
32|0.5847, -1.0000, -0.9510, -0.1702, -0.0188, -0.0108, 0.0155, 0.1472|10000|0.4183, -0.7237, -0.5002, -0.6157, -0.0823, -0.1044, 0.1193, 0.0740|1144.4
