1|0.3535, -0.5341, -1.0000, -0.7387, 0.0668, -0.0020, -0.4400, -0.9090|1560|0.0309, -0.1265, 0.0464, -0.0752, -0.0882, 0.0097, 0.0263, -0.0735|103.8
2|1.0000, -0.8404, -0.1743, -0.7475, -0.1491, -0.6304, -0.1479, 0.8184|2400|0.0926, -0.2287, -0.1152, -0.2544, -0.2222, -0.1366, 0.0171, -0.0949|208.2
3|0.0325, -0.5341, -0.4686, -0.9887, 0.3377, -0.0020, 0.2775, 0.9225|2320|0.1279, -0.2685, -0.2315, -0.4627, -0.2824, -0.1327, -0.0963, -0.0790|274.6
4|1.0000, -0.6459, -0.3256, -0.6948, 0.3736, -0.2265, 0.5353, -0.1607|3100|0.2091, -0.3413, -0.2160, -0.5675, -0.1989, -0.1963, -0.2152, -0.0982|279.6
5|-0.3856, -0.9296, -0.4686, -0.7387, 0.5377, -0.3260, -0.4400, -0.0634|1440|0.2237, -0.2214, -0.1978, -0.6916, -0.1460, -0.2802, -0.3427, 0.0094|255.8
6|0.9731, -1.0000, -0.2853, -1.0000, -0.3075, 0.5647, -0.8347, 0.4754|2520|0.1058, -0.2838, -0.3196, -0.6959, -0.1761, -0.2775, -0.3652, -0.0118|333.0
7|0.1237, -0.9548, -1.0000, -1.0000, -0.5753, -0.3848, -0.4400, -0.1852|3040|0.1219, -0.4176, -0.3663, -0.6450, -0.2221, -0.3047, -0.3341, -0.0105|451.8
8|0.8430, -0.6554, -0.4686, -0.5185, -1.0000, -0.3260, 0.0915, 0.9919|2740|0.1471, -0.5537, -0.3489, -0.6950, -0.1767, -0.3614, -0.2062, 0.1793|519.2
9|-0.4556, -0.9548, -1.0000, -0.6631, -0.3075, -0.7268, -0.1440, -0.1852|2680|0.2092, -0.6196, -0.4190, -0.7540, -0.1307, -0.3054, -0.1955, 0.2672|535.0
10|0.3186, -1.0000, -0.2853, -0.6971, 0.1417, 0.5647, 0.5371, 0.4754|8000|0.3716, -0.7063, -0.3979, -0.6792, -0.1977, -0.1719, -0.1293, 0.2134|725.6
11|0.8430, -0.8050, -0.4686, -0.5126, -0.0889, 0.0305, 0.0901, 0.2437|11060|0.3746, -0.5651, -0.3728, -0.7533, -0.2527, -0.2281, -0.1146, 0.1797|804.8
12|1.0000, -0.7258, -0.2470, -0.5617, 0.0282, 0.0196, -0.1037, 0.3452|4700|0.4536, -0.6258, -0.4199, -0.6434, -0.2842, -0.1148, -0.1167, 0.1055|790.4
13|1.0000, -0.9296, -0.2853, -0.3893, -0.3179, -0.0018, -0.0047, 0.2505|4500|0.4045, -0.7510, -0.3655, -0.6526, -0.2995, -0.1378, -0.0468, 0.1151|864.6
14|0.9357, -1.0000, -0.8198, -0.6712, -0.1026, 0.0182, -0.1030, 0.4754|3860|0.5053, -0.7610, -0.4232, -0.7138, -0.3849, -0.1427, -0.0875, 0.1588|1054.8
15|0.5713, -1.0000, -0.1934, -0.4098, -0.0814, 0.0111, -0.0796, 0.2791|8080|0.6856, -0.7961, -0.4452, -0.6918, -0.4146, -0.1582, -0.0519, 0.2737|1369.2
16|1.0000, -0.9548, -0.1965, -0.3368, -0.2718, -0.2367, -0.1304, 0.4168|12320|0.7035, -0.8890, -0.4179, -0.6020, -0.4678, -0.1553, -0.0375, 0.2899|1471.0
17|0.5580, -1.0000, -0.1632, -0.3070, -0.3136, -0.0585, -0.0861, 0.2847|13800|0.6443, -0.7979, -0.3924, -0.6298, -0.3674, -0.1125, -0.0003, 0.3520|1483.8
18|0.2016, -1.0000, -0.1934, -0.4098, -0.0814, 0.0111, -0.0796, 0.2791|9960|0.5738, -0.6940, -0.4086, -0.5155, -0.2365, -0.1485, -0.0345, 0.3209|1220.6
19|0.2016, -1.0000, -0.1934, -0.2228, -0.0814, 0.0111, -0.0700, 0.1657|17960|0.6030, -0.8508, -0.3797, -0.5506, -0.2123, -0.1145, -0.0484, 0.2935|1628.8
20|0.2888, -1.0000, -0.1584, -0.2900, 0.0726, 0.0206, -0.0861, 0.0982|25040|0.5340, -0.8250, -0.3635, -0.5681, -0.1925, -0.1048, 0.0114, 0.3523|2521.8
21|1.0000, -1.0000, -0.1584, -0.2900, 0.0726, -0.0042, -0.0861, 0.0982|18560|0.5385, -0.8405, -0.3890, -0.5131, -0.1786, -0.0984, -0.0119, 0.3383|2161.2
22|1.0000, -1.0000, -0.1584, -0.2900, 0.0726, -0.0042, -0.0861, 0.0982|22820|0.6280, -0.8769, -0.3594, -0.4567, -0.1307, -0.1494, -0.0290, 0.3076|2396.2
23|0.1250, -1.0000, -0.1934, -0.3527, -0.0078, 0.0111, 0.0247, 0.0792|9260|0.7060, -0.8471, -0.3806, -0.4518, -0.0875, -0.1394, -0.0066, 0.3324|2151.8
24|-0.0283, -1.0000, -0.1240, -0.2469, 0.0242, -0.0585, -0.0823, 0.2630|20120|0.5823, -0.8008, -0.4045, -0.3865, -0.1088, -0.0832, -0.0385, 0.3064|2468.2
25|0.1250, -1.0000, -0.1934, -0.0851, 0.0153, 0.0111, 0.0247, 0.0792|35960|0.5798, -0.8639, -0.3500, -0.3597, -0.0864, -0.0523, -0.0407, 0.3027|3156.0
26|0.1250, -1.0000, -0.1934, -0.0851, 0.0153, -0.0108, 0.0247, 0.0792|25700|0.5861, -0.9127, -0.4016, -0.3920, -0.0995, -0.0419, -0.0167, 0.2383|4027.2
27|1.0000, -1.0000, -0.1934, -0.3670, 0.0153, 0.2405, -0.1153, 0.0792|26800|0.5742, -0.9527, -0.3901, -0.3522, -0.0645, -0.0141, -0.0240, 0.2091|3376.2
28|1.0000, -1.0000, -0.1934, -0.3070, 0.0153, 0.0182, -0.1006, 0.0982|23040|0.6083, -0.9419, -0.3988, -0.3250, -0.0634, -0.0363, -0.0237, 0.2142|3590.6
29|0.9731, -1.0000, -0.1240, -0.2469, -0.1983, 0.0453, -0.1153, 0.1256|47880|0.6698, -0.8940, -0.3422, -0.3312, -0.0852, -0.0470, -0.0218, 0.2845|4313.0
30|0.7534, -1.0000, -0.1240, -0.1753, -0.0149, -0.1659, -0.0559, 0.1781|27820|0.7008, -0.9012, -0.3129, -0.3512, -0.0735, -0.0395, -0.0146, 0.2744|4736.6
31|0.9731, -1.0000, -0.1240, -0.2469, -0.1983, 0.0453, 0.0231, 0.1256|34800|0.7132, -0.9157, -0.3017, -0.3069, -0.0395, -0.0423, -0.0173, 0.2419|4199.2
32|1.0000, -0.8589, -0.1401, -0.1227, -0.0747, 0.0437, 0.0143, 0.1423|54600|0.7749, -0.8492, -0.3250, -0.3219, -0.0251, -0.0044, -0.0137, 0.2239|5094.8
