1|-1.0000, 0.3975, -0.1367, -0.6225, 0.0203, -0.3672, -0.0934, 0.5554|80|-0.3307, 0.1290, -0.1124, -0.4444, 0.0492, -0.1320, -0.3454, 0.3858|24.0
2|1.0000, 0.2773, -0.1646, -0.4344, 0.0142, -0.2562, -0.0652, 0.3875|600|-0.5927, 0.1768, -0.2515, -0.4572, -0.1465, -0.2115, -0.2719, 0.3143|174.0
3|-1.0000, 0.3975, -0.1367, -0.6225, 0.0223, -0.3672, -0.0934, -0.6158|160|-1.0000, 0.3975, -0.1963, -0.6225, 0.0207, -0.3672, -0.0934, 0.0869|88.0
4|-1.0000, 0.3975, -0.1367, -0.6225, 0.0203, -0.3672, -0.0934, 0.5554|200|-1.0000, 0.3975, -0.1764, -0.6225, 0.0209, -0.3672, -0.0934, -0.1473|60.0
5|-1.0000, 0.3975, -0.2359, -0.6225, 0.0203, -0.3672, -0.0934, 0.5554|240|-1.0000, 0.3975, -0.2050, -0.6225, 0.0209, -0.3672, -0.0934, -0.2814|88.0
6|-1.0000, 0.3975, -0.2359, -0.6225, 0.0203, -0.3672, -0.0934, -0.6158|200|-1.0000, 0.3975, -0.2237, -0.6225, 0.0207, -0.3672, -0.0934, -0.1473|136.0
7|-1.0000, 0.3975, -0.2359, -0.6225, 0.0203, -0.3672, -0.1250, -0.6158|280|-1.0000, 0.3975, -0.1963, -0.6225, 0.0207, -0.3672, -0.1029, -0.2644|114.0
8|-1.0000, 0.3975, -0.2359, -0.6225, 0.0203, -0.3672, -0.1250, -0.6158|240|-1.0000, 0.3975, -0.1963, -0.6225, 0.0207, -0.3672, -0.1092, -0.6532|120.0
9|-1.0000, 0.3975, -0.2359, -0.6225, 0.0203, -0.3672, -0.1250, -0.6158|260|-1.0000, 0.3975, -0.2161, -0.6225, 0.0203, -0.3672, -0.1187, -0.6532|152.0
10|-1.0000, 0.3975, -0.2359, -0.6225, 0.0203, -0.3672, -0.1250, -0.6158|160|-1.0000, 0.3975, -0.2062, -0.6225, 0.0203, -0.3672, -0.1187, -0.7202|80.0
11|-1.0000, 0.3975, -0.2359, -0.6225, 0.0203, -0.3672, -0.1250, -0.6158|320|-1.0000, 0.4561, -0.2250, -0.6225, 0.0203, -0.3672, -0.0087, -0.6532|124.0
12|-1.0000, 0.3975, -0.2359, -0.6225, 0.0203, -0.3672, -0.1250, -0.6158|240|-1.0000, 0.3975, -0.2352, -0.6225, 0.0203, -0.3310, -0.0378, -0.6158|84.0
13|-1.0000, 0.3975, -0.2335, -0.6225, 0.0203, -0.3672, 0.1657, -0.6158|160|-1.0000, 0.3975, -0.0742, -0.6225, 0.0203, -0.4050, 0.0494, -0.6158|72.0
14|-1.0000, 0.3975, -0.2335, -0.6225, 0.0203, -0.3672, 0.1657, -0.6158|280|-1.0000, 0.3975, -0.1122, -0.6225, 0.0203, -0.3605, 0.0785, -0.6158|76.0
15|-1.0000, 0.3975, -0.1223, -0.6225, 0.0203, -0.3672, -0.1250, -0.6158|120|-1.0000, 0.3975, -0.1505, -0.6225, 0.0203, -0.3416, 0.0785, -0.6158|56.0
16|-1.0000, -0.4815, -0.2335, -0.6225, 0.0203, -0.3672, 0.1657, -0.6158|240|-1.0000, 0.3096, -0.1779, -0.6225, 0.0203, -0.3416, 0.0204, -0.6158|120.0
17|-1.0000, -0.4815, -0.2335, -0.6225, 0.0203, -0.3672, 0.1657, -0.6158|320|-1.0000, 0.1338, -0.2112, -0.6225, 0.0203, -0.3672, 0.1076, -0.6158|124.0
18|-1.0000, -0.4815, -0.2335, -0.6225, 0.0203, -0.3672, 0.1657, -0.6158|360|-1.0000, 0.2217, -0.2335, -0.6225, 0.0203, -0.3672, 0.1657, -0.6158|146.0
19|-1.0000, -0.4815, -0.2335, -0.6225, 0.0203, -0.3672, 0.1657, -0.6158|560|-1.0000, 0.1338, -0.2335, -0.6225, 0.0203, -0.3672, 0.1657, -0.6158|218.0
20|-1.0000, -0.4815, -0.2335, -0.6225, 0.0203, -0.3672, 0.1657, -0.6158|280|-0.8920, 0.2294, -0.2380, -0.6347, 0.0207, -0.3744, 0.1690, -0.0185|120.0
21|-1.0000, -0.4815, -0.2335, -0.6225, 0.0203, -0.3672, 0.1657, -0.6158|320|-1.0000, -0.1299, -0.2254, -0.6225, 0.0203, -0.3170, 0.1657, -0.1801|136.0
22|-1.0000, -0.4815, -0.2335, -0.6225, 0.0203, -0.3672, 0.1657, -0.6158|280|-1.0000, 0.0459, -0.2254, -0.6225, 0.0203, -0.3170, 0.1657, -0.3253|110.0
23|-1.0000, -0.4815, -0.2335, -0.6225, 0.0203, -0.3672, 0.1657, -0.6158|380|-1.0000, -0.3936, -0.2335, -0.6225, 0.0203, -0.2668, 0.1657, -0.3253|180.0
24|-1.0000, -0.4815, -0.2335, -0.6225, 0.0203, -0.3672, 0.1657, -0.6158|560|-0.9475, -0.2516, -0.2476, -0.6603, 0.0215, -0.2389, 0.1758, -0.5079|218.0
25|-1.0000, -0.4815, -0.2335, -0.6225, 0.0203, -0.3672, 0.1657, -0.6158|480|-0.8949, -0.1396, -0.2618, -0.6980, 0.0228, -0.1608, 0.1858, -0.5452|174.0
26|-1.0000, -0.4815, -0.2335, -0.6225, 0.0203, -0.3672, 0.1657, -0.6158|360|-0.9475, -0.3695, -0.2476, -0.6603, 0.0215, -0.1887, 0.1758, -0.6531|178.0
27|-1.0000, -0.4815, -0.2335, -0.6225, 0.0203, -0.3672, 0.1657, -0.6158|540|-0.9475, -0.3695, -0.2476, -0.6603, 0.0215, -0.2891, 0.1758, -0.6531|226.0
28|-1.0000, -0.4815, -0.2335, -0.6225, 0.0203, -0.3672, 0.1657, -0.6158|440|-0.9854, -0.4745, -0.1650, -0.6135, 0.0200, -0.3117, 0.1633, -0.6542|202.0
29|-1.0000, -0.4815, -0.2335, -0.6225, 0.0203, -0.3672, 0.1657, -0.6158|560|-1.0000, -0.4815, -0.2335, -0.6225, 0.0120, -0.3170, 0.1657, -0.6158|276.0
30|-1.0000, -0.4815, -0.2335, -0.6225, -0.0210, -0.3672, 0.1657, -0.6158|720|-1.0000, -0.4815, -0.2335, -0.6225, 0.0079, -0.3672, 0.1657, -0.6158|328.0
31|-1.0000, -0.4815, -0.2335, -0.6225, 0.0203, -0.3672, 0.1657, -0.6158|500|-1.0000, -0.4815, -0.2335, -0.6225, 0.0038, -0.3672, 0.1657, -0.6158|220.0
32|-1.0000, -0.4815, -0.2335, -0.6225, 0.0203, -0.3672, 0.1657, -0.6158|560|-1.0000, -0.4815, -0.2335, -0.6225, 0.0162, -0.3672, 0.1657, -0.4633|300.0
