1|-0.5307, -0.6363, -0.9332, -1.0000, -0.6096, -0.4268, -0.0045, 0.2540|340|0.0947, -0.0265, -0.1830, 0.0468, -0.0389, -0.2131, -0.3890, 0.1392|26.0
2|0.0252, -0.3054, -1.0000, 0.2924, -0.1534, -0.9401, -0.0273, 0.7660|100|-0.1675, 0.0048, -0.4685, 0.1294, 0.1616, -0.3504, -0.3245, 0.5522|7.0
3|0.0252, -0.3054, -1.0000, -0.1304, -0.1534, -0.9401, -0.0273, -0.0349|760|0.0860, -0.1203, -0.3833, 0.0802, 0.0928, -0.3641, -0.2716, 0.6138|42.0
4|0.2051, -0.3732, -0.2909, -0.3627, 0.8236, -1.0000, -0.6603, 0.8552|300|0.2350, -0.1755, -0.3331, 0.1046, 0.0921, -0.6699, -0.4926, 0.5958|39.0
5|0.0252, -0.3732, -0.2909, -0.3627, -0.1534, -1.0000, -0.0273, 0.8552|1020|0.1805, -0.1592, -0.4863, -0.0836, 0.3368, -0.5905, -0.3742, 0.6771|87.0
6|0.1655, -0.3011, -0.2347, -0.2927, -1.0000, -0.8069, -0.5328, 0.6901|1360|0.2192, -0.2162, -0.4904, -0.0458, 0.0066, -0.6475, -0.5133, 0.7100|207.0
7|0.0252, -0.3732, -0.2909, -0.3627, -0.1534, -1.0000, -0.0273, 0.8552|720|0.0920, -0.2502, -0.4117, -0.2072, -0.2413, -0.6768, -0.4256, 0.6753|205.0
8|0.1655, -0.3011, -0.2909, -0.2927, -1.0000, -1.0000, -0.0273, 0.6901|1360|0.1078, -0.2898, -0.3853, -0.2286, -0.6229, -0.4968, -0.4522, 0.5476|449.0
9|0.1655, -0.9965, -0.2909, -0.9686, -0.5077, -0.8069, -0.0904, 0.6901|1160|0.1181, -0.4135, -0.3777, -0.3753, -0.7568, -0.4830, -0.4772, 0.5867|353.0
10|0.1655, -0.9965, -0.2909, -0.9686, -0.5077, -0.8069, -0.0904, 0.6901|1460|0.1181, -0.3784, -0.2988, -0.4454, -0.6899, -0.6466, -0.4443, 0.3867|490.0
11|0.0252, -0.9965, -0.1837, -0.3627, -1.0000, -0.8069, -0.5328, 0.6901|2460|0.1117, -0.4633, -0.3444, -0.4513, -0.7438, -0.7328, -0.4509, 0.5592|636.0
12|0.1655, -0.9965, -0.2909, -0.9686, -0.1534, -0.8069, -0.0904, 0.6901|1220|0.1291, -0.3837, -0.2703, -0.4617, -0.7558, -0.7437, -0.4391, 0.6296|559.0
13|0.0835, -0.9965, -0.6078, -0.2927, -1.0000, -0.8069, -0.5328, 0.6901|2520|0.1259, -0.4564, -0.3192, -0.4158, -0.7860, -0.8109, -0.4459, 0.6935|625.0
14|0.1655, -0.9965, -0.1837, -0.2927, -1.0000, -0.8069, -0.5328, 0.6901|2620|0.1213, -0.6219, -0.2907, -0.3421, -0.9428, -0.8082, -0.5114, 0.6912|910.0
15|0.1655, -0.9965, -0.1837, -0.2927, -1.0000, -0.8069, -0.5328, 0.6901|2120|0.1160, -0.5871, -0.3543, -0.3386, -0.9428, -0.8082, -0.5114, 0.6912|898.0
16|0.0835, -0.9965, -0.1837, -0.3627, -1.0000, -0.8069, -0.5328, 0.6901|1340|0.1234, -0.7098, -0.3753, -0.3719, -0.7855, -0.8041, -0.4858, 0.6877|658.0
17|0.1655, -0.9965, -0.6078, -1.0000, -1.0000, -0.8069, -0.5328, 0.6901|3020|0.1198, -0.6884, -0.4148, -0.3669, -0.9964, -0.8041, -0.5309, 0.6056|1099.0
18|0.1655, -0.9965, -0.6078, -0.3627, -1.0000, -0.8069, -0.5328, 0.6901|2060|0.1461, -0.8928, -0.3724, -0.3739, -0.9964, -0.8041, -0.4937, 0.6056|1090.0
19|0.1655, -0.9965, -0.6078, -0.3627, -1.0000, -0.8069, -0.5328, 0.6901|3340|0.1657, -0.9659, -0.3835, -0.2695, -1.0000, -0.8041, -0.4566, 0.6901|913.0
20|0.1655, -0.9965, -0.3633, -0.3627, -1.0000, -0.8069, -0.5328, 0.6901|1900|0.1475, -0.9817, -0.3835, -0.3558, -0.9000, -0.7921, -0.5230, 0.6799|1070.0
21|0.1655, -0.9965, -0.3633, -0.3627, -1.0000, -0.8069, -0.5328, 0.6901|3000|0.1655, -0.9965, -0.2979, -0.3595, -1.0000, -0.8041, -0.5309, 0.6901|1230.0
22|0.1655, -0.9965, -0.1837, -0.3627, -1.0000, -0.8069, -0.5328, 0.6901|2720|0.1655, -0.9965, -0.2857, -0.3417, -1.0000, -0.8069, -0.5493, 0.6901|1133.0
23|0.1655, -0.9965, -0.3633, -0.3627, -1.0000, -0.8069, -0.5328, 0.6901|1840|0.1655, -0.9965, -0.2588, -0.3382, -1.0000, -0.7843, -0.5369, 0.6901|963.0
24|0.1655, -0.9965, -0.3633, -0.3627, -1.0000, -0.8069, -0.5328, 0.6901|2480|0.1631, -0.9822, -0.2439, -0.3330, -0.9857, -0.6940, -0.5281, 0.6803|1055.0
25|0.1655, -0.9965, -0.1837, -0.2927, -1.0000, -0.8069, -0.5328, 0.6901|2840|0.1597, -0.9616, -0.2518, -0.2734, -1.0000, -0.6236, -0.5141, 0.6659|1149.0
26|0.1655, -0.9965, -0.3633, -0.2927, -1.0000, -0.5807, -0.5328, 0.6901|2280|0.1539, -0.9266, -0.2750, -0.2577, -1.0000, -0.5855, -0.4955, 0.6417|904.0
27|0.1655, -0.6472, -0.2360, -0.2927, -1.0000, -0.8069, -0.3461, 0.6901|2760|0.1510, -0.9092, -0.2866, -0.2953, -1.0000, -0.5427, -0.4861, 0.5057|1039.0
28|0.1655, -0.9965, -0.2360, -0.2927, -1.0000, -0.5241, -0.5328, 0.6901|2580|0.1568, -0.9441, -0.2945, -0.2911, -1.0000, -0.5175, -0.4295, 0.5712|1337.0
29|0.1655, -0.9965, -0.2360, -0.2927, -1.0000, -0.5241, -0.5328, 0.6901|1880|0.1510, -0.9441, -0.3008, -0.2946, -1.0000, -0.5346, -0.4388, 0.5081|993.0
30|0.1655, -0.9965, -0.2360, -0.2927, -1.0000, -0.5807, -0.5328, 0.6901|2840|0.1510, -0.9616, -0.3109, -0.2876, -1.0000, -0.5520, -0.4315, 0.5494|1208.0
31|0.1655, -0.9965, -0.2360, -0.2927, -1.0000, -0.5241, -0.5328, 0.6901|2580|0.1609, -0.9864, -0.2572, -0.2812, -0.9000, -0.4554, -0.5274, 0.3849|1210.0
32|0.1655, -0.9965, -0.1837, -0.2927, -1.0000, -0.5807, -0.5328, 0.6901|2180|0.1539, -0.9965, -0.2854, -0.2756, -1.0000, -0.5580, -0.4818, 0.5155|983.0
