1|0.1494, 0.0510, -0.3272, -0.9230, -1.0000, 0.3590, 0.0656, 0.6963|740|-0.0812, 0.3637, 0.0541, -0.2108, -0.3790, -0.1194, 0.0732, 0.2119|61.2
2|0.1494, 0.0510, -0.3272, -0.9230, -1.0000, -0.8077, 0.0656, 1.0000|880|-0.2028, 0.2960, -0.0471, -0.4875, -0.5805, -0.1251, 0.2357, 0.3738|125.2
3|-0.3304, -1.0000, -0.7347, -0.8660, -0.7540, -1.0000, 0.3398, 0.9416|2460|-0.1501, 0.2745, -0.2897, -0.5256, -0.6023, -0.0871, 0.2772, 0.3160|291.6
4|-0.4089, -0.1018, -0.9767, -1.0000, 0.2338, 0.1114, 0.7943, 0.5884|1840|-0.0446, 0.0923, -0.3694, -0.6274, -0.6416, -0.3172, 0.3115, 0.2766|322.8
5|0.9690, -1.0000, -0.0139, -0.6228, -1.0000, 0.1690, 0.3398, -0.4087|1560|-0.0170, -0.4162, -0.4195, -0.7311, -0.6616, -0.5086, 0.3211, 0.2763|390.4
6|-0.3304, -1.0000, -0.7347, -0.6228, -1.0000, -1.0000, 0.3398, 1.0000|1640|-0.0127, -0.3671, -0.5461, -0.6936, -0.6986, -0.3485, 0.3594, 0.1941|453.6
7|-0.3304, -1.0000, -0.7347, -0.6228, -0.7540, -1.0000, 0.3398, 1.0000|2740|0.0718, -0.6150, -0.5817, -0.7428, -0.7344, -0.4788, 0.4600, 0.2916|677.2
8|0.9690, -1.0000, -0.9203, -0.8067, -0.9764, -0.5035, 0.3398, -0.4087|2340|0.1155, -0.6230, -0.5346, -0.7726, -0.7575, -0.4782, 0.4825, 0.3080|674.0
9|0.1757, -1.0000, -0.9203, -0.7172, -0.7540, -0.5035, 0.3398, -0.4087|2300|0.1321, -0.7332, -0.5546, -0.7804, -0.8634, -0.5476, 0.4230, 0.1220|773.6
10|0.1757, -1.0000, -0.9203, -0.7172, -0.7540, -0.5035, 0.3398, -0.4087|5000|0.1061, -0.8829, -0.6327, -0.7967, -0.8517, -0.4975, 0.4051, 0.1394|940.4
11|0.9690, -1.0000, -0.9203, -0.7172, -0.6926, -0.5035, 0.3398, -0.1753|2840|0.1602, -0.9527, -0.6737, -0.7858, -0.8569, -0.5269, 0.4013, 0.0363|860.4
12|0.1909, -1.0000, -1.0000, -0.7793, -0.6926, -0.5471, 0.3692, -0.4087|3920|0.2536, -0.6854, -0.7090, -0.7844, -0.8647, -0.5030, 0.3689, -0.0501|868.4
13|0.9690, -1.0000, -0.9203, -0.8067, -0.9764, -0.5035, 0.3398, -0.4087|2120|0.3690, -0.8643, -0.6747, -0.7069, -0.8672, -0.5326, 0.3667, -0.1250|706.0
14|0.9690, -1.0000, -0.9203, -0.8067, -0.9764, -0.5035, 0.3398, 0.9416|2140|0.3649, -0.8364, -0.7577, -0.7468, -0.9238, -0.5956, 0.3711, -0.0688|837.6
15|0.1757, -1.0000, -0.7347, -0.9230, -1.0000, -1.0000, 0.3398, 1.0000|2660|0.4746, -0.9595, -0.7811, -0.7586, -0.9362, -0.6292, 0.3553, 0.0679|943.6
16|0.9690, -1.0000, -0.9203, -0.7367, -0.9764, -0.5035, 0.3398, -0.4087|3680|0.5260, -0.9986, -0.7740, -0.7717, -0.9603, -0.5991, 0.3433, 0.1973|1110.8
17|0.9690, -1.0000, -0.9203, -0.8067, -0.9764, -0.5035, 0.3398, 0.9416|5320|0.5235, -0.9730, -0.6328, -0.7216, -0.8450, -0.5948, 0.3111, 0.3599|1064.8
18|0.9690, -1.0000, -0.9203, -0.8067, -1.0000, -0.5035, 0.3398, -0.4087|3280|0.5725, -0.9942, -0.8441, -0.7019, -0.9573, -0.5832, 0.3393, 0.1172|1114.0
19|0.1757, -1.0000, -0.9203, -0.8067, -1.0000, -0.5035, 0.3398, 0.9416|3720|0.6803, -0.9900, -0.7978, -0.6820, -0.9404, -0.4624, 0.3319, 0.0508|1174.0
20|0.6159, -1.0000, -0.4333, -0.4345, -0.6206, 0.4483, 0.1933, 0.5898|3320|0.6664, -0.9157, -0.7538, -0.6336, -0.9358, -0.5533, 0.3202, 0.2042|1108.4
21|0.9690, -1.0000, -0.5149, -0.7367, -0.6206, -0.3200, 0.3398, -0.4087|4140|0.7523, -0.9392, -0.7646, -0.6450, -0.8865, -0.4904, 0.3102, 0.0738|1220.8
22|0.1757, -1.0000, -0.7347, -0.7367, -1.0000, -0.5035, 0.3277, 0.4505|3480|0.8252, -0.9929, -0.7986, -0.6555, -0.8895, -0.4832, 0.3213, -0.1797|1090.8
23|0.9690, -1.0000, -0.9203, -0.7367, -1.0000, -0.5035, 0.3398, 0.5898|2860|0.6887, -0.9824, -0.6935, -0.5973, -0.8467, -0.4932, 0.3079, -0.1356|1128.0
24|0.9690, -1.0000, -0.9203, -0.7367, -1.0000, -0.5035, 0.3398, 0.5898|2720|0.8053, -0.9779, -0.6785, -0.6499, -0.8646, -0.4674, 0.3026, -0.2424|1265.6
25|0.9690, -1.0000, -0.4333, -0.4345, -1.0000, -0.5035, 0.3398, -0.4087|3080|0.7953, -0.9741, -0.6713, -0.6367, -0.8968, -0.4774, 0.2914, -0.1450|1238.4
26|0.7870, -1.0000, -0.9203, -0.7367, -1.0000, -0.5035, 0.3398, -0.4087|3860|0.7007, -0.9824, -0.6359, -0.6208, -0.8870, -0.4847, 0.2843, -0.0684|1296.8
27|0.9690, -1.0000, -0.4333, -0.4450, -0.7540, -0.3277, -0.0983, 0.4505|3280|0.6218, -0.9475, -0.5877, -0.6347, -0.8550, -0.4821, 0.2836, 0.0377|1208.8
28|0.9690, -1.0000, -0.5149, -0.7367, -1.0000, -0.5035, 0.3398, 0.5898|3680|0.6168, -0.9250, -0.6032, -0.5990, -0.8738, -0.4580, 0.2432, 0.0860|1221.6
29|0.6159, -1.0000, -0.5149, -0.8660, -0.9764, -0.5035, 0.3398, 0.5898|4760|0.6905, -0.9579, -0.5780, -0.5914, -0.8280, -0.4909, 0.2677, 0.0033|1506.4
30|0.9690, -1.0000, -0.4333, -0.4450, -0.6206, -0.5035, 0.1933, 0.5898|5540|0.7040, -0.9857, -0.5232, -0.5000, -0.7720, -0.4772, 0.2376, 0.1173|1345.2
31|0.7941, -1.0000, -0.4333, -0.4345, -0.7540, -0.5035, 0.1933, 0.2966|5880|0.7411, -0.9864, -0.5714, -0.4384, -0.7914, -0.4621, 0.1775, 0.1369|1464.4
32|0.9690, -1.0000, -0.5149, -0.4345, -0.7540, -0.5035, -0.3284, 0.5898|4960|0.6865, -0.9956, -0.4764, -0.5041, -0.8427, -0.4567, 0.2084, 0.1661|1501.6
