1|0.5970, -1.0000, -0.8972, -0.6845, -0.6334, 0.4140, -0.2853, -0.1154|2160|0.1629, 0.1131, -0.0562, 0.2088, -0.0526, 0.0538, -0.0945, 0.0134|99.0
2|0.8154, 0.2422, -0.9057, -0.4084, -0.7070, -1.0000, -0.6082, -0.5259|1420|0.2564, 0.0994, -0.1934, 0.1766, -0.1047, -0.0143, -0.0985, -0.1104|103.4
3|0.7430, -0.7276, -0.2415, -0.4185, 0.0073, -0.1500, 0.0121, -0.3252|3640|0.3353, 0.0225, -0.2513, 0.0116, -0.1785, -0.1296, -0.1649, -0.0990|264.6
4|0.9821, -0.4988, -1.0000, -0.7962, 0.0073, 0.3488, 0.0007, 1.0000|3380|0.4696, -0.0510, -0.2733, -0.1020, -0.2794, -0.1477, -0.2058, -0.0643|299.2
5|1.0000, -0.7276, -0.8929, -0.4185, -0.6624, -0.5913, 0.0121, -0.2870|3700|0.3875, -0.1073, -0.4839, -0.3263, -0.3425, -0.1964, -0.2975, -0.1795|378.6
6|0.9821, -0.3263, -1.0000, -0.7962, -0.9617, 0.3488, 0.3572, 1.0000|3440|0.5433, -0.0975, -0.5819, -0.4066, -0.3847, -0.3274, -0.3136, -0.1836|498.2
7|1.0000, -0.7276, -1.0000, -0.4185, -0.1890, -0.5913, -0.1089, -0.2870|2220|0.7578, -0.2289, -0.5403, -0.4342, -0.4468, -0.2615, -0.2662, -0.0919|516.6
8|0.9821, -0.2221, -1.0000, -0.6281, -0.7152, -1.0000, -0.1419, -0.2491|2460|0.8178, -0.2806, -0.5347, -0.4701, -0.4334, -0.1928, -0.1956, -0.1064|637.0
9|1.0000, -0.7276, -0.8929, -0.4185, -0.6624, -0.5913, -0.0071, -0.2870|2520|0.8704, -0.3444, -0.5609, -0.4127, -0.4806, -0.2598, -0.1628, -0.1529|623.8
10|1.0000, -0.7276, -0.1200, -0.7962, -0.2679, 0.3488, -0.1089, 1.0000|2980|0.9078, -0.3690, -0.5350, -0.4822, -0.4654, -0.1905, -0.1221, -0.0665|671.8
11|1.0000, -0.7276, -0.8929, -0.7962, -0.6624, 0.3488, -0.6658, 1.0000|5040|0.9240, -0.4174, -0.5633, -0.4217, -0.4985, -0.3063, -0.1247, -0.0813|780.2
12|0.9821, -0.4988, -1.0000, -0.4185, 0.2386, -0.3267, -0.1089, -0.2491|3060|0.9353, -0.4835, -0.6522, -0.4567, -0.4556, -0.3430, -0.1239, -0.1010|904.6
13|1.0000, -0.7276, -0.7740, -0.4185, -1.0000, -0.5913, -0.1089, 0.1988|3040|0.8677, -0.5696, -0.6758, -0.4473, -0.4878, -0.3902, -0.1431, -0.0878|918.8
14|1.0000, -0.6307, -0.7740, -0.2346, 0.1956, -0.5913, 0.0121, -0.2740|3120|0.8824, -0.5962, -0.6553, -0.4262, -0.5188, -0.4583, -0.1721, -0.0343|959.4
15|0.8669, -0.7276, -1.0000, -0.3924, -0.6624, -0.7044, -0.0171, 0.1516|5120|0.8159, -0.5392, -0.6523, -0.4224, -0.4806, -0.4575, -0.1113, -0.0594|1033.2
16|1.0000, -0.6307, -0.8929, -0.3628, -1.0000, -1.0000, -0.0071, -0.2922|4500|0.7806, -0.5403, -0.6696, -0.4390, -0.4409, -0.5127, -0.0781, -0.0363|954.0
17|0.8669, -0.6307, -0.7740, -0.3628, -0.6624, -0.3511, 0.0121, -0.2491|5100|0.8357, -0.5385, -0.7230, -0.4377, -0.4582, -0.5829, -0.0886, -0.1160|1175.0
18|0.8669, -0.7276, -0.7740, -0.3628, -0.7625, -1.0000, -0.1089, -0.2870|4020|0.9065, -0.5804, -0.6915, -0.4036, -0.4587, -0.5984, -0.0882, -0.1965|1095.6
19|0.8669, -0.6307, -0.7740, -0.3628, -0.5742, -0.3511, -0.1089, 0.1988|3540|0.8906, -0.5573, -0.7207, -0.3730, -0.4393, -0.5759, -0.0469, -0.2139|1014.0
20|0.9571, -0.8033, -1.0000, -0.4621, 0.2043, -0.3876, 0.1027, 0.2195|6140|0.8408, -0.5671, -0.7228, -0.3983, -0.3957, -0.5212, -0.0608, -0.1701|1217.8
21|1.0000, -0.8393, -0.8929, -0.4185, -0.6624, 0.4023, -0.1256, 0.3823|5340|0.8864, -0.6500, -0.7796, -0.3847, -0.3013, -0.3942, -0.1160, -0.1203|1093.6
22|0.6741, -1.0000, -0.7043, -0.3254, 0.0969, 0.1957, 0.0121, 0.1546|13700|0.9230, -0.6863, -0.6958, -0.3571, -0.3452, -0.3067, -0.1249, -0.0829|1261.6
23|0.6741, -1.0000, -0.7043, -0.3254, 0.0969, 0.1957, 0.0121, 0.1546|12340|0.9038, -0.6797, -0.7847, -0.3407, -0.3677, -0.3028, -0.1293, -0.1267|1263.6
24|0.8669, -0.6307, -0.8929, -0.3628, 0.1118, 0.2126, 0.0140, 0.1988|6500|0.8679, -0.7157, -0.7579, -0.3386, -0.4944, -0.2276, -0.1366, -0.0729|1193.2
25|0.8669, -1.0000, -0.7669, -0.3628, -0.0924, 0.1957, 0.0146, 0.1546|10060|0.8656, -0.7890, -0.7299, -0.3844, -0.3915, -0.2618, -0.1070, -0.0612|1375.8
26|0.6978, -1.0000, -0.6231, -0.1248, -0.5321, -0.6978, -0.0179, -0.1912|4460|0.8783, -0.7916, -0.7496, -0.4077, -0.3320, -0.2337, -0.1283, -0.0699|1421.6
27|1.0000, -0.7276, -0.3644, -0.3254, 0.2135, 0.1957, -0.1089, -0.1820|8440|0.8583, -0.7412, -0.7508, -0.4338, -0.3296, -0.1587, -0.1617, -0.0780|1467.2
28|0.8669, -1.0000, -0.6231, -0.3628, -0.0924, 0.1957, 0.0146, 0.1546|6740|0.8627, -0.7799, -0.7350, -0.4676, -0.1954, -0.0837, -0.0901, -0.0944|1442.0
29|0.8669, -1.0000, -0.6231, -0.3628, -0.0924, 0.1957, 0.0146, 0.1546|8240|0.8860, -0.8084, -0.7238, -0.4881, -0.2665, -0.0665, -0.0787, -0.0703|1578.6
30|0.8669, -1.0000, -0.6231, -0.3628, -0.0924, 0.1957, 0.0146, 0.1546|8260|0.8659, -0.8327, -0.7659, -0.4796, -0.2467, -0.0257, -0.1158, -0.0491|1520.0
31|1.0000, -1.0000, -0.7629, -0.3254, 0.0940, 0.1957, -0.1089, 0.1295|17040|0.8936, -0.8497, -0.7188, -0.4417, -0.2580, 0.0115, -0.1007, -0.0400|1844.2
32|0.8669, -1.0000, 0.0329, -0.3628, -0.0924, 0.1957, 0.0146, 0.1546|8100|0.8809, -0.8162, -0.7227, -0.4320, -0.2637, 0.0137, -0.0795, -0.0324|2041.6
