1|0.8682, -0.4355, -0.8187, -1.0000, 0.1970, -0.9628, -0.0195, 1.0000|2000|-0.1293, -0.1256, -0.1180, -0.1457, 0.0054, -0.1503, 0.1736, -0.0659|143.0
2|0.8619, -0.9630, -1.0000, -0.9139, 0.1970, 0.4198, -0.0195, -0.3738|2020|0.0196, -0.2481, -0.2629, -0.2913, 0.0028, -0.0434, 0.1337, -0.1098|182.0
3|0.7406, -0.9630, -0.9625, -0.8299, 0.1970, 0.4198, -0.0195, -0.3738|4820|0.1435, -0.2577, -0.4628, -0.4866, -0.0550, -0.1765, 0.1112, -0.0694|286.0
4|0.7695, -1.0000, -0.9682, -0.9139, -0.0747, -0.9989, 0.9722, 0.1506|3300|0.1532, -0.4622, -0.5009, -0.6058, -0.1986, -0.2755, 0.2230, -0.1005|353.8
5|0.6816, -1.0000, -0.8876, -0.2853, -0.0719, 0.1814, 0.2460, -0.1284|9520|0.2575, -0.5508, -0.7175, -0.6892, -0.2437, -0.3434, 0.2035, -0.2367|782.6
6|0.8619, -1.0000, -1.0000, -1.0000, -0.3897, -0.4111, -0.0203, 0.6205|3320|0.3625, -0.6696, -0.7645, -0.7143, -0.3538, -0.3697, 0.1804, -0.3132|744.0
7|0.8965, -0.9630, -0.8876, -0.9139, -0.9266, 0.4198, 0.2460, -0.3380|3260|0.5295, -0.6981, -0.8315, -0.7209, -0.3753, -0.4327, 0.1329, -0.2917|837.6
8|0.7695, -1.0000, -0.9995, -0.8618, 0.0772, 0.4360, -0.1319, -0.2370|6020|0.4774, -0.7676, -0.8491, -0.7045, -0.3942, -0.3990, 0.2038, -0.2429|1131.6
9|0.7691, -1.0000, -0.8876, -0.2853, -0.9266, -0.5974, -0.1319, -0.1284|5800|0.5580, -0.8893, -0.8619, -0.7320, -0.3606, -0.4210, 0.1323, -0.1989|1068.4
10|0.7695, -1.0000, -0.8270, -0.2696, 0.0218, 0.0851, -0.0203, -0.2370|10720|0.5964, -0.9745, -0.8601, -0.7124, -0.3579, -0.3529, 0.1120, -0.2692|1331.8
11|0.8965, -0.9630, -0.9682, -0.2696, 0.0218, 0.1814, -0.0203, -0.2370|6260|0.6544, -0.9402, -0.8371, -0.7162, -0.4030, -0.3879, 0.0474, -0.1273|1397.6
12|0.8619, -1.0000, -0.3630, -0.5476, 0.0388, -0.0728, 0.1380, 1.0000|6840|0.7211, -0.9411, -0.8780, -0.7024, -0.4128, -0.3840, 0.0334, -0.1029|1249.6
13|0.8619, -1.0000, -0.8876, -0.5476, -0.3897, -0.4111, 0.1380, 0.1506|6480|0.7118, -0.9401, -0.8558, -0.6780, -0.3680, -0.4133, 0.0365, -0.0997|1427.8
14|0.7695, -1.0000, -0.9682, -0.8901, -0.3178, -0.4954, -0.3344, 1.0000|5900|0.7505, -0.9252, -0.8398, -0.5965, -0.3501, -0.4204, 0.0370, -0.1545|1282.6
15|0.7691, -0.9630, -0.9995, -0.5476, -0.3897, -0.0728, 0.2556, 0.1506|7460|0.7160, -0.9158, -0.7863, -0.5897, -0.2929, -0.3543, 0.0378, -0.1491|1303.4
16|0.7695, -0.9630, -0.9682, -0.5476, -0.0719, -0.0728, 0.1380, -0.3881|4660|0.7759, -0.9313, -0.8301, -0.5443, -0.2287, -0.3821, 0.0423, -0.1387|1250.2
17|0.0495, -1.0000, -0.3630, -0.2696, -0.0719, -0.5345, -0.1319, 0.1506|5140|0.7925, -0.9628, -0.7865, -0.6010, -0.2271, -0.3932, 0.1254, -0.2485|1397.8
18|1.0000, -1.0000, -0.1557, -0.0210, -0.0747, -0.4272, -0.1319, -0.4009|5040|0.7768, -0.9753, -0.7230, -0.5664, -0.1764, -0.3592, 0.1676, -0.2893|1311.6
19|0.7691, -1.0000, -0.9682, -0.9139, -0.0719, -0.0728, 0.3230, 0.0351|4840|0.7554, -0.9603, -0.7044, -0.5874, -0.2035, -0.4059, 0.1570, -0.3187|1143.8
20|0.7695, -1.0000, -0.0807, -0.0109, -0.0719, -0.2215, -0.1734, -0.2078|7320|0.7513, -0.9910, -0.7051, -0.5907, -0.1758, -0.4147, 0.0952, -0.2123|1286.6
21|0.5185, -0.9630, -0.0807, -0.0109, -0.0387, -0.2215, -0.1734, -0.3881|10960|0.7402, -0.9600, -0.6685, -0.5263, -0.2112, -0.4059, 0.1144, -0.2530|1415.0
22|0.7691, -1.0000, -0.9682, -0.4497, -0.3178, -0.4272, 0.3230, -0.1237|6000|0.7017, -0.9358, -0.6935, -0.5101, -0.1956, -0.3918, 0.0385, -0.3078|1324.4
23|1.0000, -1.0000, -0.1557, -0.2696, -0.3897, -0.0728, -0.3344, 0.0351|6640|0.7131, -0.9956, -0.7106, -0.5636, -0.1798, -0.4032, 0.0226, -0.2843|1230.8
24|0.7691, -1.0000, -0.5117, -0.4330, -0.0747, -0.4272, -0.1319, 0.1073|12040|0.7370, -0.9924, -0.7151, -0.5282, -0.1808, -0.4999, 0.0282, -0.2730|1432.8
25|0.7691, -1.0000, -0.8876, -0.2696, -0.0719, -0.7529, -0.3344, -0.4009|6940|0.7620, -0.9727, -0.6666, -0.5496, -0.1935, -0.4865, 0.0476, -0.2589|1561.4
26|0.8619, -1.0000, -0.0838, -0.0210, -0.0747, -0.2300, -0.1319, 0.0351|31860|0.7701, -0.9493, -0.6407, -0.4832, -0.1898, -0.4714, 0.0391, -0.2403|1773.4
27|1.0000, -1.0000, -0.5117, -0.1866, -0.0776, -0.0756, -0.1369, -0.1237|6600|0.7754, -0.9887, -0.6344, -0.5534, -0.1426, -0.4251, -0.0293, -0.2878|1503.0
28|0.7691, -1.0000, -0.9682, -0.2853, -0.0719, -0.0728, -0.0701, -0.7421|9520|0.7982, -0.9630, -0.6641, -0.5196, -0.1536, -0.3794, -0.0132, -0.2777|1353.6
29|0.8619, -1.0000, -0.0838, -0.0210, -0.3897, -0.2300, -0.1319, -0.7421|7720|0.8183, -0.9703, -0.6104, -0.5430, -0.1561, -0.2982, -0.0207, -0.2481|1659.6
30|0.7695, -1.0000, -0.9682, -0.2696, -0.3301, -0.4272, 0.1153, 0.0709|5020|0.8070, -0.9648, -0.6247, -0.5001, -0.1578, -0.3424, -0.0123, -0.2720|1625.6
31|0.8416, -1.0000, -0.5117, -0.2696, -0.0719, -0.1092, 0.1153, 0.0351|10900|0.8062, -0.9651, -0.5384, -0.3694, -0.1359, -0.3552, -0.0153, -0.2212|1670.6
32|0.7691, -1.0000, -0.5117, -0.2696, -0.0719, -0.0756, -0.0701, 0.1073|13960|0.7875, -0.9667, -0.5269, -0.3133, -0.1343, -0.3424, 0.0129, -0.1722|2192.6
