1|1.0000, -0.7358, -0.4298, -0.5993, -0.0326, 0.0046, -0.3459, -0.3355|1560|0.0199, 0.0957, -0.1013, -0.0598, 0.0152, -0.0694, 0.0455, 0.0342|105.2
2|1.0000, 0.0770, -0.7657, -0.9744, 0.4724, -0.3280, 1.0000, -0.9250|1960|-0.0328, 0.2384, -0.1437, -0.2208, 0.0549, -0.0780, 0.0889, 0.0450|135.2
3|0.0348, -0.7358, -0.7952, -0.5993, -0.0326, -0.2980, 0.5220, 0.5352|2100|0.0667, 0.2186, -0.4065, -0.4992, -0.2016, -0.1830, 0.2108, -0.0062|236.6
4|0.9786, -0.7517, -0.4298, -0.3431, -0.4516, -0.8078, 1.0000, 0.3538|2620|0.0328, 0.0799, -0.6015, -0.7158, -0.2867, -0.1761, 0.1207, 0.0008|357.2
5|0.0348, -0.7358, -0.7952, -0.5993, -0.0326, -0.2980, -0.3459, -0.2316|3560|0.1544, 0.0000, -0.6194, -0.7631, -0.3876, -0.2767, 0.1851, 0.1032|450.4
6|0.1837, -0.3803, -0.8442, -0.9336, -0.9957, 0.1687, -0.0112, 0.5467|1780|0.2283, -0.1085, -0.6771, -0.8271, -0.4648, -0.2550, 0.2365, 0.1289|554.2
7|0.3524, -0.9253, -1.0000, -0.7537, -0.7387, -0.1782, 0.6564, 0.6730|3640|0.2857, -0.3524, -0.6980, -0.7116, -0.4741, -0.3714, 0.2793, 0.1232|670.8
8|0.3524, -0.9253, -0.8442, -0.5993, -0.7387, -0.1782, 0.5220, 0.4434|2580|0.3214, -0.4589, -0.7439, -0.7768, -0.4941, -0.4281, 0.2863, 0.1679|680.2
9|0.1826, -0.4795, -1.0000, -0.3905, -0.3827, -0.0924, 0.3401, 0.3487|2660|0.3802, -0.4608, -0.7768, -0.7890, -0.5130, -0.4122, 0.2175, 0.0530|719.8
10|0.3808, -1.0000, -0.9123, -0.6477, -0.7983, -0.1926, 0.7337, 0.4792|2400|0.3717, -0.5327, -0.8272, -0.7585, -0.4904, -0.3425, 0.2209, 0.2579|812.6
11|0.0043, -0.9166, -0.9759, -0.7465, -0.4516, 0.2908, -0.6488, 0.4750|4040|0.3930, -0.5721, -0.8455, -0.7152, -0.4718, -0.2796, 0.2343, 0.2642|948.0
12|0.0043, -0.9166, -0.8442, -0.7465, -0.4516, 0.2908, -0.0119, 0.4750|6760|0.4076, -0.5828, -0.8540, -0.7515, -0.4182, -0.2130, 0.1917, 0.2899|956.8
13|0.8317, -0.9253, -0.6371, -0.7467, 0.4724, 0.0038, 0.6564, -0.2790|4160|0.4834, -0.6172, -0.8186, -0.7575, -0.3724, -0.1578, 0.2396, 0.2095|1021.0
14|1.0000, -0.9166, -0.8442, -0.7465, -0.4516, 0.0046, -0.0119, 0.7149|5120|0.4805, -0.5790, -0.7919, -0.7552, -0.3224, -0.0973, 0.1706, 0.1914|933.2
15|0.2419, -1.0000, -0.8279, -0.8070, 0.5105, 0.0041, 0.7093, 0.3907|5300|0.5649, -0.6511, -0.8178, -0.7326, -0.3020, -0.0621, 0.1259, 0.2534|1044.0
16|0.0043, -0.9166, -0.8442, -0.7465, -0.0326, -0.1926, -0.0119, 0.4750|5980|0.5687, -0.7251, -0.8149, -0.6835, -0.3083, -0.0823, 0.0316, 0.2913|1238.6
17|1.0000, -1.0000, -1.0000, -0.8286, -0.5217, 0.0047, 0.3401, 0.2005|5760|0.5714, -0.7299, -0.8391, -0.7224, -0.3564, -0.0939, 0.0293, 0.3073|1274.6
18|1.0000, -1.0000, -1.0000, -0.3905, -0.3827, -0.2980, -0.0119, 0.4434|6840|0.6321, -0.7624, -0.8403, -0.7050, -0.3948, -0.1210, 0.0559, 0.3181|1262.8
19|1.0000, -0.9166, -0.8442, -0.7465, -0.4516, 0.0047, -0.0077, 0.4434|6940|0.6820, -0.7452, -0.8666, -0.6885, -0.4809, -0.1199, 0.0283, 0.3221|1351.4
20|1.0000, -0.5134, -0.7828, -0.7099, -0.2700, -0.0318, -0.0114, 0.5352|5640|0.7215, -0.7846, -0.8444, -0.6324, -0.3860, -0.1611, 0.0488, 0.3322|1206.8
21|1.0000, -1.0000, -0.7828, -0.8306, 0.3927, -0.0012, 0.5874, 0.5252|6840|0.7500, -0.7981, -0.8589, -0.6517, -0.3707, -0.1599, 0.1003, 0.3596|1721.4
22|1.0000, -0.9166, -0.7952, -0.1552, -0.2429, 0.0027, -0.0114, 0.2909|12840|0.7489, -0.8204, -0.8334, -0.5790, -0.3352, -0.1558, 0.0441, 0.3569|1512.2
23|0.3808, -1.0000, -0.9123, -0.7465, -0.3827, 0.0027, -0.0119, 0.4434|5280|0.7971, -0.8643, -0.8155, -0.6451, -0.3643, -0.1886, 0.0558, 0.3139|1442.4
24|0.8317, -1.0000, -0.7828, -0.5993, -0.7387, -0.0002, -0.0114, 0.4434|4280|0.7269, -0.8766, -0.8177, -0.6757, -0.3308, -0.1804, 0.0698, 0.3189|1201.4
25|1.0000, -1.0000, -1.0000, -0.7465, -0.2429, -0.0318, 0.0063, 0.4434|5720|0.8282, -0.8851, -0.8191, -0.6848, -0.3450, -0.1325, -0.0584, 0.3287|1574.2
26|1.0000, -1.0000, -0.7952, -0.6991, 0.5219, 0.0027, -0.0114, 0.2909|8800|0.8426, -0.8924, -0.8243, -0.6652, -0.2936, -0.0993, 0.0023, 0.2829|1575.8
27|1.0000, -1.0000, -0.8442, -0.5993, -0.7387, 0.0027, -0.0114, 0.4434|6440|0.8644, -0.8747, -0.7516, -0.6645, -0.2649, -0.1048, 0.0012, 0.3481|1696.4
28|0.9851, -1.0000, -0.9123, -0.7099, -0.2463, 0.0003, 0.5220, 0.5626|8980|0.9024, -0.8773, -0.8501, -0.6734, -0.2921, -0.0993, -0.0114, 0.3889|1843.6
29|0.8317, -1.0000, -1.0000, -0.6991, -0.3827, -0.0318, -0.0114, 0.4750|7520|0.9463, -0.8832, -0.8479, -0.6926, -0.3239, -0.0787, 0.0020, 0.3555|1932.4
30|0.9851, -1.0000, -0.9211, -0.5993, 0.2307, 0.0027, 0.0063, 0.4750|7440|0.9507, -0.9128, -0.8438, -0.6953, -0.2916, -0.0667, 0.0539, 0.3603|1890.8
31|0.5843, -1.0000, -0.4574, -0.4085, 0.1348, 0.0027, -0.0067, 0.2591|13960|0.9218, -0.9256, -0.7950, -0.6575, -0.2654, -0.0672, 0.0559, 0.4157|1735.8
32|1.0000, -0.9166, -0.7952, -0.7465, -0.2429, 0.0027, -0.0077, 0.5252|6340|0.9378, -0.9346, -0.8225, -0.6726, -0.2261, -0.0483, 0.0617, 0.3592|1774.4
