1|0.9085, 0.5333, -0.7792, -0.3427, 0.1784, -1.0000, 0.2204, 0.5156|1980|0.0826, -0.0375, -0.1726, -0.1401, -0.2530, 0.0838, -0.0918, -0.1018|106.4
2|0.0972, -0.3297, -0.8205, -0.7431, -1.0000, -0.3398, -0.9953, -0.3971|1380|0.0570, 0.1148, -0.2942, -0.2824, -0.3733, 0.0980, -0.0208, -0.0809|118.6
3|0.4697, -0.4073, -1.0000, -0.7142, -0.1572, 0.9311, -0.5227, -0.2470|860|0.1243, 0.1420, -0.2937, -0.3561, -0.3104, 0.2783, 0.0019, -0.1737|109.2
4|0.5114, -0.6902, -0.4386, -0.4011, 0.1004, 0.1246, 0.1240, -0.0795|1440|0.1891, 0.2541, -0.5534, -0.4815, -0.4941, 0.4636, -0.0643, -0.3182|156.6
5|0.5114, -0.6902, -0.4386, -0.4011, 0.1004, 0.1246, 0.1240, -0.0795|7960|0.2968, 0.2793, -0.5386, -0.5110, -0.6056, 0.4021, -0.0581, -0.3766|370.4
6|0.5114, -0.6902, -0.4386, -0.4011, 0.1004, 0.1246, 0.1240, -0.0795|5100|0.3122, 0.2582, -0.6608, -0.6209, -0.5925, 0.2920, 0.0079, -0.3576|397.6
7|0.5114, -0.6902, -0.4386, -0.4011, 0.1004, 0.2675, 0.1240, 0.2608|7880|0.2327, 0.1881, -0.6692, -0.7279, -0.4926, 0.2718, 0.0309, -0.2545|573.6
8|0.7410, -1.0000, -0.6355, -0.5811, 0.1455, 0.2296, 0.1797, -0.1151|8600|0.2303, 0.0188, -0.7067, -0.7449, -0.1981, 0.1808, 0.0408, -0.2673|770.0
9|0.7410, -1.0000, -0.6355, -0.5811, 0.0347, 0.0043, 0.1797, -0.1151|7740|0.3775, -0.3315, -0.6686, -0.6955, -0.3036, 0.1003, 0.0386, -0.1251|1009.2
10|0.7410, -1.0000, -0.6355, -0.5811, 0.0347, 0.0043, 0.1797, -0.1151|6540|0.0789, -0.6195, -0.6636, -0.5761, -0.2372, 0.0736, 0.0698, -0.1311|861.4
11|0.7410, -1.0000, -0.6355, -0.5811, 0.0347, 0.0043, 0.1797, -0.1151|5480|0.1934, -0.7357, -0.6436, -0.5948, -0.2503, 0.0949, 0.0208, -0.1305|973.2
12|0.7410, -1.0000, -0.6355, -0.5811, 0.0347, 0.0043, 0.1797, -0.1151|7140|0.2007, -0.6849, -0.5314, -0.6695, -0.2371, 0.0669, 0.0045, -0.0838|1056.8
13|0.7410, -1.0000, -0.6355, -0.5811, 0.0347, 0.0043, 0.1797, -0.1151|8800|0.5285, -0.8503, -0.5874, -0.6276, -0.2759, 0.0808, 0.0748, -0.0497|1290.2
14|0.7410, -1.0000, -0.6355, -0.5811, 0.0347, 0.0043, 0.1240, -0.1151|10860|0.7173, -0.7641, -0.6380, -0.6423, -0.1193, 0.0740, 0.0799, -0.0872|1668.2
15|0.7410, -1.0000, -0.6355, -0.5811, 0.0347, -0.0001, 0.1797, 0.1423|10560|0.6587, -0.8981, -0.6465, -0.6190, -0.1132, 0.1147, 0.1167, -0.0763|1876.6
16|0.7410, -1.0000, -0.8391, -0.5523, 0.1455, 0.3986, 0.1797, -0.1151|11340|0.7657, -0.6474, -0.5300, -0.5858, -0.1191, 0.0639, 0.1380, -0.0693|1708.0
17|0.7410, -1.0000, -0.6355, -0.5811, 0.0347, 0.0043, 0.1797, -0.1151|7720|0.7263, -0.7991, -0.3155, -0.5688, -0.1185, 0.0535, 0.1386, -0.0644|1513.4
18|0.7410, -1.0000, -0.2514, -0.5811, 0.0347, 0.0043, 0.1797, -0.1151|7380|0.7371, -0.8736, -0.5526, -0.5981, -0.1410, 0.0525, 0.1340, -0.0578|1817.0
19|0.7410, -1.0000, -0.2514, -0.5523, 0.1455, 0.0043, 0.1797, -0.1151|9160|0.7750, -0.9581, -0.5558, -0.5042, -0.0982, 0.0617, 0.1332, -0.0644|1918.8
20|0.9725, -1.0000, -0.6355, -0.2102, 0.0347, 0.0033, -0.0345, -0.1151|25120|0.7220, -0.9536, -0.5665, -0.5543, -0.0479, 0.0532, 0.1224, -0.0794|2625.0
21|1.0000, -1.0000, -0.2514, -0.2102, 0.0347, 0.0043, 0.1797, -0.1113|31340|0.8122, -0.9706, -0.5310, -0.5160, -0.0458, 0.0213, 0.1318, -0.0701|3050.6
22|0.7410, -1.0000, -0.6355, -0.2102, 0.0347, 0.0033, 0.1797, -0.1151|11340|0.7823, -0.7636, -0.4816, -0.4854, -0.0073, 0.0120, 0.1163, -0.0815|2338.2
23|0.6964, -1.0000, -0.1751, -0.1464, 0.0242, 0.0030, 0.1170, -0.0802|57340|0.7926, -0.9706, -0.5684, -0.4410, -0.0066, 0.0124, 0.0990, -0.0938|4135.4
24|0.7410, -1.0000, -0.2514, -0.3068, 0.0347, 0.0043, 0.1797, -0.1151|41320|0.6499, -0.9263, -0.5578, -0.3698, -0.0205, 0.0125, 0.0807, -0.0915|3360.6
25|0.7932, -1.0000, -0.0071, -0.2102, 0.0372, 0.0046, 0.1739, -0.0941|43400|0.7370, -0.9366, -0.5088, -0.4014, -0.0419, 0.0116, 0.0565, -0.1013|4648.6
26|0.6964, -1.0000, -0.1751, -0.1464, 0.0242, 0.0030, 0.1170, -0.0802|45240|0.8070, -0.9749, -0.4914, -0.3567, -0.0182, 0.0129, 0.0550, -0.1006|5953.4
27|0.6964, -1.0000, -0.0343, -0.1464, 0.0242, 0.0030, 0.1170, -0.0802|44900|0.7923, -0.9452, -0.3727, -0.2915, 0.0228, 0.0021, 0.0307, -0.0927|7728.8
28|1.0000, -1.0000, -0.2514, -0.2102, 0.0038, 0.0043, 0.1797, -0.1151|41460|0.7641, -0.9537, -0.2961, -0.2416, 0.0208, 0.0033, 0.0612, -0.0973|7952.6
29|0.6964, -1.0000, 0.0262, -0.1464, 0.0242, 0.0030, 0.1170, -0.0802|36960|0.7703, -0.9730, -0.2763, -0.2256, 0.0187, 0.0039, 0.0713, -0.0996|9738.0
30|0.6964, -1.0000, 0.0262, -0.1464, 0.0242, 0.0083, 0.1170, -0.0802|56960|0.7025, -0.9846, -0.2129, -0.1637, 0.0221, 0.0044, 0.0792, -0.0915|7821.4
31|0.6964, -1.0000, -0.1751, -0.2102, 0.0242, 0.0046, 0.1625, -0.0802|70860|0.7504, -0.9723, -0.2274, -0.1966, 0.0193, 0.0038, 0.0480, -0.0939|10697.4
32|0.8431, -1.0000, -0.1751, -0.2102, 0.0242, 0.0083, 0.1625, -0.0344|94620|0.6822, -0.9750, -0.1917, -0.2017, 0.0238, 0.0040, 0.0672, -0.0916|10509.6
