1|1.0000, -0.2425, -0.6492, -0.2442, 0.2897, -0.4139, -0.0084, -0.4208|1340|0.0793, 0.0161, -0.1422, 0.0201, 0.0558, -0.1591, 0.0325, 0.1078|84.8
2|0.2190, -0.1501, -0.9859, -1.0000, -0.9805, 0.4422, -1.0000, 0.5908|3640|0.0981, -0.0109, -0.1941, -0.0736, -0.0654, -0.1234, 0.0743, 0.0728|134.0
3|1.0000, -0.2425, -0.6492, -0.2442, -0.0886, -0.4139, -0.0084, -0.8389|2120|0.3238, -0.0108, -0.2477, -0.0808, -0.1539, -0.1480, 0.0275, 0.0242|142.6
4|0.3604, -0.5864, -0.2769, -1.0000, -0.9131, 0.5338, 1.0000, -0.7374|1700|0.3124, -0.0442, -0.3524, -0.2377, -0.3126, -0.1277, -0.0039, 0.0250|203.4
5|0.3694, -0.2593, -0.6062, -1.0000, 0.2897, 0.2719, -0.0094, 0.3633|2260|0.3853, -0.1045, -0.3972, -0.2456, -0.3210, -0.0833, 0.0365, -0.0328|258.2
6|1.0000, -0.8491, -0.1053, -0.1669, -0.4253, -0.0476, -0.7236, 0.4226|1680|0.3091, -0.0977, -0.4478, -0.4483, -0.2754, -0.1574, -0.0716, 0.0232|313.0
7|0.5623, 0.0263, -1.0000, -0.0668, -0.0766, 0.0037, 0.0360, -0.0152|2420|0.4438, -0.0848, -0.4666, -0.5726, -0.2682, -0.2099, -0.1221, 0.0599|437.4
8|0.1346, -0.3470, -1.0000, -0.7643, -0.0472, -0.0619, 1.0000, 0.1524|1980|0.5895, -0.0275, -0.4003, -0.6464, -0.2249, -0.2396, -0.2157, 0.0479|368.4
9|0.8514, -0.7961, -0.6396, -0.3068, -0.6953, -0.6970, 1.0000, 0.3723|2120|0.5724, -0.0811, -0.4169, -0.6264, -0.2713, -0.2796, -0.1125, 0.0447|460.6
10|1.0000, -0.1308, -1.0000, -1.0000, -0.0185, -0.4230, 0.0123, 0.5015|5140|0.6387, -0.1048, -0.3424, -0.6223, -0.2830, -0.3282, -0.1751, 0.0859|531.8
11|0.5256, -1.0000, -0.5016, -0.1196, -0.0939, -0.6106, -0.0104, 0.3062|2680|0.6098, -0.1535, -0.4203, -0.5803, -0.2761, -0.3834, -0.1675, 0.0674|486.4
12|1.0000, -0.9263, -0.4434, -0.3181, -0.4281, 0.0069, -0.3058, -0.3595|7340|0.6891, -0.1361, -0.4456, -0.4890, -0.2123, -0.3967, -0.0918, 0.0320|581.6
13|1.0000, -0.9263, -0.4434, -0.3181, -0.4281, 0.0069, -0.3058, -0.3595|3880|0.5831, -0.1957, -0.4702, -0.4342, -0.2022, -0.3789, -0.0577, -0.0051|499.2
14|0.5226, -0.9150, -1.0000, -0.9150, -0.4229, -0.4904, -0.0097, -0.5434|2800|0.6026, -0.2456, -0.5152, -0.5186, -0.1979, -0.3748, -0.0908, 0.0073|634.0
15|0.5712, -1.0000, -1.0000, -0.2132, -0.0185, -0.0075, 0.0462, 0.1206|13640|0.5496, -0.3300, -0.5665, -0.5013, -0.1580, -0.3565, -0.0423, -0.0254|971.8
16|0.5712, -1.0000, -1.0000, -0.1515, -0.0185, -0.0075, 0.0462, 0.1206|13140|0.5082, -0.3323, -0.3950, -0.5588, -0.1017, -0.1949, -0.0577, -0.0956|684.2
17|0.8742, -1.0000, -0.1145, -0.5292, 0.0325, 0.4422, -0.0113, 0.5015|2640|0.3633, -0.4056, -0.5211, -0.5364, -0.1626, -0.2277, -0.0525, -0.0951|642.8
18|0.0701, -0.9150, -1.0000, -0.5010, -0.0057, -0.5360, -0.0106, -0.5434|5000|0.4089, -0.3166, -0.4254, -0.5052, -0.1823, -0.1844, -0.0562, -0.0411|621.0
19|0.3801, -1.0000, -0.0907, -0.4070, -0.0720, 0.3504, 0.0006, 0.3974|5080|0.5038, -0.4672, -0.4733, -0.6002, -0.1569, -0.1113, -0.0413, -0.0748|772.6
20|0.3801, -1.0000, -0.0907, -0.4070, 0.0320, 0.3504, 0.0006, 0.3974|8700|0.4653, -0.5284, -0.4416, -0.5591, -0.1345, -0.0855, 0.0184, -0.0624|977.4
21|0.4064, -1.0000, -0.9154, -0.4070, -0.0720, 0.3504, -0.0332, 0.5885|5140|0.4454, -0.6326, -0.3862, -0.5672, -0.1248, -0.0359, -0.0079, -0.0832|731.0
22|0.5870, -1.0000, -0.3577, -0.4070, -0.0145, 0.2014, 0.0007, 0.3974|15560|0.4347, -0.6922, -0.3765, -0.5416, -0.1004, 0.0011, -0.0096, -0.0462|1092.4
23|0.5488, -0.9263, -0.0997, -0.1955, -0.4229, -0.0032, 0.0148, 0.1318|15500|0.3798, -0.6565, -0.3920, -0.5943, -0.0665, -0.0186, -0.0081, -0.0165|908.2
24|0.5353, -1.0000, -0.3577, -0.3294, -0.0057, 0.2014, -0.0241, 0.3974|15580|0.4564, -0.7071, -0.3991, -0.5021, -0.0519, -0.0957, -0.0096, 0.0013|1136.0
25|0.5997, -1.0000, -0.3829, -0.3333, 0.0359, 0.0164, -0.0001, 0.1826|8820|0.4463, -0.7589, -0.4881, -0.5228, -0.0292, -0.1216, -0.0027, 0.0100|1328.0
26|0.5870, -1.0000, -0.3577, -0.4070, -0.1039, 0.3126, -0.0058, 0.3974|9020|0.3024, -0.6591, -0.4668, -0.5454, -0.0298, -0.0898, -0.0031, 0.0002|1430.2
27|0.5488, -1.0000, -0.2096, -0.4070, -0.1039, -0.0385, 0.0080, -0.1385|8520|0.3668, -0.7798, -0.4648, -0.5054, -0.0456, -0.0233, -0.0032, -0.0083|1399.6
28|0.5488, -1.0000, -0.4561, -0.4070, -0.1039, -0.0385, 0.0080, -0.1385|14520|0.3729, -0.7350, -0.4422, -0.4347, -0.0318, -0.0635, -0.0025, -0.0195|1631.6
29|0.1151, -1.0000, -1.0000, -0.2060, -0.1230, -0.0099, 0.0205, 0.3974|10040|0.2515, -0.7391, -0.5321, -0.4127, -0.0266, -0.0723, -0.0009, 0.0267|1700.2
30|0.6186, -1.0000, -0.2201, -0.1864, -0.0162, 0.1247, 0.0141, -0.0273|39140|0.2935, -0.8202, -0.5393, -0.4211, -0.0342, -0.0075, -0.0001, 0.0510|2674.8
31|0.1535, -1.0000, -0.3191, -0.2665, 0.0008, 0.0130, 0.0008, 0.1672|24780|0.2865, -0.8936, -0.4196, -0.3847, -0.0255, -0.0035, 0.0016, 0.0655|2606.8
32|0.6555, -1.0000, -0.1104, -0.2143, -0.0171, -0.0253, 0.0016, 0.0257|25440|0.1981, -0.8103, -0.3333, -0.3514, -0.0165, 0.0227, 0.0020, 0.0490|2748.8
