1|-0.0656, -0.4808, -0.5584, -1.0000, -0.1968, 0.6201, 0.3886, 0.1222|740|-0.1897, 0.0195, -0.0554, -0.0322, -0.0948, 0.0474, 0.0090, -0.1316|73.8
2|0.4092, -0.6361, -0.5169, -0.2879, -1.0000, -0.2376, -0.2630, -0.3066|1300|-0.0873, -0.0460, -0.1192, -0.2627, -0.0655, 0.0554, 0.0091, -0.1754|118.0
3|-0.1058, -0.7755, -0.9005, -0.8730, -0.3173, 1.0000, 0.5101, -0.0438|2240|0.0320, -0.1294, -0.3668, -0.4501, -0.1556, 0.0785, -0.0025, -0.1625|262.6
4|1.0000, -0.5743, -0.4584, -0.6226, 0.1973, 0.5597, -0.6605, -0.5204|2720|0.1473, -0.2054, -0.2675, -0.2473, -0.1079, 0.0404, -0.0222, -0.1898|260.6
5|1.0000, -1.0000, -0.4584, -0.5649, 0.1482, 0.4821, -0.0692, -0.0642|4060|0.1885, -0.2396, -0.4255, -0.5115, -0.1002, 0.0807, 0.0695, -0.0741|354.4
6|0.6165, -0.5069, -0.6052, -1.0000, 0.0396, 0.1301, -0.1270, 0.7376|2060|0.2992, -0.2333, -0.4128, -0.6411, -0.1393, 0.0978, 0.1053, -0.0349|435.8
7|1.0000, -0.1727, -0.8688, -1.0000, -0.1796, 0.9683, 0.0880, -0.4689|3020|0.2905, -0.2089, -0.5245, -0.6670, -0.1536, 0.0039, 0.0420, -0.1771|405.6
8|1.0000, -0.5743, -0.4584, -0.6226, -0.4870, 0.2826, -0.1531, -0.5204|2960|0.2585, -0.2863, -0.4471, -0.6095, -0.1579, 0.0377, 0.0078, -0.1949|447.6
9|0.1025, -1.0000, -0.5270, -0.7651, -0.1060, 0.2877, 0.8541, 0.0005|2980|0.2046, -0.3732, -0.5961, -0.7305, -0.1704, -0.0190, 0.0257, -0.2487|528.2
10|1.0000, -0.6368, -1.0000, -0.6226, -0.5154, -0.5673, 0.1575, -0.1150|3540|0.3438, -0.3829, -0.6835, -0.7377, -0.1415, -0.1691, 0.1694, -0.2600|672.6
11|-0.1700, -0.9224, -0.8688, -1.0000, 0.1973, 0.3546, 0.6241, -0.5204|2260|0.3435, -0.3864, -0.5456, -0.6457, -0.1263, -0.1923, 0.1384, -0.2214|555.8
12|1.0000, -0.5743, -1.0000, -0.6888, -0.0481, -1.0000, -0.0692, 0.0004|6120|0.4028, -0.5803, -0.5849, -0.5724, -0.1061, -0.3682, 0.1484, -0.1927|825.6
13|0.5272, -1.0000, -0.1041, -0.1222, 0.0599, -0.3309, 0.1251, -0.0474|4360|0.4220, -0.4684, -0.5489, -0.5912, -0.1355, -0.3962, 0.1381, -0.1281|826.8
14|-0.2861, -1.0000, -0.7746, -1.0000, -0.0821, -0.5371, 0.1838, 0.0003|5780|0.5728, -0.5884, -0.6060, -0.6127, -0.1161, -0.3363, 0.0830, -0.0794|1074.0
15|1.0000, -0.8297, -0.8717, -1.0000, -0.4307, -0.7676, 0.5815, -0.7412|4380|0.5693, -0.5867, -0.5623, -0.5715, -0.1406, -0.4119, 0.1018, -0.1360|1017.8
16|1.0000, -0.5743, -0.9245, -1.0000, -0.0729, -0.0658, 0.1241, 0.6558|6120|0.6224, -0.5354, -0.5110, -0.5450, -0.1375, -0.3145, 0.1560, -0.0589|1075.0
17|1.0000, -1.0000, -0.4584, -0.6226, -0.0283, 0.1403, -0.0293, 0.0003|9420|0.5986, -0.7148, -0.4475, -0.4159, -0.1175, -0.3027, 0.1315, 0.0882|1225.6
18|0.2943, -1.0000, 0.0203, -0.1169, -0.0535, -0.3167, -0.2751, -0.0237|5740|0.5581, -0.7132, -0.3903, -0.3395, -0.1067, -0.2900, 0.0881, 0.0957|1168.4
19|1.0000, -1.0000, -0.2001, -0.8041, 0.0848, 0.0977, 0.1157, 0.8172|5880|0.6701, -0.6919, -0.3371, -0.3211, -0.1023, -0.3108, 0.0346, 0.1270|1231.2
20|0.6621, -1.0000, -0.3058, -0.2542, -0.0960, -0.1080, -0.2751, -0.0020|19960|0.5854, -0.6561, -0.3800, -0.2756, -0.1513, -0.2712, 0.0504, 0.0500|1708.8
21|0.6925, -1.0000, -0.1766, -0.1586, -0.1180, -0.3607, 0.2698, -0.0871|9260|0.4317, -0.7141, -0.3432, -0.2619, -0.1656, -0.3052, -0.0109, 0.0111|1433.2
22|1.0000, -1.0000, -0.2677, -0.2918, 0.0149, -0.3508, -0.0113, -0.0871|7760|0.5075, -0.6928, -0.3335, -0.2842, -0.2113, -0.3328, 0.0305, -0.0211|1286.6
23|0.3955, -1.0000, -0.2001, -0.3922, -0.0375, 0.0804, 0.0113, -0.0318|11000|0.5200, -0.7071, -0.2889, -0.2872, -0.1848, -0.3114, 0.0575, 0.0066|1659.2
24|1.0000, -1.0000, -0.0930, -0.0461, -0.0746, 0.0399, -0.1944, -0.0646|13100|0.6239, -0.7715, -0.2121, -0.2744, -0.1906, -0.2064, 0.0045, -0.0421|1805.6
25|1.0000, -1.0000, -0.2677, -0.2918, 0.0519, 0.0399, 0.1511, -0.0036|16280|0.6293, -0.7923, -0.2409, -0.2699, -0.2307, -0.2425, 0.0150, -0.0828|2224.4
26|0.2855, -1.0000, -0.1832, -0.2229, -0.0493, -0.0008, -0.1309, -0.0051|30960|0.5976, -0.8440, -0.2072, -0.2308, -0.1608, -0.2031, 0.0135, -0.0682|3647.2
27|1.0000, -1.0000, -0.0216, -0.2237, 0.0519, -0.0658, 0.0740, 0.0260|46960|0.6475, -0.8956, -0.1103, -0.2225, -0.0976, -0.1925, 0.1130, -0.0483|3902.0
28|0.1964, -1.0000, 0.0536, -0.1489, 0.0149, -0.0658, 0.0740, 0.0260|59300|0.5316, -0.8775, -0.1273, -0.2029, -0.0731, -0.1861, 0.0841, -0.0350|4703.2
29|0.1964, -1.0000, 0.0536, -0.1489, 0.0149, -0.0658, 0.0740, 0.0260|35240|0.5211, -0.8867, -0.1443, -0.1672, -0.0308, -0.1498, 0.0768, -0.0216|4276.8
30|0.8156, -1.0000, -0.0409, -0.1252, 0.0556, 0.0399, 0.0086, -0.0054|105660|0.4276, -0.7822, -0.1540, -0.1900, -0.0028, -0.0684, 0.0556, -0.0271|5093.2
31|0.1964, -1.0000, -0.0587, -0.1489, 0.0519, -0.0658, 0.1207, -0.0263|80040|0.2486, -0.7350, -0.0750, -0.2122, -0.0186, -0.1286, 0.0518, -0.0130|4267.0
32|0.1964, -1.0000, -0.0759, -0.1489, 0.0466, -0.0012, 0.0318, 0.0079|80820|0.3849, -0.8051, -0.0908, -0.2207, -0.0159, -0.0953, 0.0519, -0.0089|7446.4
