1|0.9128, -0.1195, -1.0000, -1.0000, -0.2213, 0.3454, 0.5982, -0.9309|1720|0.0881, 0.0967, -0.2859, -0.0440, -0.1529, -0.0925, 0.1275, -0.1125|156.8
2|0.7287, -0.9924, -0.7198, -1.0000, -0.0341, -0.3662, -0.2458, 0.3699|2000|0.1429, 0.0573, -0.3579, -0.2622, -0.1709, -0.0325, 0.1656, -0.0869|156.8
3|1.0000, 0.0994, -0.9877, -0.9063, -0.1260, 0.5149, 0.9585, -0.9082|4620|0.2417, -0.0210, -0.4932, -0.5271, -0.0899, -0.0419, 0.1785, -0.0896|384.8
4|0.7287, -0.9924, -0.7198, -1.0000, -0.0341, -0.3662, -0.2458, 0.3699|2560|0.4023, -0.0360, -0.6671, -0.7363, -0.0787, -0.0166, 0.0776, -0.2366|470.6
5|0.7157, -0.0372, -1.0000, -0.6934, -0.0156, -0.6798, 0.7515, 0.1109|2900|0.4387, -0.0478, -0.7318, -0.7977, -0.0811, -0.0748, 0.0945, -0.2622|497.4
6|1.0000, -0.9924, -0.6144, -0.9688, 0.5885, -0.1634, 0.6857, 0.4347|4300|0.4559, -0.1356, -0.7158, -0.8661, -0.1173, -0.0594, 0.0595, -0.2346|646.2
7|1.0000, -0.9924, -0.6144, -0.9688, 0.5885, -0.1634, 0.6857, -0.0125|3820|0.4734, -0.2287, -0.6633, -0.8424, -0.0649, -0.1033, 0.0556, -0.2126|634.0
8|0.3701, -1.0000, -0.3656, -0.5080, 0.0028, -0.1860, 0.3498, -0.0090|4980|0.4860, -0.3106, -0.7298, -0.8515, -0.0667, -0.0864, 0.1618, -0.1083|648.8
9|1.0000, -0.5410, -0.6936, -0.5452, 0.3208, -0.0538, 0.5226, 0.2370|5320|0.4397, -0.2913, -0.7706, -0.7926, -0.0711, -0.0549, 0.0570, -0.0709|807.2
10|0.3114, -1.0000, -0.8382, -0.6636, -0.3118, -0.3984, -0.5795, -0.0556|3460|0.4147, -0.3331, -0.6908, -0.7001, -0.1335, -0.0954, 0.0437, 0.0722|652.6
11|0.0769, -0.8804, -1.0000, -0.8872, -0.0242, -0.0149, -1.0000, 0.3016|3460|0.3845, -0.3152, -0.6792, -0.7788, -0.1885, -0.1258, -0.0162, 0.0977|636.8
12|1.0000, -1.0000, -0.7069, -0.5814, -0.0819, -0.4314, -0.0473, 0.2555|3660|0.3288, -0.4260, -0.5955, -0.7680, -0.1274, -0.2109, -0.0017, 0.0871|733.2
13|0.3747, -0.9924, -1.0000, -0.9688, -0.3517, -0.6160, -0.6645, 0.2370|3080|0.3415, -0.4748, -0.7073, -0.7719, -0.1445, -0.1874, -0.0211, 0.0150|706.2
14|0.0310, -1.0000, -0.5688, -0.3576, -0.1502, 0.1616, -0.4031, 0.1216|3100|0.4548, -0.4900, -0.7910, -0.7335, -0.1190, -0.1211, -0.1457, -0.0012|816.2
15|0.1251, -1.0000, -1.0000, -1.0000, -0.1012, 0.2382, -0.4939, -0.5446|5020|0.5760, -0.5937, -0.7555, -0.7640, -0.1119, -0.1539, -0.2044, -0.0430|974.4
16|1.0000, -1.0000, -0.5940, -0.6536, -0.0341, -0.0088, -0.0473, 0.2555|10420|0.5834, -0.5734, -0.7648, -0.6919, -0.1031, -0.0778, -0.1215, -0.0294|985.2
17|0.6368, -0.9924, -0.7937, -0.6586, -0.2213, 0.3691, 0.1563, -0.6004|6440|0.6211, -0.6227, -0.7707, -0.6844, -0.1045, -0.1048, -0.0873, -0.0257|1179.2
18|0.5905, -1.0000, -0.4174, -0.6536, -0.0234, -0.2548, -0.0473, 0.4258|7360|0.6113, -0.6840, -0.6834, -0.7566, -0.1000, -0.0731, -0.1176, -0.0256|1124.6
19|0.7459, -1.0000, -0.5940, -0.6717, -0.0175, 0.1206, 0.3086, 0.3176|5060|0.6569, -0.7429, -0.6466, -0.6567, -0.0811, -0.0536, -0.0669, 0.1001|995.4
20|0.8194, -1.0000, -0.4851, -0.5356, -0.0118, -0.0072, -0.0394, 0.6036|10540|0.6326, -0.8173, -0.7202, -0.6512, -0.0479, -0.0596, -0.0435, -0.0196|1376.6
21|1.0000, -1.0000, -0.1931, -0.5814, -0.1260, 0.1704, 0.3186, 0.3621|9480|0.6331, -0.7603, -0.5970, -0.5348, -0.0682, -0.0978, -0.0068, 0.0869|1336.4
22|0.8471, -1.0000, -0.4851, -0.5356, 0.0040, 0.0071, -0.0394, 0.2164|7540|0.5729, -0.8992, -0.6054, -0.5226, -0.0548, -0.1517, 0.0212, 0.0754|1429.0
23|0.7591, -1.0000, -0.6949, -0.5814, 0.0033, 0.0102, 0.3186, 0.3621|17820|0.6942, -0.7617, -0.5471, -0.4687, -0.0725, -0.0916, -0.0000, 0.1331|1564.8
24|0.5694, -1.0000, -0.3261, -0.4535, -0.0096, -0.0012, -0.0265, 0.2434|19780|0.6659, -0.8712, -0.5527, -0.5435, -0.0609, -0.0891, -0.0036, 0.1658|1896.8
25|1.0000, -1.0000, -0.7002, -0.5858, 0.0033, 0.2185, 0.2576, 0.3649|11280|0.6871, -0.8654, -0.4718, -0.5377, -0.0645, -0.0813, -0.0165, 0.1599|2138.2
26|0.5738, -1.0000, -0.0399, -0.4569, -0.0145, 0.2742, -0.0267, 0.2666|13600|0.6121, -0.8793, -0.4239, -0.5210, -0.0738, -0.0609, 0.0567, 0.2496|1982.8
27|0.5694, -1.0000, -0.3261, -0.4535, -0.0096, -0.0012, -0.0265, 0.2434|16800|0.6942, -0.9362, -0.4218, -0.4720, -0.0409, -0.0342, 0.0730, 0.2507|2601.8
28|0.7591, -1.0000, -0.1931, -0.4667, 0.0683, 0.1704, 0.3186, 0.2434|16440|0.7052, -0.9273, -0.4017, -0.4948, -0.0219, -0.0062, 0.1239, 0.3131|3047.6
29|0.8536, -1.0000, -0.0399, -0.2282, 0.0039, -0.0187, 0.0220, 0.2666|28960|0.7341, -0.9677, -0.3582, -0.4668, -0.0183, 0.0200, 0.1127, 0.2972|3241.6
30|0.3721, -1.0000, -0.4851, -0.3272, -0.0103, -0.3085, -0.0265, 0.2434|15580|0.7196, -0.9848, -0.3214, -0.4151, -0.0310, 0.0446, 0.1234, 0.2560|3323.0
31|1.0000, -1.0000, -0.4383, -0.4535, -0.0096, 0.1704, 0.3186, 0.2434|17660|0.7394, -0.9344, -0.3270, -0.4313, -0.0267, 0.0539, 0.1382, 0.1953|3424.0
32|1.0000, -1.0000, -0.0396, -0.2264, 0.0038, 0.0018, 0.3186, 0.2164|24640|0.7055, -0.9192, -0.2871, -0.4059, -0.0153, 0.0192, 0.1650, 0.2205|3791.8
