1|-0.4002, -1.0000, -0.2234, -0.7771, -0.8921, -0.0717, -0.4560, 0.7080|1060|0.0449, 0.0463, -0.0975, -0.1151, -0.0980, 0.0138, 0.1309, -0.0968|85.4
2|0.8468, -1.0000, -0.7770, -0.6085, 0.5833, 0.2827, 0.3639, -0.3203|4020|0.0303, 0.0234, -0.1346, -0.2544, -0.2772, -0.1942, 0.1240, -0.2498|222.2
3|0.7282, -0.4576, -1.0000, -0.6628, -0.3186, -0.6856, 0.1318, 0.2208|1180|0.1354, -0.0127, -0.2528, -0.4061, -0.4293, -0.2977, 0.0444, -0.2930|227.6
4|0.9112, -0.8333, -1.0000, -1.0000, 0.7178, -0.8157, -0.9709, -0.1716|2960|0.1924, -0.1533, -0.3788, -0.5454, -0.5724, -0.2837, -0.0526, -0.3456|389.8
5|0.9112, -0.8333, -0.4845, -0.5002, -1.0000, -0.8157, 0.5814, 0.0858|2520|0.2075, -0.2526, -0.4620, -0.6137, -0.6155, -0.3119, -0.0110, -0.3050|466.0
6|1.0000, -0.6817, -0.0840, -0.6080, -0.0541, 0.1563, 0.1810, 0.7234|3600|0.2788, -0.2211, -0.4728, -0.5291, -0.6491, -0.3221, 0.0143, -0.3064|463.8
7|0.1611, -1.0000, -0.6646, -0.5810, -0.4417, -0.0657, -0.6278, -0.4208|3300|0.3456, -0.3317, -0.5265, -0.5732, -0.6401, -0.3268, 0.0012, -0.3428|515.6
8|0.9908, -1.0000, -0.6646, -0.5810, -0.4417, -0.0657, 0.0305, -0.4208|4360|0.4276, -0.3553, -0.5372, -0.5130, -0.6884, -0.2824, -0.0830, -0.2268|631.4
9|0.9112, -0.9093, -0.2687, -0.2233, -0.2329, 0.1563, 0.1810, -0.2984|5200|0.5700, -0.3747, -0.5125, -0.6144, -0.5973, -0.3046, -0.0345, -0.0450|781.6
10|0.8092, -1.0000, -0.8881, -0.9359, 0.4264, -0.0785, 0.7531, 0.2233|2960|0.6574, -0.5345, -0.5221, -0.4934, -0.5061, -0.2314, -0.0450, 0.0108|856.8
11|1.0000, -0.9177, -0.2712, -0.2254, 0.0603, -0.3019, 0.1827, -0.3012|5560|0.7506, -0.5588, -0.4857, -0.5688, -0.3863, -0.2245, 0.0428, 0.0369|1117.8
12|1.0000, -0.6817, -0.6575, -0.6080, -0.0541, 0.1563, -0.6278, 0.7234|7300|0.7593, -0.5560, -0.5177, -0.5627, -0.3624, -0.1897, 0.0136, 0.0194|1138.6
13|0.9112, -1.0000, -0.2712, -0.2254, 0.0603, 0.1563, -0.0182, -0.3012|7000|0.7926, -0.6499, -0.4709, -0.5622, -0.2922, -0.1116, 0.0440, 0.1925|1189.2
14|0.9112, -1.0000, -0.2712, -0.2254, 0.0603, 0.1563, -0.0182, -0.3012|8260|0.7140, -0.6283, -0.4225, -0.5082, -0.2406, -0.1169, 0.0145, 0.2344|1098.4
15|0.4835, -1.0000, -0.6575, -0.3849, -0.0209, -0.8157, 0.1827, 0.3454|5860|0.7313, -0.7874, -0.5021, -0.5336, -0.2696, -0.1706, 0.0222, 0.2004|1420.8
16|1.0000, -1.0000, -0.0840, -0.4591, -0.0541, 0.1563, 0.1810, 0.5804|13220|0.7421, -0.7907, -0.5142, -0.5499, -0.3045, -0.1973, 0.0236, 0.2089|1541.4
17|1.0000, -0.6880, -0.3075, -0.4859, -0.0541, -0.1325, 0.1827, 0.7234|12260|0.8001, -0.8528, -0.4316, -0.4456, -0.3440, -0.1621, 0.0141, 0.2787|1708.0
18|1.0000, -1.0000, -0.3075, -0.4859, -0.0541, -0.1236, 0.1827, 0.0807|10060|0.8564, -0.8143, -0.4129, -0.4567, -0.2202, -0.1438, 0.0284, 0.3009|1594.2
19|1.0000, -1.0000, -0.6575, -0.3849, -0.0541, 0.1563, 0.1827, 0.3454|9660|0.7120, -0.7997, -0.3764, -0.5214, -0.2177, -0.0986, 0.0702, 0.2928|2081.4
20|1.0000, -0.9093, -0.1248, -0.4859, 0.1391, -0.1236, 0.0399, 0.3912|10540|0.9519, -0.8353, -0.3677, -0.5019, -0.1651, -0.0578, 0.0889, 0.3342|2212.0
21|1.0000, -0.9262, -0.3075, -0.4082, 0.0942, 0.1563, -0.0770, 0.0564|13760|0.9719, -0.8497, -0.3312, -0.5398, -0.1150, -0.0206, 0.1187, 0.3633|2379.8
22|0.5568, -1.0000, -0.0695, -0.2705, -0.0253, -0.0688, -0.0457, 0.2178|27240|0.9276, -0.8712, -0.2896, -0.5068, -0.0662, -0.0343, 0.1035, 0.2909|3160.4
23|1.0000, -1.0000, -0.2237, -0.4859, -0.0541, 0.1563, 0.1827, 0.3912|21120|0.8906, -0.8811, -0.2733, -0.4478, -0.0223, -0.0204, 0.1035, 0.3114|3139.4
24|1.0000, -1.0000, -0.2687, -0.4859, 0.1391, 0.1563, 0.1827, 0.3912|24180|0.9240, -0.8512, -0.2586, -0.4402, -0.0567, -0.0143, 0.0998, 0.3181|3504.8
25|1.0000, -0.9093, -0.3075, -0.3849, 0.0315, 0.1033, 0.0399, 0.3454|21120|0.9256, -0.8408, -0.2792, -0.4247, -0.0566, -0.0010, 0.0972, 0.2835|3641.2
26|0.5303, -1.0000, -0.1631, -0.2576, -0.0096, -0.0703, 0.0969, 0.2074|70420|0.8819, -0.8703, -0.2664, -0.3916, -0.0230, -0.0014, 0.1033, 0.2821|4079.2
27|1.0000, -0.9093, -0.3075, -0.3849, -0.0371, 0.0633, 0.1827, 0.3454|28320|0.8779, -0.8798, -0.2481, -0.3831, -0.0084, -0.0096, 0.0881, 0.3101|4154.8
28|1.0000, -0.9093, -0.1703, -0.3849, 0.0657, 0.1563, 0.1012, 0.3912|29580|0.8924, -0.8588, -0.2455, -0.3748, -0.0126, 0.0129, 0.0936, 0.2876|4634.0
29|0.5303, -1.0000, -0.1631, -0.2576, -0.0096, -0.0703, 0.0969, 0.2074|29420|0.8845, -0.8323, -0.2413, -0.3889, 0.0037, 0.0208, 0.0835, 0.2653|4172.0
30|0.5303, -0.9093, -0.2027, -0.3203, -0.0371, 0.0633, 0.0399, 0.2074|42940|0.7939, -0.8843, -0.2383, -0.3519, -0.0208, 0.0276, 0.0579, 0.1796|5233.0
31|0.5303, -0.9093, -0.2027, -0.3203, -0.0371, 0.0633, 0.0399, 0.2074|41060|0.8676, -0.7830, -0.2684, -0.3977, -0.0080, 0.0264, 0.1130, 0.1846|5481.0
32|0.5303, -0.9093, -0.3382, -0.3203, -0.0371, 0.0633, 0.0399, -0.0906|18540|0.8809, -0.9020, -0.2760, -0.4041, 0.0189, 0.0220, 0.1021, 0.2498|5530.4
