1|1.0000, -0.8353, -0.7702, -0.7243, -0.0321, 0.7270, 0.3380, 0.6349|1940|0.0913, 0.0523, -0.1945, -0.1188, -0.1098, -0.0382, -0.0249, 0.0070|154.6
2|0.8545, -1.0000, -0.2448, -0.1362, -0.0165, -0.3874, -0.1377, -0.5364|2300|0.1731, -0.0410, -0.3395, -0.3550, -0.1617, -0.0718, -0.0258, -0.1249|209.8
3|-0.2179, -0.8353, -0.7702, -0.7243, -0.0321, 0.7270, 0.3380, 0.6349|1860|0.1785, -0.0994, -0.3675, -0.5373, -0.1620, -0.1148, -0.0168, -0.1974|301.4
4|0.3782, -0.2355, -0.7080, -0.7659, -0.0134, 0.0961, 0.5146, 0.3369|2860|0.2905, -0.2857, -0.4541, -0.6676, -0.2739, -0.1383, 0.0352, -0.1717|438.8
5|0.2715, -1.0000, -0.2949, -1.0000, 0.4937, 0.7270, -0.0100, -0.5178|2360|0.4755, -0.3983, -0.4998, -0.7672, -0.2402, 0.0579, -0.0000, -0.1503|687.4
6|0.1595, -1.0000, -0.2943, -0.7790, -0.0321, -1.0000, 0.0661, 1.0000|2080|0.5342, -0.5025, -0.4975, -0.7807, -0.1691, 0.1387, 0.0649, -0.2185|608.2
7|0.2715, -0.8353, -0.7702, -0.7243, -0.6952, -0.1556, 0.3380, 0.6349|2720|0.5931, -0.6666, -0.4928, -0.7266, -0.2214, -0.0665, 0.0486, -0.1642|689.2
8|1.0000, -1.0000, -0.2558, -0.0489, -0.0321, -0.3874, -0.2361, -0.6023|3360|0.5744, -0.8131, -0.5179, -0.6807, -0.2194, -0.1966, 0.0294, -0.2115|801.8
9|1.0000, -1.0000, -0.2558, -0.0489, -0.0321, -0.3874, -0.2361, -0.6023|8660|0.6858, -0.8350, -0.5051, -0.6657, -0.1329, -0.2005, 0.0147, -0.2467|937.6
10|1.0000, -1.0000, -0.2558, -0.0489, -0.0321, -0.3874, -0.2361, -0.6023|5860|0.6663, -0.8624, -0.5153, -0.6421, -0.1545, -0.3066, -0.0147, -0.2543|924.8
11|0.8447, -1.0000, -0.7702, -0.7659, 0.0202, -1.0000, 0.0661, 0.6349|5840|0.6783, -0.8780, -0.5523, -0.6255, -0.1555, -0.3331, 0.0326, -0.2249|944.0
12|0.8447, -1.0000, -0.7702, -0.5322, -0.6952, -0.6417, -0.7022, 0.6349|4220|0.7540, -0.9007, -0.5875, -0.5799, -0.1557, -0.2806, 0.0681, -0.2446|1069.6
13|0.9181, -1.0000, -1.0000, -0.5887, -0.5887, 0.2706, 0.3665, 0.6349|6100|0.7844, -0.8811, -0.6277, -0.6492, -0.1081, -0.2453, 0.1363, -0.2116|1100.6
14|1.0000, -0.5887, -0.5613, -0.7659, -0.5887, 0.0961, 0.2232, -0.3953|3080|0.7775, -0.8543, -0.6319, -0.6730, -0.0215, -0.2966, 0.1530, -0.1179|1025.6
15|0.9690, -1.0000, -0.5439, -0.2763, -0.0148, -0.3754, -0.4626, 0.3967|5580|0.7997, -0.8583, -0.6770, -0.7309, -0.0430, -0.3021, 0.1633, -0.1937|1199.2
16|0.7455, -1.0000, -0.7702, -0.0866, -0.0159, 0.0961, 0.0661, -0.1978|4640|0.8668, -0.8863, -0.6599, -0.6429, -0.0216, -0.3120, 0.1820, -0.1590|1122.8
17|0.9181, -1.0000, -1.0000, -0.7916, 0.4532, 0.0263, 0.3792, 0.6349|5680|0.9169, -0.8721, -0.6761, -0.6861, 0.0279, -0.2662, 0.2109, -0.0625|1190.8
18|1.0000, -0.8353, -0.5613, -0.7659, 0.4415, 0.0961, 0.2232, 0.5081|6180|0.8839, -0.8625, -0.6113, -0.6484, -0.0401, -0.2900, 0.3000, 0.0166|1279.6
19|0.9181, -0.7309, -1.0000, -0.5887, -0.0152, -0.3470, 0.2232, -0.3620|6780|0.7948, -0.8661, -0.6585, -0.6717, -0.0435, -0.3084, 0.3057, 0.0527|1467.0
20|0.9333, -0.9552, -0.5613, -0.2192, 0.0202, -0.3874, -0.0645, -0.3953|4880|0.8387, -0.8409, -0.6571, -0.6625, -0.0311, -0.2814, 0.3085, -0.0367|1399.4
21|0.9333, -0.9552, -0.5613, -0.2192, 0.0202, -0.3664, -0.0645, -0.3953|6800|0.8791, -0.8914, -0.6418, -0.6349, 0.0121, -0.3587, 0.2921, -0.1155|1390.6
22|1.0000, -0.9552, -0.7650, -0.2192, 0.0202, 0.0261, -0.0645, -0.0955|5240|0.8640, -0.8960, -0.6547, -0.6318, 0.0325, -0.3353, 0.3006, -0.1503|1236.8
23|0.9333, -0.9552, -0.5613, -0.2192, 0.0202, -0.3874, -0.0645, -0.3953|6220|0.8826, -0.8349, -0.6057, -0.6742, -0.0041, -0.3104, 0.2562, -0.0801|1331.2
24|1.0000, -1.0000, -0.7702, -0.7659, 0.4332, 0.0961, 0.4814, 0.0682|6520|0.8169, -0.8791, -0.6443, -0.6261, -0.0074, -0.3465, 0.2435, -0.0241|1361.8
25|0.7455, -0.9594, -0.7702, -0.5887, 0.0202, -0.3470, 0.2232, 0.4033|3320|0.8462, -0.9150, -0.6612, -0.6833, -0.0283, -0.3069, 0.2135, -0.0528|1239.6
26|0.5985, -1.0000, -0.3359, -0.4584, 0.0121, -0.2193, -0.0656, 0.2450|5680|0.8595, -0.8767, -0.6416, -0.7180, -0.0445, -0.2715, 0.1766, -0.0589|1432.8
27|0.9333, -1.0000, -0.5613, -0.2192, 0.0408, -0.3664, 0.2232, 0.1459|5160|0.8528, -0.8619, -0.6480, -0.7045, -0.0440, -0.2562, 0.1627, -0.0137|1393.4
28|0.5985, -1.0000, -0.3359, -0.4584, -0.0321, 0.0961, -0.0656, 0.4094|5500|0.8254, -0.8781, -0.5340, -0.6600, -0.0444, -0.2778, 0.1343, 0.0857|1610.8
29|0.5985, -1.0000, -0.7702, -0.4584, -0.0342, -0.3874, -0.0656, 0.4033|5820|0.7915, -0.9332, -0.6102, -0.5838, -0.0248, -0.3004, 0.1618, 0.1421|1552.6
30|0.8157, -1.0000, -0.7702, -0.7659, -0.0385, -0.4382, 0.5243, 0.4901|6660|0.7661, -0.9205, -0.4731, -0.6383, -0.0507, -0.2761, 0.1759, 0.1118|1654.8
31|0.9854, -1.0000, -0.2690, -0.2314, 0.0132, 0.1297, 0.2357, 0.1541|13400|0.7920, -0.9744, -0.5389, -0.6875, -0.0387, -0.2596, 0.1388, 0.1084|1902.6
32|1.0000, -1.0000, -0.2690, -0.2314, 0.0202, 0.1297, 0.2357, 0.1541|13940|0.8096, -0.9758, -0.5263, -0.6033, -0.0268, -0.2258, 0.1393, 0.1680|2523.4
