1|-0.7606, -1.0000, -0.2249, -0.7150, -0.7149, 0.6546, -0.8778, 0.3485|1460|-0.2904, -0.2489, 0.0746, -0.3394, -0.4397, -0.4164, 0.1522, 0.4546|302.0
2|-0.3128, -1.0000, -0.2249, -0.7150, -0.7149, -0.4478, -0.3669, 0.9923|1240|-0.5692, -0.5857, -0.1945, -0.5709, -0.7300, -0.3620, -0.0518, 0.7634|384.0
3|-0.3128, -1.0000, -0.2249, -0.7150, -0.7149, -0.4478, -0.3669, 0.9923|820|-0.4768, -0.9721, -0.0975, -0.8039, -0.8126, -0.4536, -0.2146, 0.7204|430.0
4|-0.3128, -1.0000, -0.2249, -0.7150, -0.7149, -0.4478, -0.3669, 0.9923|1680|-0.3356, -0.9926, -0.1230, -0.7311, -0.5511, -0.1390, -0.2043, 0.5999|466.0
5|-0.3128, -1.0000, -0.2249, -0.7150, -0.7149, -0.4478, -0.3669, 0.9923|1620|-0.2349, -1.0000, -0.1355, -0.7150, -0.5245, -0.1171, -0.2449, 0.7991|654.0
6|-0.3128, -1.0000, -0.2249, -0.7150, -0.7149, -0.4478, -0.3669, 0.9923|1740|-0.2349, -1.0000, -0.1610, -0.7150, -0.5245, -0.3375, -0.3262, 0.7991|800.0
7|0.4664, -1.0000, -0.2249, -0.7150, -0.7149, -0.4478, -0.3669, 0.9923|1720|-0.0790, -1.0000, -0.1610, -0.7150, -0.5694, -0.4478, -0.3669, 0.8635|818.0
8|-0.3128, -1.0000, -0.2249, -0.7150, -0.7149, -0.4478, -0.3669, 0.9923|1140|-0.1540, -0.8000, -0.1969, -0.7082, -0.5177, -0.4435, -0.3634, 0.7958|700.0
9|-0.3128, -1.0000, -0.2249, -0.7150, -0.7149, -0.4478, -0.3669, 0.9923|1440|-0.1540, -0.8000, -0.1969, -0.7082, -0.6183, -0.4435, -0.3634, 0.7958|658.0
10|0.4664, -1.0000, -0.2249, -0.7150, -0.7149, -0.4478, -0.3669, 0.9923|1500|0.0763, -0.6955, -0.2123, -0.7161, -0.7160, -0.4485, -0.3674, 0.9938|594.0
11|0.4664, -1.0000, -0.2249, -0.7150, -0.7149, -0.4478, -0.3669, 0.9923|2080|0.3101, -0.6955, -0.2253, -0.7161, -0.7160, -0.4485, -0.3674, 0.9938|1026.0
12|0.4664, -1.0000, -0.2249, -0.7150, -0.7149, -0.4478, -0.3669, 0.9923|1560|0.1878, -0.6955, -0.2253, -0.7161, -0.7160, -0.4485, -0.3674, 0.9938|800.0
13|0.4664, -1.0000, -0.2249, -0.7150, -0.7149, -0.4478, -0.3669, 0.9923|1980|0.4664, -1.0000, -0.2249, -0.7150, -0.7149, -0.4478, -0.3669, 0.9923|1042.0
14|0.4664, -1.0000, -0.2249, -0.7150, -0.7149, -0.4478, -0.3669, 0.9923|2560|0.4664, -1.0000, -0.2249, -0.7005, -0.7149, -0.4478, -0.3669, 0.9923|1278.0
15|0.4664, -1.0000, -0.2249, -0.7150, -0.7149, -0.4478, -0.3669, 0.9923|2200|0.5539, -1.0000, -0.2249, -0.4408, -0.7149, -0.4478, -0.3669, 0.9923|1008.0
16|0.9035, -1.0000, -0.2249, -0.7150, -0.7149, -0.4478, -0.3669, 0.9923|2180|0.6278, -0.9851, -0.2216, -0.5435, -0.7043, -0.4411, -0.3614, 0.9775|1164.0
17|0.4664, -1.0000, -0.2249, -0.7150, -0.7149, -0.4478, -0.3669, 0.9923|1800|0.5912, -0.9864, -0.2219, -0.7053, -0.7434, -0.3326, -0.3619, 0.9060|1126.0
18|0.4664, -1.0000, -0.2249, -0.7150, -0.7149, -0.4478, -0.3669, 0.9923|2340|0.6263, -0.9678, -0.2177, -0.6920, -0.3719, -0.4181, -0.3551, 0.9603|1430.0
19|0.4664, -1.0000, -0.2249, -0.7150, -0.7149, -0.2950, -0.3669, 0.9923|2640|0.5976, -1.0000, -0.2249, -0.7150, -0.7149, -0.3714, -0.3831, 0.9923|1346.0
20|0.9035, -1.0000, -0.2249, -0.7150, -0.7149, -0.4478, -0.3669, 0.9923|2720|0.6413, -1.0000, -0.2249, -0.5312, -0.7149, -0.3919, -0.3497, 0.9923|950.0
21|0.4664, -1.0000, -0.2249, -0.7150, -0.7149, -0.4478, -0.3669, 0.9923|1900|0.7596, -0.9859, -0.2218, -0.7050, -0.7048, -0.4109, -0.3198, 0.9954|1310.0
22|0.9035, -1.0000, -0.2249, -0.7150, -0.7149, -0.4478, -0.1193, 0.9923|2380|0.7159, -0.9859, -0.2218, -0.7050, -0.7048, -0.4262, -0.3284, 0.9954|1076.0
23|0.8716, -0.9647, -0.2170, -0.6898, -0.6897, -0.4320, -0.3539, 1.0000|2180|0.8819, -0.8061, -0.2219, -0.7005, -0.7003, -0.4387, -0.2628, 0.9985|1244.0
24|0.4602, -1.0000, -0.2249, -0.6898, -0.6897, -0.4320, -0.3669, 1.0000|1680|0.7482, -0.9788, -0.2226, -0.6974, -0.6973, -0.4367, -0.2640, 0.9992|1024.0
25|0.4602, -1.0000, -0.2249, -0.6898, -0.6897, -0.4320, -0.3669, 1.0000|2400|0.5425, -0.9929, -0.2233, -0.5801, -0.6897, -0.4320, -0.0965, 1.0000|1276.0
26|0.4602, -1.0000, -0.2249, -0.6898, -0.6897, -0.4320, -0.3669, 1.0000|2420|0.6248, -0.9859, -0.2241, -0.6898, -0.6897, -0.4320, -0.2947, 1.0000|1080.0
27|0.4602, -1.0000, -0.2249, -0.6898, -0.6897, -0.4320, -0.3669, 1.0000|4080|0.5744, -0.9701, -0.2204, -0.6760, -0.6759, -0.4233, -0.1012, 1.0000|1306.0
28|0.3679, -0.7714, -0.1798, -0.5515, -0.5514, -0.3454, 0.2420, 1.0000|1920|0.4644, -0.9085, -0.1842, -0.6345, -0.6344, -0.3974, -0.1220, 1.0000|938.0
29|0.4602, -0.7714, -0.2249, -0.5515, -0.6897, -0.3454, 0.2420, 1.0000|1760|0.4372, -0.9314, -0.1887, -0.6483, -0.6482, -0.4060, -0.1829, 1.0000|1134.0
30|0.4602, -1.0000, -0.2249, -0.6898, -0.5514, -0.4320, -0.3669, 1.0000|1860|0.4464, -0.9085, -0.2159, -0.6345, -0.6482, -0.3974, -0.1233, 1.0000|994.0
31|0.4602, -0.7714, -0.2249, -0.6898, -0.6897, -0.4320, -0.3669, 1.0000|1880|0.4509, -0.8857, -0.2024, -0.6760, -0.6206, -0.4233, -0.3060, 1.0000|970.0
32|0.4602, -1.0000, -0.2249, -0.6898, -0.5514, -0.4320, -0.3669, 1.0000|1740|0.4602, -0.9543, -0.2114, -0.6898, -0.6206, -0.4320, -0.3669, 1.0000|948.0
