1|-0.5073, -0.6191, -1.0000, -0.9459, 0.6097, -0.2766, -0.5865, -0.8938|660|0.1464, -0.0727, -0.0974, 0.1523, 0.1603, -0.1299, 0.0451, 0.1778|101.0
2|0.8555, -0.8482, -0.9192, 0.0108, -0.9854, -0.4946, -0.4117, 1.0000|260|0.1566, -0.2678, -0.1944, 0.3751, 0.1648, -0.1035, 0.0360, 0.1988|35.0
3|0.8555, -0.8482, -0.9192, 0.0108, -0.0249, -0.4946, 0.9578, 0.6859|460|0.3402, -0.1814, -0.1334, 0.1183, -0.2178, -0.0571, -0.0288, -0.0198|121.0
4|0.8555, -0.8482, -0.6299, -0.9992, -0.0249, -0.4946, 0.9578, 0.6859|660|0.6363, -0.3355, -0.4594, -0.2298, -0.0785, -0.4898, -0.1284, 0.1687|201.0
5|0.8555, -0.8482, -0.9192, 0.0108, -0.0249, -0.4946, 0.9578, 1.0000|1200|0.5307, -0.3529, -0.5159, -0.3821, -0.2639, -0.5450, -0.0802, 0.2183|355.0
6|-0.0807, 0.0396, -0.9718, -1.0000, -0.0264, -0.8040, -0.2049, -0.2782|1920|0.5175, -0.4158, -0.4979, -0.5792, -0.1997, -0.7258, -0.2306, 0.0321|376.0
7|-0.0763, -0.5395, -0.5506, -0.9459, -0.0249, -0.7605, -0.1938, -0.2632|1680|0.5756, -0.5559, -0.7378, -0.4783, -0.4653, -0.6975, -0.1446, 0.3428|483.0
8|0.8555, -0.5395, -0.9192, 0.0108, -0.0249, -0.4946, -0.1938, -0.2632|1120|0.5293, -0.4491, -0.7200, -0.6191, -0.4652, -0.6962, -0.1710, 0.0983|368.0
9|0.8561, -0.5395, -0.5506, -0.9459, -0.9861, -0.6448, -0.1938, -0.2632|1520|0.7627, -0.5047, -0.6981, -0.7121, -0.6496, -0.6437, -0.4059, -0.2251|425.0
10|0.8561, -0.5395, -0.5506, -1.0000, -0.0249, -0.7605, -0.5080, -0.2632|1360|0.7051, -0.4629, -0.6493, -0.8045, -0.5023, -0.5764, -0.4073, -0.1776|595.0
11|0.8561, -0.5395, -0.5506, -0.9459, -0.0249, -0.7605, -0.6871, -0.9785|1400|0.8095, -0.4903, -0.6244, -0.9089, -0.6016, -0.6415, -0.3030, -0.3431|650.0
12|0.8561, -0.5395, -0.9192, -0.9459, -0.9854, -0.6448, -0.1938, -0.2632|1840|0.8101, -0.5698, -0.6063, -0.9628, -0.4581, -0.6150, -0.2875, -0.2729|761.0
13|0.8561, -0.5395, -0.5506, -0.9459, -0.9854, -0.6448, -0.1938, -0.2632|2100|0.8573, -0.5701, -0.6804, -0.9553, -0.6028, -0.6228, -0.2654, -0.3100|788.0
14|0.8561, -0.5395, -0.9192, -0.9459, -0.9861, -0.6448, -0.1938, -0.9785|1300|0.7682, -0.5564, -0.6071, -0.9540, -0.7484, -0.6003, -0.1851, -0.3044|677.0
15|0.8561, -0.5395, -0.5506, -0.9459, -0.0249, -0.6448, -0.1938, -0.2632|1520|0.7676, -0.5008, -0.5894, -0.9594, -0.6523, -0.6012, -0.1758, -0.3018|480.0
16|0.8561, -0.5395, -0.5584, -0.9459, -0.0249, -0.6448, -0.1019, -0.2632|1380|0.8645, -0.4659, -0.6137, -0.9064, -0.3630, -0.6371, -0.1629, -0.3042|613.0
17|0.8561, -0.5395, -0.5584, -0.9459, -0.0249, -0.6539, -0.1019, -0.2632|1940|0.6945, -0.5438, -0.3409, -0.9673, -0.2381, -0.6370, -0.1459, -0.2665|570.0
18|0.8561, -0.5395, -0.5584, -0.9459, -0.0249, -0.6539, -0.1938, -0.2632|1880|0.7788, -0.5396, -0.4930, -0.9269, -0.2956, -0.6309, -0.1362, -0.2644|712.0
19|0.9051, -0.5703, -0.5584, -0.9459, 0.0112, -0.3176, -0.2077, -0.2632|2360|0.8759, -0.5266, -0.5701, -0.9467, -0.1623, -0.5762, -0.1668, -0.2702|758.0
20|0.9178, -0.5703, -0.5903, -1.0000, 0.0196, -0.3357, -0.2077, -0.2782|1080|0.8758, -0.5350, -0.5772, -0.9151, -0.3034, -0.5772, -0.1714, -0.2704|607.0
21|0.8810, -0.6036, -0.6247, -0.3410, -0.0249, -0.6539, -0.1019, -0.2632|3400|0.8781, -0.5136, -0.5833, -0.8184, -0.1529, -0.5444, -0.1075, -0.2633|1033.0
22|0.8561, -0.5703, -0.5903, -0.9592, -0.0279, -0.6448, 0.1270, -0.2632|2380|0.8721, -0.5211, -0.5879, -0.8512, -0.0681, -0.5666, -0.1043, -0.2662|1062.0
23|0.8810, -0.5703, -0.5584, -0.3410, -0.0249, -0.3176, -0.1938, -0.2632|3080|0.8825, -0.5832, -0.5887, -0.7566, -0.0190, -0.5637, -0.0390, -0.2674|877.0
24|1.0000, -0.6576, -0.6084, -0.3716, 0.0122, -0.7025, -0.1110, 0.0895|2920|0.8963, -0.5887, -0.5903, -0.6649, -0.0151, -0.5863, -0.0319, -0.2311|994.0
25|1.0000, -0.6576, -0.6084, -0.3716, -0.0272, -0.2874, -0.1110, -0.2867|2640|0.8543, -0.5841, -0.5962, -0.5397, -0.0150, -0.6030, -0.0886, -0.2141|1055.0
26|0.8810, -0.5703, -0.5903, -0.9592, -0.0279, -0.6448, 0.1270, -0.2632|2120|0.8868, -0.5658, -0.5085, -0.5371, -0.0092, -0.6724, -0.0767, -0.2330|974.0
27|0.8810, -0.6576, -0.6247, -0.3410, -0.0279, -0.6539, -0.2111, 0.1095|2480|0.9019, -0.6031, -0.5856, -0.5012, -0.0092, -0.6814, -0.0770, -0.1592|1267.0
28|0.9178, -0.6036, -0.5584, -0.3410, 0.0112, -0.6448, -0.1019, -0.2782|3520|0.9231, -0.3885, -0.5921, -0.4159, -0.0055, -0.6673, -0.0965, -0.1587|1162.0
29|1.0000, -0.5703, -0.5584, -0.3410, 0.0131, -0.6448, -0.1019, -0.2782|2500|0.9302, -0.4726, -0.6016, -0.3541, -0.0050, -0.6704, -0.1113, -0.2006|1150.0
30|0.9178, -0.6576, -0.5584, -0.3410, 0.0112, -0.6448, -0.2111, 0.1095|3800|0.9308, -0.5353, -0.5126, -0.3464, -0.0053, -0.6531, -0.1147, -0.1953|1381.0
31|0.9178, -0.6036, -0.6247, -0.3410, -0.0279, -0.6448, -0.1019, -0.2782|3280|0.9368, -0.6102, -0.4970, -0.3410, -0.0016, -0.6546, -0.1189, -0.1748|1351.0
32|0.9178, -0.6036, -0.5584, -0.3410, 0.0112, -0.6448, -0.1019, -0.2782|3660|0.9319, -0.6258, -0.5811, -0.3448, -0.0065, -0.5337, -0.1167, -0.1547|1398.0
