1|0.9881, -0.8317, -0.4850, -0.8008, -0.7808, 0.9725, 0.1091, 1.0000|780|-0.3087, -0.2105, -0.0090, -0.0490, -0.1588, -0.0813, 0.0383, -0.0784|71.6
2|0.0280, -1.0000, -1.0000, -0.1751, 0.0381, 0.1870, 0.3100, 0.2410|620|-0.3686, -0.1810, -0.2966, -0.1549, -0.2277, -0.1023, -0.1765, -0.1629|84.0
3|-0.0804, 0.4220, -1.0000, -0.5991, -0.2399, -0.9091, 0.6579, -0.9979|1520|-0.3580, -0.2248, -0.4449, -0.2573, -0.3251, -0.2393, -0.1048, -0.1359|220.0
4|-0.9744, -0.6941, -1.0000, -0.3509, -0.9659, -0.9703, 0.3100, 0.2410|1220|-0.3977, -0.0642, -0.5920, -0.3272, -0.4949, -0.3966, -0.1483, -0.2473|215.6
5|-0.0804, -0.4809, -0.9437, -0.5991, -0.9659, -0.9091, -0.9416, 0.6994|1340|-0.3624, 0.0422, -0.6471, -0.4132, -0.6558, -0.5026, -0.0741, -0.2917|291.2
6|-0.2815, 0.4220, -1.0000, -0.5991, -0.9388, -0.5291, -0.5797, 0.2178|1080|-0.3761, 0.1316, -0.8801, -0.5598, -0.6047, -0.6107, -0.2301, -0.0599|316.8
7|-0.0804, -0.7124, -1.0000, -0.6348, -0.2542, -0.5419, 0.6579, 0.7178|3300|-0.3744, -0.0514, -0.9431, -0.5525, -0.5894, -0.7654, -0.0592, -0.1494|506.4
8|-0.0804, 0.4220, -1.0000, -0.5991, -0.2399, -0.9091, 0.6579, 0.8716|1420|-0.4124, 0.0214, -0.9409, -0.5190, -0.5756, -0.7326, -0.0132, -0.3576|378.8
9|-0.0804, -0.7124, -1.0000, -0.6348, -0.2542, -0.5419, 0.6579, 0.7178|1840|-0.3256, 0.0474, -0.8331, -0.5058, -0.4839, -0.7755, 0.2456, -0.0090|347.6
10|-0.0804, -0.7124, -1.0000, -0.5991, -0.9913, -0.9091, -0.9664, 0.7178|1960|-0.0672, -0.0540, -0.9729, -0.5626, -0.5352, -0.7537, 0.1900, 0.1045|561.6
11|-0.0804, -0.7124, -1.0000, -0.5991, -1.0000, -0.9091, 0.3698, 0.5118|1740|-0.0023, -0.1239, -0.9377, -0.5684, -0.6407, -0.7451, 0.0904, -0.0433|478.0
12|-0.0804, -0.8667, -1.0000, -0.5991, -0.9659, -0.9091, -0.9664, 0.7178|2660|-0.0095, -0.2759, -0.9809, -0.5438, -0.7380, -0.7698, -0.1427, -0.1173|660.0
13|0.3221, -0.7124, -1.0000, -0.5991, -0.1276, -0.9091, -0.6224, 0.4050|2040|-0.0047, -0.4245, -0.9174, -0.5861, -0.7195, -0.7619, -0.0614, -0.0367|583.2
14|-0.0804, -0.8667, -1.0000, -0.5991, -0.9659, -0.9091, -0.9664, 0.7178|4360|-0.0254, -0.4811, -0.8539, -0.3968, -0.7852, -0.7146, -0.2337, 0.1906|673.2
15|-0.0804, -0.7124, -1.0000, -0.5991, -0.1276, -0.9091, 0.3698, 0.4050|2360|-0.0017, -0.5306, -0.9284, -0.5261, -0.7250, -0.8035, -0.3932, 0.4123|650.0
16|-0.0804, -0.7124, -1.0000, -0.5991, -0.1276, -0.9091, 0.3698, 0.4050|3060|0.0069, -0.4831, -0.9659, -0.5781, -0.7012, -0.7658, -0.1980, 0.3491|634.0
17|-0.0428, -0.8667, -0.9437, -0.5991, -0.1276, -0.9703, -0.6224, 0.3819|2680|0.0105, -0.6032, -0.8639, -0.5499, -0.7797, -0.8295, -0.2093, 0.4292|742.8
18|-0.0804, -0.7124, -1.0000, -0.5991, -1.0000, -0.9091, -0.4628, 0.7178|2320|0.0147, -0.6237, -0.9568, -0.5311, -0.7145, -0.8448, -0.2147, 0.4614|826.0
19|-0.0804, -0.8667, -1.0000, -0.5991, -0.9659, -0.9091, 0.6579, 0.7178|2840|0.0097, -0.6770, -0.9946, -0.5321, -0.6968, -0.8245, -0.2072, 0.5120|854.4
20|0.3221, -0.7124, -1.0000, -0.5991, -0.1276, -0.9703, 0.3527, 0.7178|2880|-0.0007, -0.6308, -0.9984, -0.5312, -0.6631, -0.8455, -0.2035, 0.4584|848.4
21|-0.0804, -0.8667, -1.0000, -0.5991, -0.9659, -0.9091, 0.6579, 0.7178|3480|0.0131, -0.6771, -0.9989, -0.4678, -0.6392, -0.8865, -0.2679, 0.3797|757.6
22|0.1219, -0.3223, -1.0000, -0.5991, -0.1276, -0.9703, -0.8293, 0.2171|2660|0.0057, -0.6392, -0.9983, -0.4911, -0.6450, -0.8874, -0.2528, 0.4579|637.6
23|-0.0071, -0.8667, -1.0000, -0.5991, -0.9659, -0.9091, -0.4628, 0.7178|3040|0.0199, -0.6467, -1.0000, -0.5179, -0.6286, -0.7618, -0.3077, 0.4143|727.2
24|0.1219, -0.7124, -1.0000, -0.5991, -1.0000, -0.9091, -0.9664, 0.4050|2160|0.0129, -0.6365, -0.9946, -0.5563, -0.6638, -0.8658, -0.2460, 0.4691|722.0
25|0.3221, -0.8667, -1.0000, -0.5991, -0.1276, -0.9091, 0.6579, 0.7178|3960|0.0092, -0.6590, -0.9946, -0.5828, -0.6779, -0.8423, -0.2072, 0.4679|932.0
26|-0.0071, -0.7124, -1.0000, -0.5991, -1.0000, -0.9091, -0.9664, -1.0000|3540|0.0225, -0.6069, -0.9750, -0.5672, -0.6678, -0.7600, -0.1238, 0.5242|956.4
27|-0.0804, -0.8667, -1.0000, -0.6555, -0.2399, 0.2661, 0.5285, 0.2171|3700|0.0127, -0.7113, -0.8997, -0.5776, -0.5920, -0.6828, -0.2027, 0.4149|852.4
28|0.1219, -0.8667, -1.0000, -0.4455, -1.0000, -0.9703, -0.3885, 0.4463|4120|0.0234, -0.7170, -0.9850, -0.5841, -0.6463, -0.7173, -0.0357, 0.4722|901.2
29|0.3221, -0.7124, -1.0000, -0.5991, -0.1276, -0.9091, 0.6579, 0.7178|3620|0.0568, -0.6854, -0.9333, -0.5747, -0.5654, -0.6501, -0.1032, 0.4817|695.2
30|-0.0804, -0.8667, -1.0000, -0.4616, -0.1276, 0.2661, 0.6579, 0.2171|3080|0.1031, -0.6982, -0.9297, -0.5098, -0.5364, -0.7120, -0.1066, 0.4295|932.8
31|0.3221, -0.6317, -1.0000, -0.5991, -0.1276, -0.9091, 0.2756, 0.5231|3360|0.1435, -0.6629, -0.9378, -0.5552, -0.4169, -0.6643, -0.0793, 0.3501|887.6
32|0.3221, -0.7124, -1.0000, -0.5991, -0.1276, -0.9091, -0.7612, 0.7178|5900|0.1384, -0.6270, -0.9574, -0.5447, -0.3705, -0.5352, -0.0468, 0.3295|674.0
