1|0.5877, 0.1051, -0.9149, -0.2460, -0.7043, 0.3328, -1.0000, 0.0671|720|0.1435, -0.0094, -0.0375, -0.1060, -0.0510, -0.1256, -0.0303, -0.0498|94.6
2|0.6339, -0.8015, -0.8872, -0.9290, -0.8451, 0.3370, 1.0000, 0.4487|1140|0.2999, -0.1017, -0.2531, -0.4148, -0.0581, -0.1815, -0.0543, -0.1010|174.8
3|0.2321, -0.9221, -1.0000, -0.7498, 0.1739, -0.2116, -0.6379, -0.1589|2820|0.3227, -0.1557, -0.3095, -0.6492, -0.1290, -0.2320, 0.0873, -0.1583|271.2
4|0.2321, -0.9221, -0.5153, -0.7498, 0.4007, -0.2948, -0.5645, 0.5998|3040|0.3800, -0.1132, -0.4527, -0.7594, -0.2597, -0.1869, 0.1477, -0.1649|443.8
5|0.3542, -0.9221, -1.0000, -0.3385, -0.2543, -0.2116, -0.6379, -0.6010|4640|0.4994, -0.2708, -0.5687, -0.8060, -0.2224, -0.1446, 0.1419, -0.2316|598.8
6|0.2321, -0.9221, -0.8872, -0.3385, 0.1739, -0.2116, -0.2100, -0.1589|3800|0.5114, -0.2663, -0.6053, -0.8476, -0.1562, -0.2363, 0.0975, -0.2920|691.4
7|0.9370, -0.9221, -0.8872, -0.7498, 0.0089, -0.0749, -0.2100, -0.5308|5180|0.4615, -0.5502, -0.6124, -0.7591, -0.1459, -0.1632, -0.0335, -0.1903|751.6
8|0.4966, -0.0897, -0.5132, -1.0000, 0.4007, 0.0860, -0.0218, -0.1589|3180|0.4770, -0.5838, -0.6602, -0.7990, -0.1528, -0.1633, 0.0029, -0.1769|688.0
9|0.9341, -0.9221, -0.4133, -0.3385, -1.0000, -0.2948, -0.6379, 0.5998|3380|0.5634, -0.5700, -0.6165, -0.7805, -0.1292, -0.1177, 0.0600, -0.1490|854.8
10|0.4966, -0.9221, -0.5132, -0.3385, 0.1739, -0.2116, 0.8978, -0.5629|2920|0.5465, -0.5961, -0.6679, -0.7675, -0.1134, -0.0433, -0.0152, -0.0956|761.2
11|0.3542, -0.9221, -0.2869, -0.3385, -0.2543, -0.2116, -0.0121, -0.1589|5540|0.5561, -0.6416, -0.5951, -0.8285, -0.0985, -0.0384, -0.0813, -0.0822|872.2
12|1.0000, -0.9221, -0.4133, -0.3385, 0.1739, -0.0749, 0.2789, 0.3816|6880|0.5560, -0.6369, -0.5787, -0.7746, -0.0766, -0.0640, -0.0615, 0.0380|896.4
13|0.3542, -0.9221, -0.2869, -0.3385, -0.2543, -0.2116, -0.0121, -0.1589|3780|0.6322, -0.7042, -0.5847, -0.7968, -0.0338, -0.0711, 0.0416, 0.0795|1058.8
14|1.0000, -1.0000, -0.4951, -1.0000, 0.0089, 0.2538, 0.2789, 0.3379|4820|0.7042, -0.7689, -0.5906, -0.7849, -0.0027, -0.0484, -0.0232, 0.1025|1186.0
15|0.3542, -1.0000, -0.2869, -0.3385, 0.1739, 0.0763, 0.2789, 0.3379|9500|0.7021, -0.8035, -0.5822, -0.8056, -0.0383, -0.0174, -0.0697, 0.1090|1357.6
16|0.9341, -1.0000, -0.4133, -0.3385, 0.0089, -0.0749, 0.2789, 0.3379|7820|0.6363, -0.8660, -0.5825, -0.7605, -0.0421, -0.0447, 0.0203, 0.1739|1550.6
17|1.0000, -1.0000, -0.6021, -0.3385, 0.1739, 0.2538, 0.2789, 0.3379|12760|0.5944, -0.8324, -0.5868, -0.7430, -0.0348, -0.0629, 0.0447, 0.1585|1683.2
18|0.9370, -0.9221, -0.4951, -0.3385, 0.1739, 0.0763, 0.0372, -0.0885|10620|0.6592, -0.9143, -0.5515, -0.6681, -0.0565, -0.0422, 0.0613, 0.1303|1628.2
19|0.9341, -1.0000, -0.6682, -0.3385, 0.0089, 0.0763, -0.0566, 0.3379|11900|0.7826, -0.9460, -0.5195, -0.6975, -0.0773, -0.0383, 0.0665, 0.1640|1682.8
20|1.0000, -1.0000, -0.4951, -0.3385, 0.1739, 0.0849, 0.0372, -0.1589|15880|0.8027, -0.9612, -0.5318, -0.6178, -0.0081, -0.0026, 0.1214, 0.1217|2173.0
21|0.9370, -1.0000, -0.4951, -0.3385, 0.0089, 0.0763, 0.0372, 0.3379|15900|0.7713, -0.9197, -0.5007, -0.5030, -0.0264, 0.0076, 0.0792, 0.1290|2393.0
22|0.3542, -1.0000, -0.2869, -0.3385, 0.1739, 0.0763, 0.2789, 0.3379|11180|0.7140, -0.9532, -0.5158, -0.4621, -0.0222, 0.0099, 0.0830, 0.0961|2454.8
23|0.3542, -1.0000, -0.5283, -0.5621, 0.2011, 0.0748, 0.0372, 0.3379|12700|0.6758, -0.9598, -0.4982, -0.4615, -0.0098, -0.0022, 0.0810, 0.0892|2450.8
24|0.3841, -1.0000, -0.4482, -0.3670, 0.1739, 0.0763, 0.0372, -0.0885|14000|0.6399, -0.8899, -0.4848, -0.3766, -0.0084, 0.0089, 0.0928, 0.0025|2300.2
25|1.0000, -1.0000, -0.4951, -0.3385, 0.1739, 0.0763, 0.0372, -0.0885|19220|0.6232, -0.9366, -0.4629, -0.3636, 0.0451, 0.0134, 0.1241, -0.1017|3312.8
26|1.0000, -0.8332, -0.4951, -0.3385, 0.1739, 0.0212, 0.0372, -0.0885|13760|0.6285, -0.9399, -0.4769, -0.3664, 0.0516, 0.0215, 0.1161, -0.1086|2897.8
27|0.3841, -1.0000, -0.3112, -0.3385, 0.0169, 0.1436, 0.0372, -0.3061|12980|0.5348, -0.9336, -0.4441, -0.3435, 0.0667, 0.0139, 0.1162, -0.1572|2988.4
28|0.3841, -0.7557, -0.3112, -0.3385, 0.0169, 0.0212, 0.2789, -0.0885|11940|0.6303, -0.9543, -0.4007, -0.2956, 0.0290, 0.0195, 0.1111, -0.1394|2536.4
29|0.9370, -0.9872, -0.3112, -0.3385, 0.0181, 0.0212, 0.2986, -0.2345|16420|0.6755, -0.9538, -0.3894, -0.3511, 0.0434, 0.0406, 0.1236, -0.1434|3608.8
30|1.0000, -1.0000, -0.2869, -0.3670, 0.1739, 0.0849, 0.0372, -0.1665|23540|0.6923, -0.9162, -0.3562, -0.3437, 0.0462, 0.0693, 0.1265, -0.1519|3918.2
31|0.3542, -0.9221, -0.3112, -0.3670, 0.0181, 0.0212, 0.0372, -0.0885|14720|0.7309, -0.9322, -0.3977, -0.3029, 0.0931, 0.0715, 0.1419, -0.1028|3625.6
32|0.7723, -1.0000, -0.2869, -0.3385, 0.1739, 0.0212, -0.0252, -0.0885|27360|0.6593, -0.9253, -0.4102, -0.3464, 0.1158, 0.0834, 0.1110, -0.1139|3987.6
