1|-0.0196, -1.0000, -0.3894, -0.1706, -0.3614, -0.5907, 0.0022, 0.4531|2680|0.0951, -0.0382, -0.1660, -0.1831, 0.0554, -0.1624, -0.0664, 0.0689|207.2
2|-0.0196, -1.0000, -0.3894, -0.1706, -0.3614, -0.5907, 0.0022, 0.4531|5080|0.1278, -0.1461, -0.2616, -0.3042, 0.0868, -0.2701, -0.1334, 0.0742|347.4
3|-0.0196, -1.0000, -0.3894, -0.1706, -0.3614, -0.5907, 0.0022, 0.4531|2460|0.1687, -0.1705, -0.3546, -0.4960, -0.1204, -0.3242, -0.1704, 0.0900|367.6
4|0.4011, -1.0000, -0.3894, -0.7459, -0.4567, 0.5203, 0.0022, -0.2975|3740|0.2378, -0.2388, -0.4866, -0.5631, -0.1603, -0.2625, -0.1439, 0.0943|510.4
5|-0.0150, -1.0000, -1.0000, -0.8774, -0.4567, -0.5490, -0.8703, 0.4531|2600|0.2697, -0.2208, -0.5816, -0.5799, -0.3144, -0.3107, -0.2158, 0.0571|512.8
6|-0.0150, -1.0000, -1.0000, -0.8774, -0.3614, -0.5907, -0.8703, 0.4531|3840|0.3792, -0.4285, -0.6699, -0.6747, -0.3950, -0.3161, -0.2107, -0.0202|863.4
7|0.4011, -1.0000, -0.3894, -0.1706, -0.3614, -0.5907, 0.4101, 0.4531|3740|0.3391, -0.6498, -0.7492, -0.7128, -0.4040, -0.3533, -0.2908, -0.0137|861.6
8|0.4619, -1.0000, -1.0000, -0.8774, -0.4567, -0.5490, -0.8703, 0.7073|3680|0.3206, -0.6459, -0.7509, -0.6996, -0.4257, -0.4405, -0.2245, 0.0645|923.4
9|0.3293, -0.6531, -1.0000, -0.6104, -0.3329, -0.5490, -0.6203, -0.3280|3900|0.2792, -0.7404, -0.8022, -0.6954, -0.4016, -0.4831, -0.2558, 0.0712|900.6
10|0.4619, -0.6531, -1.0000, -0.8774, 0.1509, 0.5203, 0.6539, -0.3280|3820|0.2891, -0.8155, -0.7567, -0.6970, -0.3761, -0.4950, -0.3940, 0.0904|1023.8
11|-0.0150, -1.0000, -1.0000, -0.8774, -0.4567, -0.5490, 0.3054, 0.4531|4880|0.3336, -0.8510, -0.6748, -0.6935, -0.4260, -0.4659, -0.2825, 0.0724|1058.4
12|0.4011, -1.0000, -0.3894, -0.5597, -0.4744, -0.4164, 0.0029, 0.4888|7400|0.3412, -0.8574, -0.6733, -0.6375, -0.4340, -0.4639, -0.2379, 0.2436|1266.4
13|-0.0150, -1.0000, -1.0000, -0.8774, -0.4567, -0.5490, 0.3054, 0.4531|4400|0.3512, -0.9017, -0.6358, -0.6510, -0.4189, -0.4391, -0.2063, 0.2353|1203.2
14|0.4011, -1.0000, -0.3894, -0.5597, -0.4670, 0.0933, -0.8828, 0.4888|6120|0.3225, -0.9252, -0.6400, -0.6256, -0.4610, -0.4227, -0.0965, 0.2038|1306.6
15|0.4011, -1.0000, -1.0000, -0.5389, -0.4670, -0.4164, -0.1883, -0.5343|4340|0.4399, -0.9020, -0.6706, -0.6231, -0.4616, -0.4324, -0.0605, 0.2864|1059.6
16|0.5308, -0.0083, -1.0000, -0.8774, -0.4567, -0.7448, -0.4880, 0.5206|4880|0.4198, -0.9117, -0.7001, -0.6305, -0.4526, -0.4366, -0.0503, 0.2784|1235.2
17|0.4619, -1.0000, -0.3894, -0.5597, -0.4670, -0.4164, 0.0029, 0.4888|4180|0.4785, -0.9074, -0.6721, -0.5954, -0.4516, -0.4497, -0.0507, 0.3355|1203.8
18|0.4619, -1.0000, -0.3894, -0.5597, -0.4670, -0.4164, 0.0029, 0.4888|5160|0.4990, -0.9360, -0.7553, -0.6385, -0.4589, -0.4601, 0.0083, 0.3736|1293.4
19|0.4619, -1.0000, -0.6859, -0.5597, -0.4670, -0.4164, 0.0029, -0.2937|3520|0.4938, -0.9218, -0.7349, -0.6026, -0.4770, -0.4484, 0.0297, 0.3646|1121.2
20|1.0000, -1.0000, -0.6863, -0.3694, -0.4790, -0.4164, -0.2015, 0.3100|6460|0.5179, -0.9687, -0.6470, -0.5600, -0.4834, -0.4466, 0.0539, 0.3350|1376.8
21|0.4011, -1.0000, -0.3894, -0.1278, -0.4744, -0.4164, 0.0029, 0.4888|5560|0.5444, -0.9561, -0.5859, -0.5745, -0.5018, -0.4195, 0.0254, 0.2818|1354.8
22|0.5308, -1.0000, -0.4168, -0.4321, -0.4744, 0.1452, 0.0029, 0.4531|7820|0.5154, -0.9856, -0.6325, -0.5550, -0.4846, -0.4161, -0.0080, 0.2844|1597.4
23|1.0000, -1.0000, -0.6859, -0.5243, -0.4942, -0.5490, 0.0027, 0.3098|5640|0.5829, -0.9912, -0.5957, -0.5332, -0.4687, -0.3768, -0.0332, 0.2213|1444.6
24|0.4619, -1.0000, -0.3894, -0.5597, -0.4670, -0.4164, -0.1883, 0.6441|9760|0.6442, -0.9623, -0.5794, -0.5195, -0.4903, -0.3674, -0.0490, 0.2543|1798.2
25|0.5308, -1.0000, -0.6863, -0.4321, -0.4744, 0.1452, 0.0029, 0.4531|7400|0.6098, -0.9885, -0.5796, -0.5038, -0.4947, -0.3593, -0.0848, 0.2606|1792.0
26|0.7551, -1.0000, -0.6859, -0.5389, -0.4670, -0.4164, -0.1883, 0.2480|13300|0.5720, -0.9801, -0.5559, -0.5045, -0.4651, -0.3294, -0.0833, 0.2852|2004.6
27|0.8901, -1.0000, -0.3863, -0.3152, -0.4670, -0.2345, -0.0006, -0.1654|8220|0.6138, -0.9729, -0.5441, -0.5046, -0.4748, -0.2939, -0.0586, 0.3244|1642.6
28|0.4011, -1.0000, -0.6859, -0.5597, -0.4670, -0.4164, 0.0027, 0.9778|6840|0.6501, -0.9800, -0.5215, -0.4772, -0.4771, -0.3019, -0.0770, 0.2601|1864.6
29|0.4011, -1.0000, -0.2498, -0.4353, -0.2996, 0.1452, 0.0029, -0.1654|9140|0.6341, -0.9800, -0.5027, -0.4924, -0.4489, -0.2747, -0.0617, 0.3043|2092.6
30|0.9994, -1.0000, -1.0000, -0.1428, -0.2630, -0.4164, 0.0029, 0.2741|13440|0.6465, -1.0000, -0.4732, -0.4962, -0.4429, -0.2313, -0.0643, 0.2683|2150.2
31|0.6410, -1.0000, -0.3894, -0.5389, -0.4670, -0.4164, -0.2015, 0.3135|8420|0.7377, -0.9920, -0.4183, -0.4904, -0.4472, -0.2234, -0.0829, 0.2802|2144.4
32|0.9994, -1.0000, -0.2498, -0.4353, -0.2996, 0.1452, 0.0029, 0.4888|12460|0.7456, -0.9739, -0.4069, -0.4630, -0.3891, -0.2357, -0.0739, 0.2851|2471.0
