1|-0.5331, -1.0000, -0.9943, -0.7081, 0.4412, -0.7340, 1.0000, -0.3387|680|-0.0421, 0.0711, 0.0451, -0.1501, -0.0185, 0.0265, -0.0024, 0.0033|39.0
2|0.4501, -0.8187, -0.7172, -0.8136, -0.1131, -0.0522, -1.0000, -0.0109|3260|-0.0931, 0.1112, -0.0008, -0.2858, -0.0172, 0.0677, -0.0838, -0.1179|129.4
3|0.0072, -0.4758, -0.9638, -0.9894, 0.6756, -0.9909, -0.3859, -0.1700|1420|-0.1542, 0.0029, -0.1629, -0.3798, -0.0877, -0.0808, -0.1446, -0.0940|128.8
4|-0.9631, -0.7054, -1.0000, -0.9543, -0.7249, -0.8730, 0.9330, 0.2256|780|-0.2048, 0.0233, -0.4020, -0.5141, -0.1826, -0.2016, -0.0772, -0.0504|164.4
5|0.0070, -0.5528, -0.5922, -0.6791, 0.5779, -1.0000, -0.1218, -0.4530|1960|-0.1397, -0.0296, -0.5547, -0.5577, -0.2822, -0.3231, 0.0610, -0.0105|334.8
6|0.0072, -0.7314, -0.5170, -0.9894, 0.6756, 0.4403, 0.9330, 0.5166|2500|-0.0129, -0.2097, -0.6113, -0.7203, -0.2537, -0.3752, 0.0157, 0.0233|400.6
7|0.5238, -0.9185, -0.9638, -0.6332, -0.1131, -0.0829, -0.3848, 0.1497|2720|0.0593, -0.3506, -0.6441, -0.7476, -0.2232, -0.3122, 0.0226, -0.0413|508.4
8|-0.6390, -0.4681, -1.0000, -0.8136, -0.1131, -0.1808, 1.0000, -0.2712|2480|0.0014, -0.4667, -0.6607, -0.7561, -0.2198, -0.1384, 0.1203, -0.0186|519.0
9|0.0061, -0.4758, -0.9943, -0.5929, -0.4810, -0.5793, -0.7130, 0.2256|1960|0.0046, -0.5100, -0.6249, -0.8136, -0.2120, -0.1998, 0.1634, 0.0016|463.0
10|-0.2977, -0.3619, -1.0000, -0.6101, 0.1292, -0.8730, 0.6997, 0.1692|3080|0.0429, -0.5032, -0.7034, -0.8280, -0.1453, -0.2437, 0.1657, -0.0559|603.0
11|1.0000, -0.4681, -0.8665, -0.9543, -0.1896, -0.0829, 0.6015, -0.1106|3720|0.1473, -0.5476, -0.7423, -0.8442, -0.2196, -0.3033, 0.0272, -0.0075|654.2
12|0.4875, -0.4681, -1.0000, -0.9543, 0.1292, -0.2898, 0.8709, 0.4921|3420|0.2415, -0.5279, -0.7587, -0.8335, -0.3156, -0.3617, 0.0766, 0.0110|772.6
13|0.4875, -0.4681, -1.0000, -0.9543, 0.1292, 0.4095, 0.8709, 0.4921|3000|0.3655, -0.5361, -0.7904, -0.8839, -0.1688, -0.3926, 0.2370, -0.0657|803.8
14|0.1608, -0.4681, -1.0000, -0.9543, 0.1149, -0.0829, 0.9330, -0.1106|3100|0.3270, -0.6236, -0.7789, -0.8977, -0.1982, -0.3932, 0.2773, -0.0125|761.4
15|0.6739, -0.7054, -1.0000, -0.9543, 0.5045, -0.6514, -0.3848, 0.5166|3300|0.3341, -0.6217, -0.7719, -0.8658, -0.2316, -0.2979, 0.2634, -0.0180|782.4
16|1.0000, -1.0000, -1.0000, -0.8136, -0.5915, -0.1031, 0.6191, 0.4921|6800|0.4188, -0.6314, -0.7791, -0.8562, -0.2000, -0.3292, 0.2040, 0.0352|917.4
17|0.5967, -1.0000, -1.0000, -0.9894, -0.2959, 0.4095, 0.8709, -0.1106|4700|0.5583, -0.7165, -0.7480, -0.8677, -0.2479, -0.2920, 0.0929, -0.0372|786.8
18|1.0000, -0.7054, -0.9638, -0.9543, 0.5045, -0.6514, 0.6191, -0.6044|3820|0.5279, -0.7736, -0.7363, -0.8818, -0.1979, -0.2397, 0.1301, -0.0783|843.6
19|0.7578, -1.0000, -1.0000, -0.9543, -0.2959, -0.0682, -0.3857, 0.4303|4120|0.6115, -0.7910, -0.7913, -0.8881, -0.2398, -0.3360, 0.2355, -0.0590|912.6
20|1.0000, -1.0000, -0.8794, -0.9543, -0.2959, 0.2378, -0.3848, -0.4530|3780|0.5594, -0.8216, -0.7948, -0.8940, -0.2111, -0.2879, 0.1306, -0.0028|959.8
21|1.0000, -1.0000, -1.0000, -0.9543, 0.3698, -0.0373, 0.9330, -0.0605|4580|0.6776, -0.8510, -0.8137, -0.9031, -0.1988, -0.1984, 0.0774, 0.0810|1045.8
22|0.7578, -1.0000, -1.0000, -0.9543, -0.1896, -0.1808, -0.4839, 0.4303|4400|0.7148, -0.8683, -0.7718, -0.8805, -0.2734, -0.1703, 0.1293, 0.0392|1056.8
23|1.0000, -0.4681, -1.0000, -0.9543, -0.2959, -0.0682, 0.9330, 0.4303|4760|0.8060, -0.8991, -0.7925, -0.8720, -0.3178, -0.0958, 0.0841, 0.0540|1207.4
24|1.0000, -1.0000, -1.0000, -0.9543, -0.3049, -0.0682, -0.3848, 0.4303|3400|0.7805, -0.8887, -0.8040, -0.8848, -0.3380, -0.1455, 0.1364, 0.0605|1143.6
25|0.5967, -1.0000, -0.4795, -0.8136, 0.1149, -0.0682, 0.8709, -0.0182|3240|0.7446, -0.8716, -0.8108, -0.8637, -0.3762, -0.1626, 0.1157, 0.0389|1039.4
26|0.7578, -1.0000, -1.0000, -0.9543, -0.3921, 0.1576, -0.3857, 0.4303|4000|0.7842, -0.9188, -0.7839, -0.8300, -0.3646, -0.1345, 0.1221, 0.0439|1287.4
27|0.6739, -0.9583, -1.0000, -0.9543, -0.5915, -0.0682, -0.3857, 0.2256|5300|0.8093, -0.9235, -0.7762, -0.8608, -0.3303, -0.1231, 0.0621, 0.0362|1148.0
28|1.0000, -0.8203, -0.4795, -0.8136, -0.2849, -0.0682, 0.8709, -0.0182|4020|0.7972, -0.9332, -0.7709, -0.8430, -0.2976, -0.0719, 0.2085, 0.0267|1180.0
29|0.6739, -1.0000, -0.6979, -0.9145, -0.3921, -0.0682, -0.3857, 0.1574|5660|0.8189, -0.9460, -0.7893, -0.8753, -0.3262, -0.0695, 0.2115, 0.0817|1332.4
30|1.0000, -1.0000, -1.0000, -0.9145, -0.5915, 0.4095, 0.5070, 0.4303|5740|0.8095, -0.9327, -0.7831, -0.8509, -0.2932, -0.1229, 0.1848, 0.0690|1400.0
31|0.5967, -0.9626, -0.4795, -0.8136, 0.1149, -0.1031, -0.3848, 0.0055|5060|0.8046, -0.8911, -0.7400, -0.8659, -0.2737, -0.1805, 0.2132, 0.1166|1278.4
32|1.0000, -0.9583, -0.4795, -0.7297, -0.5915, 0.4095, -0.6152, 0.2788|5800|0.7607, -0.9209, -0.7564, -0.8256, -0.3050, -0.2131, 0.1603, 0.1473|1310.2
