1|-0.0421, -1.0000, -0.2830, -0.9082, 0.1723, 0.4318, 0.1308, 0.0067|2020|-0.1556, 0.0002, -0.1256, -0.1637, 0.0803, -0.1646, 0.1231, -0.0501|104.0
2|0.8494, -1.0000, -0.7680, -1.0000, 0.2893, -0.0785, 0.8877, -0.0112|1780|-0.0984, 0.0741, -0.2401, -0.1764, 0.1571, -0.1609, 0.1015, -0.1676|117.2
3|0.2966, -1.0000, -0.2682, -0.3493, 0.1010, 0.0208, 0.3100, -0.0039|10840|0.0278, -0.0491, -0.3553, -0.2673, 0.1363, -0.1192, 0.0643, -0.1311|579.8
4|0.2966, -1.0000, -0.2682, -0.3493, 0.1010, 0.0208, 0.3100, 0.0059|11620|-0.0446, -0.1012, -0.3793, -0.4723, 0.1034, -0.0869, 0.1223, -0.1570|635.6
5|0.2966, -1.0000, -0.1651, -0.3493, 0.1010, 0.0208, 0.0892, 0.0059|10120|0.0518, -0.5262, -0.3860, -0.6307, -0.0060, -0.0546, 0.1768, -0.0646|1129.2
6|0.2966, -1.0000, -0.1651, -0.3493, 0.1010, 0.0208, 0.1689, 0.0067|13920|0.0920, -0.5976, -0.3461, -0.6169, 0.0124, -0.0780, 0.1489, -0.0137|1178.8
7|0.1377, -1.0000, -0.1651, -0.3493, 0.1010, 0.0020, 0.0892, 0.0059|19400|0.1836, -0.7726, -0.2782, -0.6150, 0.0268, -0.0115, 0.1614, -0.0717|2381.6
8|0.1377, -1.0000, -0.1651, -0.3493, 0.1010, 0.0020, 0.0892, 0.0059|20860|0.2311, -0.8885, -0.2187, -0.4643, 0.0728, -0.0572, 0.1129, -0.0255|2535.8
9|0.1377, -1.0000, -0.1651, -0.3493, 0.1010, 0.0020, 0.0892, 0.0059|18280|0.2518, -0.9894, -0.2135, -0.4416, 0.0911, -0.0649, 0.1119, -0.0326|3043.4
10|0.1377, -1.0000, -0.1651, -0.3493, 0.1010, 0.0208, 0.0892, 0.0059|15520|0.2884, -0.9615, -0.1468, -0.3220, 0.1166, -0.0420, 0.1102, -0.0064|2892.6
11|0.9722, -1.0000, -0.1651, -0.3493, 0.1010, 0.0020, 0.0892, 0.0059|30500|0.3018, -0.9619, -0.1127, -0.3540, 0.1077, 0.0056, 0.0956, -0.0012|4118.2
12|0.9722, -1.0000, -0.1651, -0.3493, 0.1010, 0.0020, 0.0892, 0.0059|27160|0.3070, -0.9187, -0.1280, -0.2760, 0.1030, 0.0277, 0.0746, -0.0010|3989.0
13|0.9722, -1.0000, -0.1651, -0.3493, 0.1010, 0.0020, 0.0892, 0.0059|33840|0.3337, -0.9536, -0.1366, -0.3500, 0.0929, 0.0619, 0.0671, 0.0013|4651.4
14|0.9722, -1.0000, -0.1651, -0.3493, 0.1010, 0.0020, 0.0892, 0.0059|19080|0.3562, -0.9369, -0.1253, -0.3195, 0.0968, 0.0557, 0.0599, 0.0013|4668.8
15|0.9722, -1.0000, -0.1651, -0.3493, 0.1010, 0.0020, -0.0920, 0.0059|24400|0.3983, -0.9385, -0.1560, -0.3030, 0.0859, 0.0464, 0.0598, 0.0029|4924.2
16|0.1377, -1.0000, -0.2794, -0.3493, 0.1010, 0.0020, 0.0875, -0.0069|20460|0.3782, -0.9969, -0.1614, -0.3372, 0.0792, 0.0696, 0.0701, 0.0027|4932.6
17|0.0689, -1.0000, 0.0077, -0.1749, 0.0852, 0.0017, 0.0447, 0.0030|42520|0.3631, -0.9956, -0.1427, -0.3320, 0.0715, 0.0590, 0.0783, 0.0023|6228.2
18|0.0689, -1.0000, -0.1651, -0.1749, 0.0852, 0.0020, 0.0447, 0.0062|40740|0.3173, -0.9954, -0.1557, -0.3215, 0.0795, 0.0645, 0.0784, 0.0018|5851.0
19|0.0781, -1.0000, -0.0936, -0.1981, 0.0573, 0.0012, 0.0506, -0.0039|55500|0.3623, -0.9969, -0.1519, -0.3320, 0.0591, 0.0508, 0.0845, 0.0003|6763.0
20|0.1377, -1.0000, -0.0936, -0.1981, 0.0573, 0.0020, 0.0892, -0.0039|77080|0.3453, -0.8385, -0.1515, -0.3529, 0.0691, 0.0688, 0.1082, 0.0002|6369.2
21|0.1377, -1.0000, -0.1651, -0.1981, 0.0540, 0.0020, 0.0892, 0.0059|53700|0.3092, -0.9985, -0.1280, -0.3179, 0.0770, 0.0403, 0.0829, 0.0004|6511.0
22|0.1377, -1.0000, 0.0010, -0.1363, 0.0750, -0.0023, 0.0892, -0.0051|151240|0.3399, -0.9585, -0.1383, -0.3226, 0.0725, 0.0409, 0.0830, 0.0020|8553.6
23|0.1377, -1.0000, -0.0936, -0.1981, 0.0573, 0.0020, 0.0892, 0.0040|48280|0.3261, -0.9985, -0.1513, -0.1499, 0.0744, 0.0473, 0.0870, 0.0038|6110.2
24|0.1377, -1.0000, -0.1651, -0.1981, -0.0116, -0.0109, 0.0892, 0.0059|76200|0.3518, -0.8785, -0.1478, -0.2213, 0.0773, 0.0233, 0.0816, 0.0009|6149.4
25|0.1377, -1.0000, 0.0082, -0.1981, 0.1010, 0.0022, 0.0875, -0.0069|50240|0.2967, -0.9515, -0.1392, -0.2563, 0.0767, 0.0062, 0.0795, -0.0002|7243.4
26|0.1377, -1.0000, -0.0016, -0.1363, 0.0750, -0.0027, 0.0892, -0.0051|56280|0.4038, -0.9892, -0.1443, -0.3002, 0.0776, 0.0049, 0.0792, 0.0004|7637.2
27|0.1377, -1.0000, -0.0016, -0.1363, 0.0750, -0.0027, 0.0892, -0.0080|177040|0.4720, -0.9985, -0.1171, -0.1594, 0.0783, 0.0128, 0.0746, 0.0008|11633.2
28|0.1377, -1.0000, -0.0016, -0.1363, 0.0750, -0.0027, 0.0892, -0.0080|58900|0.4848, -0.9094, -0.1159, -0.2566, 0.0798, 0.0161, 0.0825, 0.0002|9198.2
29|0.1377, -1.0000, -0.0016, -0.1981, 0.0750, -0.0027, 0.0875, -0.0080|162920|0.4974, -0.9773, -0.1120, -0.2498, 0.0804, 0.0199, 0.0899, 0.0000|19232.6
30|0.1377, -1.0000, -0.0016, -0.1363, 0.0750, -0.0027, 0.0892, -0.0080|95140|0.5028, -0.8447, -0.0984, -0.2723, 0.0981, 0.0183, 0.1284, 0.0003|13654.4
31|0.1377, -1.0000, -0.0007, -0.1363, 0.0253, -0.0027, 0.0892, -0.0025|150700|0.4821, -0.8402, -0.0934, -0.2639, 0.0881, 0.0141, 0.1105, -0.0019|22067.8
32|0.1377, -1.0000, -0.0007, -0.1363, 0.0253, -0.0027, 0.0892, -0.0025|250560|0.3433, -0.9200, -0.0654, -0.1556, 0.0590, 0.0120, 0.0940, -0.0005|28332.6
