1|0.2337, 0.0551, -0.5813, -1.0000, 0.3623, -0.3869, 0.3312, 0.4975|1900|-0.2089, 0.0302, -0.2702, -0.0674, 0.0733, -0.0664, 0.1448, 0.0330|117.6
2|0.7217, -0.2578, -0.6500, -0.1925, 0.5897, -0.4196, 1.0000, -0.4780|1580|-0.1343, 0.0557, -0.2930, -0.2264, 0.0534, -0.2815, 0.1874, 0.0295|128.0
3|0.2337, -0.1034, -0.5813, -1.0000, 0.3623, -0.3869, 0.3312, 0.4975|2360|-0.1355, 0.1109, -0.4253, -0.4078, 0.0951, -0.4196, 0.0507, 0.0500|241.4
4|0.1702, -0.7129, -1.0000, -0.5406, -0.7083, -0.4804, -0.2298, 0.0578|1320|-0.0350, -0.0328, -0.5458, -0.3585, -0.1340, -0.4896, 0.0751, -0.0100|254.8
5|0.4386, -0.7745, -0.4517, -0.3539, -0.0277, -1.0000, 0.4399, -0.7821|1480|0.1498, -0.2399, -0.5505, -0.4351, -0.3063, -0.6061, 0.0150, -0.1296|392.8
6|0.1702, -0.7129, -1.0000, -0.6669, -0.7083, -0.6707, -0.2298, 0.0578|5320|0.1730, -0.3379, -0.6307, -0.4249, -0.4077, -0.6608, 0.0440, -0.2451|589.4
7|0.1702, -0.8368, -0.2466, -0.3349, 0.2332, -0.1312, 0.0968, 0.0578|3980|0.1586, -0.2902, -0.6480, -0.4745, -0.4759, -0.6879, 0.0192, -0.2770|633.4
8|0.1702, -0.8015, -1.0000, -0.6669, -0.7083, -0.6707, -0.2298, 0.0578|3260|0.1569, -0.4218, -0.6957, -0.5362, -0.4681, -0.6832, 0.0799, -0.2182|602.8
9|-0.0130, -0.7129, -1.0000, -0.6669, -0.7083, -0.8437, 0.8822, -1.0000|2940|0.1366, -0.4114, -0.7094, -0.5665, -0.4768, -0.6074, 0.1061, -0.0749|689.0
10|0.1174, -1.0000, -0.5601, -0.2570, -0.2998, -0.6127, -0.3409, 0.4006|5880|0.1285, -0.5369, -0.6752, -0.5887, -0.4459, -0.6059, 0.1133, -0.0187|788.6
11|0.1824, -1.0000, -0.4147, -0.6463, -0.5100, -0.1057, -0.1655, 0.6738|5800|0.0815, -0.5396, -0.7073, -0.5716, -0.4443, -0.6237, 0.1025, -0.0376|758.4
12|0.1174, -1.0000, -0.7200, -0.4324, -0.2998, -0.6127, 0.0932, 0.4006|3760|0.1017, -0.6559, -0.6969, -0.5894, -0.4305, -0.7193, 0.0943, 0.0666|821.8
13|0.3778, -1.0000, -0.2401, -0.5259, -0.2998, 0.1745, -0.1126, 0.6538|3480|0.0915, -0.6654, -0.7709, -0.5706, -0.4346, -0.6897, 0.0650, 0.0563|818.0
14|0.2967, -1.0000, -0.6711, -0.4475, -0.0697, -0.6707, 0.0268, 0.6738|3060|0.0606, -0.6596, -0.7343, -0.5214, -0.4379, -0.6213, 0.0576, 0.0996|881.8
15|0.0720, -1.0000, -0.3255, -0.1751, -0.3255, -0.0427, 0.1550, 0.3255|3580|0.0163, -0.7799, -0.7337, -0.4493, -0.3844, -0.5724, 0.0223, 0.0835|774.0
16|0.0720, -1.0000, -0.3255, -0.1751, -0.0530, -0.0427, 0.1550, 0.3255|5880|0.0424, -0.7640, -0.7266, -0.4900, -0.3556, -0.5089, 0.0006, 0.0959|1070.8
17|-0.1368, -1.0000, -0.5064, -0.2570, -0.0697, -0.4515, -0.1655, -0.0770|9400|0.0399, -0.7326, -0.6974, -0.5157, -0.3096, -0.4991, -0.0082, -0.0141|991.0
18|-0.1724, -1.0000, -1.0000, -0.8617, 0.0171, -0.1312, 0.2402, 0.4680|4060|0.0359, -0.8008, -0.7293, -0.5202, -0.3311, -0.4811, -0.0141, 0.0413|1065.6
19|-0.0763, -1.0000, -0.6711, -0.2570, -0.0697, -0.4515, 0.2833, -0.0770|5160|0.0530, -0.8803, -0.6018, -0.5118, -0.2910, -0.5524, 0.0273, 0.0158|1024.2
20|0.1316, -1.0000, -0.1244, -0.4475, -0.0883, -0.0780, 0.0357, 0.3172|8880|0.0700, -0.8893, -0.5732, -0.4943, -0.3492, -0.5510, 0.0059, 0.0865|1238.8
21|0.1316, -1.0000, -0.3794, -0.5259, -0.2998, -0.0780, 0.3536, 0.3172|5540|0.0606, -0.8975, -0.5546, -0.4720, -0.3666, -0.4766, -0.0171, 0.0848|1104.4
22|0.0084, -1.0000, -0.0849, -0.0388, -0.5048, -0.1883, -0.3409, -0.0770|7360|0.0617, -0.7994, -0.4932, -0.4606, -0.3050, -0.5139, -0.0089, 0.0769|1140.6
23|0.1702, -1.0000, -0.0849, -0.2570, -0.0883, -0.0780, -0.0345, 0.3172|12380|0.0635, -0.9223, -0.4523, -0.4276, -0.3156, -0.4832, -0.0562, 0.0721|1478.0
24|0.0084, -1.0000, -0.0849, -0.2570, -0.5048, -0.1883, -0.0417, 0.3172|4220|0.0402, -0.8209, -0.4482, -0.3991, -0.2649, -0.4095, -0.0550, 0.0870|1172.8
25|0.0784, -1.0000, -0.5047, -0.1437, -0.0390, -0.2517, -0.2295, 0.1682|9780|0.0341, -0.8960, -0.4458, -0.3383, -0.2721, -0.4000, -0.0033, 0.1044|1452.2
26|0.0889, -1.0000, -0.3543, -0.2914, -0.1901, -0.1882, -0.0161, 0.0413|8320|0.0258, -0.8707, -0.4865, -0.4229, -0.2003, -0.3799, -0.0199, 0.0929|1384.4
27|0.1362, -1.0000, -0.0797, -0.2570, -0.0883, -0.0927, 0.0806, 0.3077|10080|0.0498, -0.9518, -0.4926, -0.4044, -0.2155, -0.2787, -0.0377, 0.0801|1920.6
28|0.1316, -1.0000, -0.0621, -0.1054, -0.0390, -0.0504, 0.0406, 0.0698|59000|0.0860, -0.9335, -0.4941, -0.3325, -0.1959, -0.1972, -0.0286, 0.0673|2092.6
29|0.1589, -1.0000, -0.2817, -0.3627, -0.0284, -0.0504, -0.1854, -0.0361|20700|0.0854, -0.9411, -0.4838, -0.3630, -0.2330, -0.1761, -0.0341, 0.0891|1994.0
30|0.1316, -1.0000, -0.0797, -0.1797, 0.0418, -0.0012, 0.0268, -0.0361|52860|0.0833, -0.9812, -0.4563, -0.4020, -0.1816, -0.1250, -0.0194, 0.0644|3144.0
31|0.1316, -1.0000, -0.6152, -0.1797, -0.0284, 0.0095, -0.0009, -0.0361|20200|0.1037, -0.9976, -0.3635, -0.3385, -0.0974, -0.0975, -0.0176, 0.0647|2835.6
32|0.1316, -1.0000, -0.0797, -0.1797, 0.0418, -0.0012, 0.0268, 0.0348|50440|0.1170, -0.9570, -0.3858, -0.3348, -0.0783, -0.0617, -0.0257, 0.0420|3562.2
