1|0.7882, -0.7312, -0.9684, -0.9187, 0.3126, -0.0590, -1.0000, 0.0650|1380|0.1076, 0.0814, -0.0920, -0.0038, -0.0881, -0.0701, -0.0787, 0.0295|105.4
2|0.4630, -0.1003, -0.3185, -0.4725, -0.2596, -0.6540, -0.1772, 0.5152|1460|0.1433, 0.0323, -0.0875, -0.0386, -0.1288, -0.1313, -0.1014, 0.0888|143.8
3|1.0000, -0.6052, -0.8014, -0.7603, 0.2587, -0.0607, -0.8276, 0.0932|3840|0.1708, -0.0614, -0.3388, -0.1398, -0.1206, -0.1456, 0.0278, 0.0569|294.6
4|0.1804, -0.7312, -0.0153, -0.1403, -0.0315, -0.1041, 0.1284, 0.0650|3420|0.2609, -0.1878, -0.3649, -0.1728, -0.1111, -0.2134, 0.0876, 0.0573|307.2
5|0.9708, -1.0000, -0.7261, -0.4725, 0.1080, 0.0796, 0.1284, 0.9343|4780|0.2705, -0.3045, -0.4521, -0.2815, -0.2756, -0.3152, -0.0094, 0.0817|393.8
6|0.9708, -1.0000, -1.0000, -0.4725, 0.1080, 0.0796, 0.0446, 0.9343|3920|0.3448, -0.4024, -0.5566, -0.4630, -0.1238, -0.3348, -0.0740, 0.1609|499.6
7|0.1689, -1.0000, -1.0000, -0.0929, -0.2596, -0.6540, -0.1772, 0.0721|3240|0.3308, -0.3977, -0.5540, -0.5425, -0.1382, -0.3791, -0.0540, 0.1795|547.4
8|0.9154, -1.0000, -0.4219, -0.9287, -0.2699, -0.1041, 0.0861, 0.0650|3520|0.3171, -0.4234, -0.6148, -0.5218, -0.1699, -0.3565, -0.0798, 0.2004|508.6
9|0.9154, -0.9912, -1.0000, -0.9287, -0.2699, 0.1560, 0.0861, 0.0650|3540|0.3600, -0.4800, -0.4618, -0.4986, -0.2291, -0.4054, -0.0845, 0.1513|506.4
10|0.9154, -1.0000, -0.4219, -0.4912, -0.2699, 0.2089, 0.0141, 0.9648|3020|0.3260, -0.5027, -0.6215, -0.5667, -0.2494, -0.3808, -0.0963, 0.1724|577.8
11|0.6631, -1.0000, -0.4959, -0.4828, 0.0738, 0.0544, -0.4652, 0.6830|3860|0.3374, -0.6022, -0.5416, -0.5970, -0.2147, -0.2644, -0.0110, 0.0619|653.4
12|-0.1465, -1.0000, -0.5954, -0.4912, -0.1685, -0.6098, -0.1772, 1.0000|4260|0.4315, -0.5287, -0.4581, -0.6548, -0.2335, -0.1976, 0.0362, 0.0934|773.4
13|0.5098, -0.0530, -0.6181, -0.5092, -1.0000, -0.9988, -0.4276, 0.0319|3540|0.4418, -0.5610, -0.4231, -0.5157, -0.2170, -0.2059, 0.0080, 0.1680|717.4
14|0.5886, -1.0000, -0.6861, -0.5092, -0.2798, -0.2875, 0.0170, 0.9648|4940|0.4764, -0.6432, -0.5436, -0.6224, -0.3951, -0.2735, -0.0276, 0.2091|1000.8
15|0.8405, -1.0000, -0.3334, -0.5347, 0.5159, 0.0544, -0.0817, -0.0059|5060|0.3843, -0.6773, -0.5521, -0.5181, -0.3265, -0.2615, -0.0135, 0.1753|725.0
16|0.8673, -0.9887, -1.0000, -0.0536, -0.2596, 0.1191, -0.2497, -0.1924|9060|0.3845, -0.7700, -0.3911, -0.6253, -0.3840, -0.2658, -0.0134, 0.1849|1041.4
17|0.2129, -1.0000, -0.7446, -0.5857, 0.1386, 0.2385, -0.1772, 0.5650|6500|0.3795, -0.7489, -0.4572, -0.6005, -0.3747, -0.2290, 0.0259, 0.2123|927.6
18|0.4839, -1.0000, -0.1520, -0.2741, -0.1448, 0.0664, -0.1393, -0.0047|13500|0.3865, -0.7088, -0.3710, -0.6109, -0.2967, -0.0708, 0.0293, 0.2098|786.6
19|0.8673, -0.9887, -1.0000, -0.9957, -0.2730, 0.1191, 0.0082, -0.1924|4520|0.4035, -0.6419, -0.4886, -0.5261, -0.2891, -0.0872, 0.0477, 0.2179|780.2
20|0.1586, -1.0000, -0.2471, -0.5857, 0.1386, -0.1332, 0.0082, 0.5650|4240|0.3415, -0.6904, -0.4625, -0.5616, -0.2390, -0.0342, -0.0040, 0.1441|769.6
21|-0.0890, -1.0000, -0.3968, -0.2493, 0.1386, 0.0253, 0.0082, -0.0006|14320|0.4066, -0.7363, -0.4387, -0.6079, -0.3063, -0.1251, -0.0001, 0.1525|1181.4
22|0.2129, -1.0000, -0.7231, -0.2493, -0.0293, 0.0253, -0.0304, -0.0753|17400|0.4221, -0.7991, -0.4352, -0.5727, -0.2248, -0.0907, -0.0144, 0.1770|1303.8
23|0.2129, -1.0000, -0.7231, -0.2493, -0.0293, 0.0129, -0.0304, -0.0753|16180|0.4277, -0.6589, -0.4368, -0.4905, -0.2856, -0.0238, 0.0912, 0.1063|1296.2
24|1.0000, -1.0000, -0.8412, -0.5289, -0.4740, 0.1329, -0.0980, -0.0092|13120|0.4838, -0.7591, -0.4448, -0.5541, -0.3038, -0.0398, 0.0796, 0.1398|1487.6
25|0.9194, -1.0000, -0.2068, -0.3234, -0.0828, -0.0806, -0.0340, 0.3568|26620|0.3912, -0.7116, -0.4769, -0.6033, -0.2798, -0.0865, 0.0335, 0.0857|1439.2
26|0.9194, -1.0000, -0.2068, -0.3234, -0.0828, -0.0806, -0.0340, 0.3568|10040|0.5064, -0.6271, -0.4938, -0.5226, -0.2861, -0.1149, -0.0331, 0.0500|1177.2
27|0.1439, -1.0000, -0.2068, -0.3234, -0.3364, -0.0806, -0.0349, 0.3568|5980|0.5341, -0.7438, -0.5175, -0.5666, -0.3043, -0.1575, -0.0139, 0.0425|1338.0
28|0.5825, -1.0000, -0.4601, -0.5347, -0.2527, 0.0383, 0.1495, 0.5650|9840|0.4324, -0.8290, -0.4800, -0.5330, -0.2963, -0.0603, 0.0027, 0.0693|1300.4
29|0.1586, -1.0000, -0.2319, -0.2303, 0.0477, 0.0211, 0.0147, 0.0235|13720|0.5044, -0.8035, -0.4214, -0.4495, -0.1879, -0.0646, 0.0092, 0.0689|1508.2
30|0.1586, -1.0000, -0.2319, -0.2303, 0.0477, 0.0211, 0.0147, -0.0026|22040|0.3956, -0.8458, -0.3424, -0.4105, -0.1310, -0.0379, -0.0217, 0.0504|1715.6
31|0.9194, -1.0000, -0.2068, -0.3612, 0.0382, 0.0383, 0.2330, -0.0059|15580|0.4224, -0.9205, -0.3690, -0.4274, -0.1647, -0.0402, 0.0400, -0.0452|1837.4
32|0.6440, -1.0000, -0.2319, -0.2303, 0.0837, 0.0223, 0.0147, -0.0026|18180|0.4052, -0.9176, -0.3823, -0.3954, -0.1420, -0.0405, 0.1117, -0.0468|2291.6
