1|0.6620, -0.9890, -0.5202, -0.5422, 0.1761, -0.5776, 0.9143, 0.3313|1360|-0.1048, 0.2441, -0.1296, -0.1524, -0.0425, -0.2347, 0.0577, 0.1607|107.6
2|-0.1223, 0.3173, -1.0000, -0.4516, 0.0762, -0.2628, 0.1831, 0.4161|1600|-0.0870, 0.2417, -0.3013, -0.3314, -0.0408, -0.2778, 0.1606, 0.1170|157.6
3|0.1024, 0.1826, -0.7203, -0.6282, -0.4503, -0.3738, -0.0033, 1.0000|1140|-0.0575, 0.2151, -0.4090, -0.4535, -0.1705, -0.4503, 0.1511, 0.1879|206.8
4|0.3792, -0.0723, -0.7203, -1.0000, -0.4503, -1.0000, 0.5010, 0.5252|1280|-0.0142, 0.1833, -0.4713, -0.4828, -0.1303, -0.5829, 0.1146, 0.2280|269.6
5|0.3792, -0.0909, -0.5483, -0.0783, -0.6665, 0.0063, 0.2720, -0.2829|1900|0.0458, 0.1301, -0.5071, -0.5418, -0.1787, -0.5429, 0.0345, 0.1865|322.2
6|0.3792, -0.0909, -0.5483, -0.4516, -0.4503, 0.0063, 0.5010, 0.5252|2480|0.0420, 0.0009, -0.5082, -0.5865, -0.2397, -0.6952, 0.1749, 0.2622|385.8
7|0.7709, -0.9799, -0.7241, -0.3935, 0.0912, -0.3738, -0.0056, -0.3298|5100|0.0538, -0.0500, -0.5894, -0.5836, -0.2073, -0.6861, 0.2117, 0.2837|477.6
8|0.7709, -0.9799, -0.7203, -0.7558, 0.0912, 0.0063, -0.0056, 0.5252|5220|0.2105, -0.1554, -0.6063, -0.6004, -0.2326, -0.6774, 0.1065, 0.3128|534.4
9|0.7709, -0.9799, -0.7203, -0.6876, 0.0912, -0.3738, -0.0056, 0.6128|7120|0.2771, -0.2059, -0.6550, -0.6100, -0.2872, -0.7005, 0.1900, 0.3151|686.4
10|0.6055, -1.0000, -0.7203, -0.5930, 0.0931, -0.9578, 0.4127, 0.3623|4360|0.4236, -0.2755, -0.6987, -0.6106, -0.2839, -0.7112, 0.1098, 0.3307|859.0
11|0.7389, -1.0000, -0.7389, -0.5930, 0.0931, -0.3815, 0.4127, 0.3279|8220|0.4645, -0.3357, -0.7154, -0.6422, -0.2545, -0.6677, 0.1495, 0.3391|966.8
12|0.6620, -0.4985, -0.7389, -0.6282, -0.5958, -0.3738, -0.8847, 0.3279|3280|0.4744, -0.4721, -0.7286, -0.6331, -0.2130, -0.6698, 0.2231, 0.3384|907.0
13|0.6055, -1.0000, -0.7389, -0.5930, 0.0931, -0.9578, 0.4127, 0.3623|6400|0.5087, -0.6572, -0.7330, -0.6260, -0.2203, -0.6024, 0.1736, 0.4156|1249.6
14|0.6620, -1.0000, -0.7203, -0.4516, -0.4503, -0.3738, 0.5010, 0.5252|6800|0.5408, -0.8027, -0.7445, -0.6081, -0.2682, -0.6158, 0.2974, 0.4077|1259.2
15|0.6055, -1.0000, -0.7389, -0.6876, 0.0931, -0.2970, 0.4127, 0.3279|6760|0.5446, -0.8540, -0.6757, -0.6139, -0.2760, -0.5950, 0.3350, 0.3034|1181.8
16|0.6620, -1.0000, -0.7203, -0.5930, -0.4503, -0.5154, -0.3257, 0.3623|4540|0.4888, -0.8071, -0.6744, -0.5594, -0.2772, -0.5702, 0.3430, 0.3849|1188.2
17|0.6322, -1.0000, -0.7203, -0.6052, -0.4701, -0.3738, -0.0035, 0.5252|8020|0.5323, -0.8656, -0.6141, -0.6060, -0.2667, -0.5471, 0.3135, 0.3961|1379.0
18|1.0000, -0.9123, -0.6741, -0.5410, 0.0849, -0.4734, 0.3765, 0.4791|5840|0.5536, -0.8404, -0.6568, -0.5685, -0.2768, -0.5483, 0.2389, 0.3465|1343.0
19|0.7389, -1.0000, -0.7203, -0.5930, -0.4503, -0.3815, -0.0057, 0.3279|7620|0.6146, -0.9498, -0.6628, -0.5626, -0.3215, -0.5787, 0.2325, 0.3347|1615.2
20|0.7389, -1.0000, -0.4816, -0.5930, -0.4503, -0.3460, -0.0057, 0.5252|5660|0.5695, -0.8957, -0.6034, -0.5719, -0.2873, -0.5611, 0.2368, 0.3315|1327.2
21|0.6055, -1.0000, -0.7203, -0.6052, 0.0467, -0.4734, 0.4127, 0.3623|8500|0.5786, -0.9656, -0.6209, -0.5412, -0.2104, -0.4544, 0.2894, 0.3800|1451.4
22|0.7389, -1.0000, -0.7203, -0.5930, 0.1903, -0.3815, -0.0023, 0.4552|5600|0.5801, -0.9832, -0.6487, -0.5718, -0.1818, -0.4627, 0.2597, 0.4208|1433.6
23|1.0000, -1.0000, -0.7203, -0.5930, 0.0849, 0.2037, -0.0034, 0.8293|13760|0.5341, -0.9718, -0.6520, -0.5905, -0.1065, -0.4181, 0.2037, 0.4363|1732.0
24|0.6055, -1.0000, -0.7203, -0.5930, -0.4503, -0.2970, -0.0057, 0.6128|6700|0.5746, -0.9768, -0.6253, -0.5878, -0.1661, -0.3584, 0.2084, 0.4256|1716.6
25|0.6638, -1.0000, -0.7896, -0.5714, 0.0467, -0.4734, -0.4871, 0.4791|4940|0.5801, -0.9886, -0.6434, -0.5967, -0.2267, -0.3640, 0.1976, 0.3845|1515.0
26|0.6055, -1.0000, -0.5202, -0.5930, -0.4503, -0.2970, -0.0003, 0.6128|11800|0.5952, -0.9894, -0.6511, -0.5910, -0.2574, -0.3913, 0.1422, 0.4118|2034.2
27|0.6055, -1.0000, -0.5202, -0.5930, -0.2362, -0.5154, 0.5010, 0.2328|12140|0.6066, -0.9647, -0.6022, -0.6016, -0.2106, -0.3999, 0.1059, 0.4664|1998.4
28|0.6055, -1.0000, -0.4665, -0.5930, -0.4503, -0.2970, -0.0057, 0.6128|8500|0.6340, -0.9524, -0.5900, -0.5976, -0.2817, -0.3642, 0.1011, 0.5052|1732.4
29|0.6180, -1.0000, -0.7389, -0.6052, 0.0849, -0.4734, -0.0057, 0.5252|15320|0.6449, -0.9930, -0.5863, -0.5838, -0.2609, -0.3725, 0.1160, 0.4423|2010.4
30|0.6055, -1.0000, -0.5202, -0.5930, -0.4503, -0.2970, -0.0057, 0.4437|5680|0.6393, -0.9790, -0.5786, -0.5808, -0.2559, -0.3490, 0.0798, 0.4167|1832.8
31|0.6055, -1.0000, -0.4665, -0.5930, -0.4503, -0.2001, -0.0023, 0.4552|5640|0.6354, -0.9810, -0.5909, -0.5895, -0.2547, -0.3593, 0.0781, 0.4519|1682.4
32|1.0000, -0.9023, -0.4668, -0.5461, -0.0606, -0.2680, -0.0003, 0.4712|7800|0.6375, -0.9814, -0.5578, -0.5843, -0.2658, -0.3603, 0.0631, 0.4581|2036.8
