1|0.9864, -0.8548, -0.6791, -0.5243, -0.4415, -0.4771, -0.9266, -1.0000|1380|-0.0769, -0.0233, 0.0514, 0.1097, -0.1041, -0.0210, -0.0230, -0.1637|57.4
2|-0.9215, -0.8341, -0.8550, -0.5286, -0.0493, -0.5590, -1.0000, 0.6246|1980|-0.0627, -0.0502, -0.0318, 0.0769, -0.0122, -0.0959, -0.1063, -0.2034|70.8
3|0.1991, -0.9800, -0.6442, -0.3655, -0.5066, -1.0000, -0.6460, -0.0250|1260|-0.1604, -0.1173, -0.0954, -0.0811, -0.0336, -0.2886, -0.1172, -0.1464|122.2
4|0.1991, -0.9800, -0.6442, -0.3655, -0.5066, -1.0000, -0.2951, -0.0250|3580|-0.0330, -0.2626, -0.1565, -0.3103, -0.1590, -0.2591, 0.0477, -0.1185|229.6
5|1.0000, -1.0000, -0.3957, -0.6905, -0.7888, 0.6036, 0.4415, -0.0476|2320|0.0053, -0.2993, -0.1552, -0.3000, -0.2346, -0.2990, -0.0208, -0.0917|300.2
6|1.0000, -1.0000, -0.3729, -0.4649, 0.0753, -0.2213, -0.1847, -0.5973|2000|-0.0221, -0.3330, -0.2198, -0.3768, -0.2226, -0.3241, 0.0289, -0.0334|309.4
7|1.0000, 0.0160, -0.5370, -0.3047, -0.4222, -0.2813, -0.6494, -0.0208|1780|0.0881, -0.4134, -0.2602, -0.3593, -0.2849, -0.3420, 0.0266, -0.1038|323.6
8|0.7388, -1.0000, -0.3700, -0.2905, -0.0122, 0.2855, 0.2941, -0.4328|6660|0.0711, -0.3930, -0.3009, -0.3208, -0.3452, -0.3399, -0.0549, -0.1966|480.4
9|-0.3497, -0.9800, -0.4887, -0.1165, 0.0475, -1.0000, -0.6132, -0.0250|3340|0.0740, -0.4616, -0.2978, -0.3171, -0.2242, -0.4496, -0.1188, -0.1726|485.6
10|0.1361, -1.0000, -0.1596, -0.6905, -0.8518, -0.2213, -0.0445, 1.0000|2920|0.0172, -0.5667, -0.3348, -0.3266, -0.1974, -0.4015, -0.0444, -0.1609|454.0
11|1.0000, -0.9800, -0.6442, -0.4618, -0.7563, -1.0000, -0.2951, -0.0314|3280|0.0076, -0.6326, -0.3287, -0.3551, -0.3029, -0.5035, -0.1299, -0.1653|532.2
12|1.0000, -0.9800, -0.6442, -0.4618, -0.7563, 0.2714, -0.2951, -0.0314|1940|0.0293, -0.6731, -0.2780, -0.3020, -0.2642, -0.5155, -0.1304, -0.1083|521.8
13|1.0000, -0.9800, -0.6442, -0.3003, 0.0564, -0.7519, -0.3002, 0.0157|5080|0.0225, -0.6903, -0.2693, -0.2489, -0.2766, -0.5795, -0.1176, -0.1103|601.4
14|1.0000, -0.9800, -0.2950, -0.4726, -0.5314, -0.2213, -0.0518, -0.0290|4480|0.0960, -0.6134, -0.2488, -0.2694, -0.3257, -0.4281, -0.1277, -0.0962|681.4
15|0.2371, -1.0000, -0.0833, -0.2445, 0.1085, -0.3492, -0.1636, -0.0111|8000|0.0865, -0.6848, -0.1617, -0.2048, -0.2537, -0.5424, -0.1171, -0.0565|869.6
16|1.0000, -0.9800, -0.2843, -0.4182, 0.1054, 0.2714, 0.0816, 0.0157|11840|0.2089, -0.7103, -0.2322, -0.2152, -0.2349, -0.5108, -0.0585, -0.0379|947.6
17|1.0000, -1.0000, -0.2843, -0.4618, -0.1504, -0.1637, -0.0281, -0.0002|5200|0.2643, -0.6073, -0.2704, -0.2191, -0.2443, -0.5224, -0.0844, -0.0505|825.0
18|1.0000, -0.9800, -0.2843, -0.4176, 0.0245, -0.1913, 0.0078, -0.0002|15500|0.3504, -0.5699, -0.2473, -0.2319, -0.2208, -0.5001, -0.0532, -0.0403|1181.4
19|1.0000, -0.9800, -0.6723, -0.4176, 0.0245, -0.9027, 0.0078, 0.0290|7560|0.4383, -0.7277, -0.2374, -0.2598, -0.1744, -0.4819, -0.0656, -0.0317|1115.6
20|1.0000, -0.9800, -0.2843, -0.4176, 0.0245, -0.1913, 0.0078, -0.0004|16300|0.3986, -0.7383, -0.2523, -0.2635, -0.1495, -0.4174, -0.0753, -0.0164|1376.8
21|0.1789, -0.8145, 0.0044, -0.0510, -0.3582, -0.1153, -0.1306, -0.0002|11700|0.4813, -0.7903, -0.1694, -0.2387, -0.2004, -0.3731, -0.0586, -0.0081|1344.4
22|1.0000, -0.9706, -0.4855, -0.1317, 0.0245, -0.0011, 0.0079, -0.0002|14900|0.4318, -0.7410, -0.2244, -0.1961, -0.1616, -0.2498, -0.0359, -0.0031|1584.8
23|1.0000, -0.9800, -0.6723, -0.1317, -0.0214, 0.0013, -0.0453, 0.0188|21700|0.4392, -0.7342, -0.2721, -0.2284, -0.1317, -0.2694, -0.0259, 0.0071|1850.4
24|1.0000, -1.0000, -0.0086, -0.2445, 0.0245, -0.1637, 0.0000, 0.2329|26280|0.4913, -0.8204, -0.2248, -0.2572, -0.0895, -0.1809, -0.0187, 0.0157|2640.4
25|1.0000, -1.0000, 0.0054, -0.1317, 0.0245, 0.0034, -0.0055, -0.0002|26980|0.4868, -0.8981, -0.2446, -0.2931, -0.0802, -0.1924, -0.0038, 0.0314|3001.6
26|0.5254, -1.0000, -0.0221, -0.1285, 0.0570, -0.0860, -0.0000, -0.0109|69660|0.5146, -0.9530, -0.1864, -0.3182, -0.0608, -0.1364, 0.0077, 0.0269|5041.0
27|0.5254, -1.0000, -0.0221, -0.1285, 0.0570, -0.0860, -0.0000, -0.0109|159400|0.4854, -0.8225, -0.2130, -0.2821, -0.0963, -0.0531, -0.0012, 0.0115|6733.2
28|0.5254, -1.0000, -0.0221, -0.1285, 0.0570, -0.0742, -0.0000, -0.0001|69940|0.5502, -0.9535, -0.2026, -0.2249, -0.0449, -0.0553, 0.0030, 0.0065|8406.2
29|0.5254, -1.0000, -0.0221, -0.1285, 0.0570, -0.0742, -0.0000, -0.0001|141820|0.6813, -0.8411, -0.2459, -0.1931, 0.0020, -0.0666, 0.0075, 0.0038|10245.8
30|0.5294, -1.0000, -0.0227, -0.0353, -0.0507, -0.0994, -0.0119, 0.0000|331640|0.6467, -0.9599, -0.1927, -0.1835, 0.0200, -0.0573, 0.0074, 0.0066|17589.6
31|0.5888, -0.8944, 0.0056, -0.1285, 0.0427, 0.0331, 0.0005, 0.0077|231940|0.7467, -0.8626, -0.0721, -0.1469, 0.0106, -0.0425, 0.0062, 0.0094|19264.6
32|1.0000, -0.9706, -0.0032, -0.0589, -0.0258, -0.0054, -0.0147, -0.0002|1132040|0.6633, -0.9351, -0.0467, -0.1034, 0.0121, -0.0221, -0.0004, 0.0066|33725.0
