1|0.1167, -1.0000, -0.3382, -0.2787, -0.0190, -0.2031, -0.0769, 0.0308|1880|0.1586, -0.0660, -0.1921, -0.1109, -0.0028, -0.1401, -0.1973, 0.0045|141.8
2|0.1167, -1.0000, -0.3382, -0.2787, -0.0190, -0.2031, -0.0769, 0.0308|6500|0.2141, -0.0607, -0.2842, -0.1841, -0.0886, -0.2837, -0.1792, -0.0701|371.2
3|0.1167, -1.0000, -0.3382, -0.2787, -0.0190, -0.2031, -0.0769, 0.0308|4460|0.2850, -0.0963, -0.4582, -0.3715, -0.1747, -0.3986, -0.2136, -0.0801|462.2
4|-0.0075, -1.0000, -0.3382, -0.2787, -0.0190, -0.2031, -0.0769, -0.4881|2340|0.3838, -0.2367, -0.5407, -0.4888, -0.1192, -0.2956, -0.1930, -0.1175|424.6
5|0.8982, -0.6588, -0.7709, -1.0000, -0.4437, -0.8426, -0.7875, 0.4073|2900|0.3750, -0.3551, -0.6031, -0.5512, -0.1899, -0.4507, -0.0061, -0.1864|462.8
6|0.5988, -1.0000, -0.7230, -0.7383, -0.7442, -0.9378, 0.2491, 0.6402|2520|0.4029, -0.4516, -0.5691, -0.5414, -0.1514, -0.4360, 0.0491, -0.1763|560.0
7|-0.0075, -1.0000, -0.3382, -0.2787, -0.0190, -0.2031, -0.0769, -0.4881|6120|0.4247, -0.6580, -0.5635, -0.5573, -0.3072, -0.5722, 0.0957, -0.0466|766.4
8|0.4818, -1.0000, -0.3382, -0.2787, -0.0190, 0.0251, -0.4935, 0.2889|11100|0.3643, -0.6905, -0.5030, -0.6108, -0.3496, -0.5910, 0.0023, -0.0467|921.2
9|0.4818, -1.0000, -0.3382, -0.2787, 0.0109, 0.0251, -0.4935, 0.2889|5460|0.4104, -0.7634, -0.5357, -0.5457, -0.2749, -0.6728, -0.0552, -0.0671|947.2
10|0.5509, -1.0000, -0.3382, -0.2787, -0.0190, -0.1248, -0.0769, 0.0308|3920|0.4166, -0.7623, -0.5551, -0.5896, -0.2233, -0.6138, 0.0048, -0.0495|882.8
11|0.5988, -1.0000, -0.5017, 0.0043, -0.3238, -0.8426, -0.1118, 0.2889|2960|0.3612, -0.8724, -0.4271, -0.5547, -0.1937, -0.5257, -0.0291, -0.0293|851.8
12|0.4687, -1.0000, 0.0664, -0.1413, -0.5341, -0.1248, -0.0769, -0.0322|5660|0.3985, -0.8394, -0.5063, -0.4728, -0.2602, -0.4760, -0.1746, -0.0202|1251.4
13|0.5509, -1.0000, 0.0664, -0.2787, -0.0190, -0.0310, -0.0769, 0.0308|7580|0.3244, -0.8687, -0.3764, -0.3980, -0.2445, -0.4250, -0.1205, -0.0365|1179.8
14|0.2858, -1.0000, -0.0146, -0.2787, -0.0932, 0.1137, -0.1126, 0.2190|17620|0.4750, -0.8695, -0.3727, -0.3681, -0.2153, -0.3652, -0.0656, 0.0203|1984.6
15|0.5988, -1.0000, -0.0536, -0.1413, 0.0157, -0.1248, -0.0769, -0.0482|24920|0.5210, -0.9546, -0.3824, -0.3276, -0.1631, -0.3533, -0.1326, 0.0224|2365.8
16|0.5988, -1.0000, -0.0536, -0.1413, 0.0157, -0.1248, -0.0769, -0.0482|19320|0.4753, -0.9862, -0.2700, -0.2992, -0.1366, -0.2233, -0.0897, 0.0606|2946.0
17|0.5509, -1.0000, -0.0536, -0.1908, 0.0107, -0.0212, -0.0769, 0.0211|71300|0.4637, -0.8987, -0.1668, -0.2376, -0.0930, -0.1288, -0.0665, 0.0917|4072.6
18|0.2858, -1.0000, -0.0146, -0.1413, -0.0932, -0.0238, -0.0769, 0.2190|61700|0.4872, -0.9415, -0.1599, -0.2234, -0.1017, -0.0900, -0.0820, 0.0946|5792.6
19|0.5509, -1.0000, -0.0536, -0.1413, 0.0157, -0.0238, -0.1488, 0.0211|124920|0.5339, -0.9284, -0.1122, -0.2108, -0.0704, -0.0578, -0.0867, 0.0949|9443.2
20|0.3713, -1.0000, 0.0056, -0.1413, 0.0157, -0.0238, -0.0999, 0.0723|144400|0.5226, -0.9555, -0.1145, -0.1738, -0.0622, -0.0394, -0.0793, 0.0978|12978.6
21|0.4918, -1.0000, -0.0478, -0.1261, -0.0293, -0.0273, -0.0883, 0.0354|136000|0.5072, -0.9530, -0.1196, -0.1755, -0.0463, -0.0320, -0.0744, 0.0852|16204.2
22|0.6325, -1.0000, -0.0478, -0.1261, 0.0157, 0.0048, -0.0883, 0.0275|265080|0.5080, -0.9500, -0.0827, -0.1676, -0.0366, -0.0461, -0.0812, 0.0869|21751.2
23|0.4687, -1.0000, -0.0536, -0.1261, -0.0112, 0.0054, -0.0883, 0.0354|372160|0.5548, -0.9366, -0.1048, -0.1667, -0.0156, -0.0340, -0.0870, 0.0769|34517.6
24|0.3183, -1.0000, -0.0074, -0.0711, -0.0469, -0.0188, -0.0444, 0.0178|989200|0.4417, -0.8205, -0.0566, -0.1348, -0.0233, -0.0176, -0.0888, 0.0710|44983.2
25|0.4390, -1.0000, -0.0536, -0.1413, 0.0140, 0.0048, -0.0405, 0.0272|418800|0.5152, -0.9412, -0.0486, -0.1526, -0.0149, -0.0276, -0.0918, 0.0591|40290.0
26|0.4687, -1.0000, -0.0146, -0.1413, 0.0035, 0.0308, -0.0769, 0.0308|418280|0.4327, -0.9191, -0.0377, -0.1335, -0.0043, -0.0227, -0.0803, 0.0426|50677.6
27|0.6325, -1.0000, -0.0146, -0.1360, -0.0014, -0.0212, -0.0769, 0.0308|414960|0.5018, -1.0000, -0.0328, -0.1255, -0.0054, -0.0172, -0.0796, 0.0383|62204.0
28|0.6325, -1.0000, -0.0146, -0.1413, -0.0014, -0.0238, -0.0999, 0.0495|344800|0.4440, -0.8581, -0.0329, -0.1446, -0.0103, -0.0159, -0.0798, 0.0403|54786.2
29|0.4390, -1.0000, -0.0458, -0.1413, -0.0019, -0.0212, -0.0405, 0.0272|329000|0.5379, -0.9462, -0.0338, -0.1364, -0.0101, -0.0136, -0.0713, 0.0406|54080.8
30|0.4390, -1.0000, -0.0536, -0.1413, 0.0035, 0.0048, -0.0413, 0.0268|367200|0.5149, -0.9960, -0.0295, -0.1453, -0.0106, -0.0117, -0.0620, 0.0364|71252.4
31|0.4390, -1.0000, -0.0146, -0.1413, -0.0100, 0.0048, -0.0405, -0.0088|419200|0.5340, -1.0000, -0.0304, -0.1478, -0.0175, -0.0106, -0.0680, 0.0325|60792.0
32|0.2953, -1.0000, -0.0146, -0.1413, -0.0112, 0.0048, 0.0158, 0.0354|1894480|0.5119, -0.9600, -0.0278, -0.1369, -0.0169, -0.0106, -0.0713, 0.0282|95780.0
