1|-1.0000, 0.2500, -0.9136, -0.5477, -1.0000, 0.0798, 0.5596, 0.2507|160|-0.3992, -0.1085, -0.4734, 0.0297, -0.0281, 0.3125, 0.0234, -0.1315|32.0
2|-1.0000, 0.2500, -0.9136, -0.5477, -1.0000, 0.0798, 0.5596, 0.2507|280|-0.2975, -0.3600, -0.5500, -0.0084, 0.1008, 0.3313, 0.0009, -0.0097|36.0
3|-1.0000, -0.2356, -0.9136, -0.5477, 0.6750, 0.1016, -0.3431, -0.6794|80|-0.3960, -0.2724, -0.2895, 0.1050, 0.1350, 0.1817, 0.1005, -0.0629|8.0
4|0.0311, 0.2500, -0.9136, -0.5477, 1.0000, 0.0798, 0.5596, -0.0683|0|-0.0860, -0.3471, -0.1116, 0.1969, 0.3350, -0.0760, 0.2200, -0.0948|0.0
5|0.9433, -1.0000, -0.9136, -0.5477, 1.0000, -0.8532, -0.3431, -0.0683|180|0.0274, -0.5290, -0.3261, 0.3000, 0.0334, -0.2262, 0.2411, 0.0578|26.0
6|0.9433, 0.7504, -0.9136, -0.5477, 1.0000, -0.8532, -0.3431, -0.0683|460|0.1996, -0.0523, -0.4237, 0.1050, 0.2000, -0.2381, 0.0792, 0.0468|54.0
7|0.9433, 0.7504, -0.9136, -0.5477, 1.0000, -0.8532, -0.3431, -0.0683|120|0.3939, -0.0023, -0.3128, 0.1050, 0.2000, -0.3070, 0.0792, 0.0343|22.0
8|0.9433, 0.7504, -0.9136, -0.5477, 1.0000, -0.8532, -0.3431, -0.0683|120|0.0277, 0.1267, -0.1349, -0.3234, 0.2000, -0.1160, -0.2024, -0.0614|26.0
9|0.9433, 0.7504, -0.9136, -0.5477, 1.0000, 0.1016, -0.3431, -0.1935|80|0.0277, 0.1671, -0.2019, -0.3234, 0.2000, -0.1056, -0.1626, -0.0421|8.0
10|-0.8879, -0.2356, -0.9136, -0.5477, -1.0000, 0.1016, 0.5596, -0.0683|160|-0.4383, 0.3344, -0.1053, -0.2720, 0.0000, -0.0286, 0.0055, 0.0140|16.0
11|-0.8879, -0.2356, -0.9136, -0.5477, -1.0000, -0.8532, 0.5596, -0.0683|160|-0.4056, 0.4541, 0.5745, -0.4761, -0.4825, -0.2071, -0.0266, -0.0348|16.0
12|-0.8879, -0.2356, -0.9136, -0.5477, -1.0000, -0.8532, 0.5596, -0.0683|580|-0.6945, 0.5933, 0.6776, -0.5413, -0.4476, -0.2815, -0.0228, -0.0701|58.0
13|-0.4483, -0.1189, 0.4370, -0.2765, 1.0000, 0.0513, 0.2825, -0.0345|0|-0.7928, 0.5070, 0.6632, -0.4837, -0.1651, -0.3465, 0.0200, -0.0430|0.0
14|-0.8879, -0.1339, -0.5194, -0.6168, -1.0000, -0.8532, 0.3181, -0.0388|240|-0.7401, 0.4296, 0.6204, -0.4156, 0.0349, -0.2560, 0.1728, -0.0422|28.0
15|-0.8879, -0.1339, -0.5194, -0.6168, -1.0000, -0.8532, 0.3181, -0.0388|420|-0.8336, 0.5940, 0.6741, -0.5413, -0.2476, -0.2802, 0.0390, -0.0210|42.0
16|-0.8879, -0.1339, -0.5194, -0.6168, -1.0000, -0.8532, 0.3181, -0.0388|380|-0.9328, 0.5925, 0.6323, -0.5754, -0.5301, -0.4662, 0.1329, -0.0313|54.0
17|-0.8879, -0.1339, -0.5194, -0.6168, -1.0000, -0.8532, 0.3181, -0.0388|580|-0.8922, 0.3922, 0.3377, -0.5484, -0.4725, -0.2599, 0.1447, -0.0585|114.0
18|-0.8879, -0.1339, -0.5194, -0.6168, -1.0000, -0.8532, 0.3181, -0.0388|1080|-0.8697, 0.0568, -0.2143, -0.5895, -0.8494, -0.5711, 0.2141, -0.0924|274.0
19|-0.8879, -0.1339, -0.5194, -0.6168, -1.0000, -0.8532, 0.3181, -0.1501|940|-0.7998, -0.0726, -0.4678, -0.5556, -0.9007, -0.2972, 0.1451, -0.1047|328.0
20|-0.5940, -0.0896, -0.5194, -0.6168, -1.0000, -0.8532, 0.3181, -0.1501|760|-0.7998, 0.0321, -0.4678, -0.4745, -1.0000, -0.8532, 0.1451, -0.1308|304.0
21|-0.8879, -0.0031, -0.5194, -0.6168, -1.0000, -0.8532, 0.3181, -0.1501|720|-0.7704, -0.0202, -0.4850, -0.5760, -1.0000, -0.8532, 0.1451, -0.1419|324.0
22|-0.8879, 0.2151, -0.5194, -0.6168, -1.0000, -0.8532, 0.3181, -0.1501|760|-0.8585, 0.0014, -0.5194, -0.6168, -1.0000, -0.8532, -0.0279, -0.1174|320.0
23|-0.8879, -0.1339, -0.5194, -0.6168, -1.0000, -0.8532, 0.3181, -0.0683|700|-0.8879, -0.0031, -0.5194, -0.6168, -1.0000, -0.8532, -0.0855, -0.1092|252.0
24|-0.8879, -0.1339, -0.5194, -0.6168, -1.0000, -0.8532, 0.3181, -0.0683|560|-0.8879, 0.1016, -0.5194, -0.6168, -1.0000, -0.8532, 0.0195, -0.1337|284.0
25|-0.8879, -0.0072, -0.5194, -0.6168, -1.0000, -0.8532, -0.2585, -0.1501|600|-0.8879, 0.0437, -0.3885, -0.6168, -1.0000, -0.8532, -0.0958, -0.1255|248.0
26|-0.8879, -0.1339, -0.5194, -0.6168, -1.0000, -0.8532, -0.2585, -0.0683|360|-0.8879, -0.0292, -0.5194, -0.6168, -1.0000, -0.8532, -0.1365, -0.0765|198.0
27|-0.8879, 0.2151, -0.5194, -0.6168, -1.0000, -0.8532, -0.2585, -0.0683|660|-0.8879, -0.0292, -0.5194, -0.6168, -1.0000, -0.8269, -0.2178, -0.0765|320.0
28|-0.8879, 0.2151, -0.5194, -0.6168, -1.0000, -0.8532, -0.2585, -0.0683|880|-0.8879, 0.0406, -0.5194, -0.6168, -1.0000, -0.8532, -0.1365, -0.0928|332.0
29|-0.8879, 0.2151, -0.5194, -0.6168, -1.0000, -0.8532, -0.2585, -0.0683|880|-0.8879, 0.0057, -0.5194, -0.6168, -1.0000, -0.8532, -0.2585, -0.0683|350.0
30|-0.8879, -0.1339, -0.5194, -0.6168, -1.0000, -0.8532, -0.2585, -0.0683|740|-0.9103, 0.0649, -0.4940, -0.4547, -0.9510, -0.8114, -0.2459, -0.0649|278.0
31|-0.8879, -0.1339, -0.5194, -0.6168, -1.0000, -0.8532, -0.2585, -0.0683|1440|-0.9103, 0.0998, -0.4940, -0.5866, -0.8396, -0.8114, -0.2459, -0.0649|334.0
32|-0.8879, 0.2151, -0.5194, -0.6168, -1.0000, -0.8532, -0.2585, -0.0045|500|-0.8991, 0.0998, -0.4940, -0.5866, -0.9510, -0.8323, -0.2522, -0.0458|250.0
