1|0.8580, 0.0795, -0.1683, -0.7885, -0.8499, 0.1918, -0.0578, -1.0000|240|0.0513, 0.0010, -0.0094, -0.2534, -0.3379, 0.2340, 0.2720, -0.1250|76.0
2|0.8580, -0.4462, -0.8313, -0.7885, -0.8499, -0.4026, 0.3394, -1.0000|600|0.3228, -0.1159, -0.2913, -0.4750, -0.5394, 0.0403, 0.2709, -0.1507|147.0
3|0.8580, -0.4462, -0.8313, -0.7885, -0.8499, -0.4026, 0.3394, -1.0000|1780|0.4111, -0.0992, -0.3445, -0.3673, -0.5061, -0.0141, 0.2296, -0.3405|275.0
4|0.8580, -0.4462, -0.8313, -0.4613, 0.0927, -0.0713, 0.3394, -1.0000|1860|0.4818, -0.0444, -0.2278, -0.5451, -0.5819, 0.0660, 0.1567, -0.7270|378.0
5|1.0000, -0.2911, -0.4687, -0.7148, -0.9980, 0.2059, 0.4018, -1.0000|960|0.5375, -0.1584, -0.2562, -0.5442, -0.5008, 0.0775, 0.1296, -0.8964|413.0
6|-0.0288, -0.4440, -0.8313, -0.7885, 0.1076, -0.4026, 0.3394, -1.0000|780|0.5867, -0.1434, -0.2310, -0.5933, -0.6527, 0.0710, 0.1037, -0.8066|326.0
7|1.0000, -0.3886, -0.4687, -0.7148, -0.9980, 0.2059, 0.4018, -1.0000|1040|0.6934, -0.1685, -0.1582, -0.6068, -0.5913, 0.1205, -0.0502, -0.7096|310.0
8|0.8580, -0.4462, -0.4687, -0.4613, 0.0749, -0.0713, -0.4175, -1.0000|900|0.8140, -0.2527, -0.2055, -0.6171, -0.5398, 0.1384, 0.0426, -0.9033|394.0
9|1.0000, -0.3886, -0.4687, -0.7148, -0.9980, 0.2059, 0.4018, -1.0000|1060|0.9211, -0.1267, -0.2473, -0.6259, -0.5365, 0.1694, 0.2067, -0.9876|423.0
10|0.8580, -0.3886, -0.1683, -0.4613, -0.8499, 0.1918, 0.7880, -1.0000|600|0.5464, -0.2339, -0.2341, -0.5555, -0.5721, 0.1231, 0.0887, -0.8981|328.0
11|1.0000, -0.3886, -0.4687, -0.7148, -0.9980, 0.2059, 0.4018, -1.0000|1280|0.8464, -0.2940, -0.2145, -0.5600, -0.5413, 0.1407, 0.1789, -0.9284|397.0
12|1.0000, -0.3718, -0.1610, -0.5377, -0.9906, 0.1835, -0.1752, -0.2394|1100|0.9464, -0.1834, -0.2187, -0.5780, -0.6649, 0.1633, 0.2322, -0.8590|470.0
13|0.8580, -0.3886, -0.1683, -0.4613, -0.8499, 0.1918, 0.7880, -1.0000|640|0.9243, -0.1058, -0.2032, -0.6122, -0.7398, 0.1402, 0.2131, -0.7830|344.0
14|0.9211, -0.3886, -0.1610, -0.6659, -1.0000, 0.1835, -0.1752, -0.2394|1040|0.9061, -0.2994, -0.3115, -0.5896, -0.5545, 0.1575, -0.0143, -0.8479|488.0
15|0.8580, -0.4462, -0.4687, -0.4275, 0.0371, -0.0713, -0.2907, -1.0000|1100|0.8919, -0.2798, -0.3584, -0.5499, -0.6078, 0.1544, -0.1962, -0.8479|462.0
16|1.0000, -0.4845, -0.4492, -0.4641, 0.0403, 0.1992, -0.3157, -0.2599|1260|0.8682, -0.2936, -0.4121, -0.5001, -0.3262, 0.1314, -0.2553, -0.8667|409.0
17|0.8580, -0.3886, -0.4687, -0.4613, -0.8499, 0.1918, -0.8421, -1.0000|1420|0.8927, -0.2844, -0.4216, -0.5268, -0.6025, 0.1434, 0.0137, -0.8869|543.0
18|0.8580, -0.4462, -0.4687, -0.4275, 0.0371, -0.0713, -0.2907, -1.0000|3880|0.8935, -0.3387, -0.4032, -0.5051, -0.4840, 0.1215, -0.1177, -0.8278|745.0
19|0.9211, -0.3886, -0.1610, -0.1240, -1.0000, 0.1165, -0.1752, -0.2394|1760|0.9013, -0.3401, -0.3433, -0.3564, -0.5584, 0.1459, -0.1010, -0.5563|785.0
20|1.0000, -0.4845, -0.4492, -0.4641, 0.0403, 0.1992, -0.3157, -0.2599|2780|0.9234, -0.4133, -0.2966, -0.2769, -0.5267, 0.1173, -0.2235, -0.3449|966.0
21|0.9211, -0.3886, -0.1610, -0.1240, -1.0000, 0.1165, -0.1752, -0.2394|2500|0.9092, -0.3974, -0.2419, -0.3367, -0.6306, 0.0652, -0.1554, -0.3429|838.0
22|0.9211, -0.3886, -0.1610, -0.1240, -1.0000, 0.1165, 0.1240, -0.2394|3900|0.9313, -0.3946, -0.2625, -0.3721, -0.5231, 0.0865, -0.1499, -0.3752|1056.0
23|0.9211, -0.3886, -0.1610, -0.1240, -1.0000, 0.1165, -0.0642, -0.2394|2920|0.9089, -0.3846, -0.2551, -0.3741, -0.6298, 0.0191, -0.1659, -0.3176|1052.0
24|0.9211, -0.3886, -0.1610, -0.4275, -1.0000, -0.0713, -0.1752, -0.2394|2480|0.9168, -0.3827, -0.2734, -0.3655, -0.6300, 0.0563, -0.1829, -0.3557|1018.0
25|1.0000, -0.3190, -0.8214, -0.7148, 0.0615, -0.0713, -0.3157, -0.2394|3460|0.9226, -0.3649, -0.2588, -0.3107, -0.5295, 0.0866, -0.1921, -0.2811|1002.0
26|0.9211, -0.3886, -0.1610, -0.1240, -1.0000, 0.1165, -0.1752, -0.2394|2080|0.9416, -0.3677, -0.2945, -0.3323, -0.6820, 0.0608, -0.2048, -0.2447|957.0
27|0.9211, -0.3886, -0.1610, -0.1240, -1.0000, 0.1165, -0.1752, -0.2394|3120|0.9026, -0.3584, -0.2679, -0.4299, -0.4226, 0.0434, -0.2196, -0.2459|871.0
28|0.9211, -0.3886, -0.1610, -0.1240, -1.0000, -0.0713, -0.1752, -0.2394|1960|0.9260, -0.3608, -0.2312, -0.4393, -0.5264, 0.0901, -0.1413, -0.2392|866.0
29|0.9211, -0.3886, -0.1610, -0.1240, -1.0000, -0.0713, -0.1752, -0.2394|1160|0.9339, -0.3538, -0.2003, -0.4222, -0.4740, 0.0376, -0.1295, -0.2597|758.0
30|1.0000, -0.3190, -0.1748, -0.4613, 0.0566, -0.0713, -0.1902, -0.2822|1780|0.9779, -0.3396, -0.3062, -0.5183, -0.2059, 0.0585, -0.1954, -0.2632|828.0
31|1.0000, -0.3190, -0.1748, -0.4613, 0.0566, -0.0713, -0.1902, -0.0500|1760|0.9748, -0.3260, -0.2374, -0.4270, -0.2071, -0.0259, -0.1517, -0.1743|951.0
32|1.0000, -0.3190, -0.1748, -0.1240, 0.0566, -0.0713, 0.3049, -0.2394|3600|0.9464, -0.3295, -0.3021, -0.4315, -0.3651, 0.0050, -0.1140, -0.2122|1003.0
