1|0.7415, 0.2826, -0.5069, -0.6866, 0.1014, -1.0000, 0.7454, 0.8731|780|0.2422, 0.0060, -0.3499, -0.1377, 0.0822, -0.0591, 0.1397, 0.0010|140.0
2|0.7415, -0.0133, -1.0000, -0.7674, -0.5445, 0.7033, 0.7454, -0.3097|1840|0.3217, 0.1385, -0.4908, -0.4786, 0.0682, -0.3051, 0.2025, 0.0670|270.0
3|0.7415, -0.8129, -0.5069, -0.6866, 0.1014, -1.0000, 0.7454, 0.8731|2500|0.3310, -0.0646, -0.4936, -0.4912, 0.0544, -0.2171, 0.1737, 0.0316|411.6
4|0.7415, -0.8129, -0.5069, -0.6866, 0.1014, -1.0000, 0.7454, 0.8731|2160|0.4444, -0.1241, -0.4256, -0.6427, 0.1051, -0.4903, 0.1868, -0.1114|462.8
5|1.0000, 0.0131, -0.7965, -0.6866, 0.1014, -0.1169, 0.2774, -0.2920|1980|0.4818, -0.1326, -0.6031, -0.6653, 0.1273, -0.5276, 0.1611, -0.1135|477.2
6|0.5337, -0.5358, -0.4619, -0.7444, 0.3822, -1.0000, 1.0000, -0.3097|1840|0.5349, -0.1633, -0.6079, -0.7295, 0.1638, -0.4648, 0.2113, -0.1934|539.2
7|0.7415, -0.0133, -1.0000, -0.7674, -0.5445, -0.0938, -0.2193, 0.8731|3160|0.5886, -0.2990, -0.6944, -0.7602, 0.0612, -0.5353, 0.2344, -0.2986|696.4
8|-0.5689, -1.0000, -0.8946, -0.6866, 0.1014, -1.0000, 0.7454, -0.3097|2020|0.6491, -0.4452, -0.6577, -0.7400, 0.0929, -0.5696, 0.4049, -0.2736|687.6
9|1.0000, -1.0000, -0.6136, -0.6866, 0.1014, -1.0000, 0.2774, -0.3641|2580|0.7018, -0.3440, -0.6818, -0.7548, 0.1146, -0.6428, 0.3773, -0.3574|774.8
10|0.3122, -1.0000, -0.7965, -0.6866, -0.1067, -0.1169, -0.3774, -0.3097|4760|0.6905, -0.4173, -0.6572, -0.7236, 0.0645, -0.5798, 0.3969, -0.4063|884.0
11|0.3122, -1.0000, -0.7965, -0.6866, -0.1067, -0.1169, -0.3774, -0.3097|3380|0.7325, -0.5276, -0.7373, -0.7224, -0.0810, -0.6415, 0.4857, -0.3842|937.6
12|0.7025, -1.0000, -0.6136, -0.6866, 0.1014, -1.0000, 0.2774, -0.6997|5260|0.7866, -0.5686, -0.7651, -0.7239, -0.1618, -0.6708, 0.4945, -0.3931|1001.6
13|1.0000, -1.0000, -0.6136, -0.6866, 0.1014, 0.1327, 0.7454, -0.1735|4580|0.7164, -0.4094, -0.7923, -0.7022, -0.1988, -0.7049, 0.3197, -0.3769|936.4
14|1.0000, -1.0000, -0.6136, -0.6866, 0.1014, 0.1327, 0.7454, -0.1735|4440|0.7579, -0.6704, -0.7939, -0.7112, -0.1931, -0.5751, 0.3170, -0.3455|1198.8
15|1.0000, -1.0000, -1.0000, -0.6866, 0.1014, -1.0000, 0.2224, -0.1735|3160|0.7509, -0.8558, -0.7938, -0.6748, -0.2117, -0.5867, 0.3563, -0.3247|1054.0
16|1.0000, -1.0000, -0.6136, -0.6866, 0.1014, 0.1327, 0.7454, -0.1735|5540|0.8165, -0.8897, -0.7304, -0.6818, -0.1164, -0.5725, 0.3740, -0.2826|1342.8
17|1.0000, -1.0000, -0.6136, -0.6866, 0.1014, 0.1327, 0.7454, -0.1735|4980|0.8785, -0.9487, -0.6886, -0.6769, -0.0550, -0.4195, 0.5069, -0.2420|1609.6
18|1.0000, -1.0000, -0.6136, -0.6866, 0.1014, 0.1327, 0.7454, -0.1735|3940|0.8902, -0.9782, -0.6830, -0.6681, -0.0447, -0.4560, 0.4863, -0.1851|1725.2
19|1.0000, -1.0000, -0.4133, -0.5598, -0.0870, 0.1225, 0.2262, 0.2695|5740|0.8230, -0.7361, -0.6489, -0.6294, -0.0268, -0.4245, 0.4552, -0.1456|1283.6
20|1.0000, -1.0000, -0.4133, -0.5598, -0.0870, 0.1225, 0.2262, 0.2695|10500|0.8994, -0.9390, -0.6363, -0.6135, -0.0218, -0.4981, 0.3976, -0.2243|1716.8
21|1.0000, -1.0000, -0.4133, -0.6866, -0.0870, 0.1327, 0.2774, -0.1735|7440|0.9341, -0.9747, -0.6751, -0.6034, 0.0205, -0.4626, 0.4475, -0.1915|1539.6
22|1.0000, -1.0000, -1.0000, -0.5598, 0.1014, 0.1327, 0.7454, 0.2695|5980|0.5579, -0.8127, -0.6288, -0.5748, -0.0114, -0.2420, 0.4357, -0.1423|1424.8
23|1.0000, -1.0000, -0.4133, -0.6866, 0.1014, 0.1225, 0.2262, -0.1735|9380|0.7569, -0.9480, -0.5371, -0.6361, 0.0025, -0.2306, 0.3770, -0.1429|1908.0
24|1.0000, -1.0000, -0.4133, -0.6866, -0.0870, 0.1327, 0.2262, 0.2695|7000|0.8176, -0.9466, -0.4913, -0.6480, 0.0019, -0.1781, 0.3225, -0.0900|1812.8
25|0.8154, -1.0000, -0.6136, -0.3853, 0.1014, 0.2013, 0.2262, -0.1735|12260|0.9386, -0.8789, -0.4745, -0.6657, 0.0091, -0.0420, 0.3128, -0.0618|2425.2
26|1.0000, -1.0000, -0.4133, -0.5598, -0.1067, 0.1327, 0.2774, 0.2695|14020|0.9415, -0.9582, -0.4603, -0.6248, -0.0021, 0.1011, 0.2833, -0.0507|2546.8
27|1.0000, -1.0000, -0.4133, -0.5598, -0.0870, 0.1225, 0.2774, -0.1113|6380|0.9795, -0.9513, -0.4863, -0.6566, -0.0080, 0.1277, 0.2465, -0.0620|2511.6
28|1.0000, -1.0000, -0.6136, -0.3853, 0.1014, 0.2013, 0.2262, -0.1735|15260|0.9817, -1.0000, -0.4784, -0.6540, -0.0123, 0.1370, 0.2121, -0.0584|2513.6
29|1.0000, -1.0000, -0.4133, -0.6866, -0.0870, 0.1327, 0.2774, -0.1735|13100|0.8151, -0.9428, -0.4588, -0.6491, 0.0051, 0.1388, 0.1622, 0.0080|2294.4
30|1.0000, -1.0000, -0.4133, -0.6866, 0.1014, 0.1327, 0.0269, 0.2467|10520|0.9729, -0.9600, -0.4527, -0.5757, 0.0104, 0.1390, 0.1383, 0.0289|2420.4
31|1.0000, -1.0000, -0.4133, -0.4406, -0.1057, 0.1327, -0.1318, 0.2467|9300|0.9488, -0.9470, -0.4633, -0.6078, 0.0208, 0.1254, 0.1049, 0.0670|3224.8
32|1.0000, -1.0000, -0.4133, -0.4406, -0.1057, 0.1327, -0.1318, 0.2467|10560|0.9650, -0.9963, -0.4375, -0.5671, -0.0089, 0.1084, 0.1123, 0.0776|2652.0
