1|0.5893, -0.8680, -1.0000, -0.7996, -0.4699, -0.5179, 1.0000, 0.1402|2020|-0.1413, -0.0000, -0.1996, -0.2117, -0.0064, 0.0208, -0.0475, -0.0244|152.6
2|-0.6541, -0.3865, -0.9227, -1.0000, 0.0340, 0.1573, 0.5168, -0.1180|2880|-0.1567, -0.1313, -0.3548, -0.4136, -0.0877, -0.0865, -0.0682, -0.0474|259.6
3|-0.6541, -0.3865, -0.9227, -1.0000, 0.0340, 0.1573, 0.5168, -0.1180|1480|-0.1527, -0.1535, -0.5060, -0.4881, -0.1896, -0.2334, -0.0624, 0.0330|277.6
4|-0.5130, -0.1173, -1.0000, -0.5284, -0.0257, -0.8685, 0.4857, 0.4618|3300|-0.1873, -0.1661, -0.6952, -0.6337, -0.2387, -0.3479, -0.0278, 0.0848|438.8
5|-0.0005, -0.3865, -1.0000, -1.0000, -0.5070, -0.8001, 0.2901, 0.4897|2120|-0.1823, -0.1050, -0.7889, -0.6933, -0.3110, -0.4719, 0.0054, 0.1704|530.8
6|-0.0006, -0.3865, -1.0000, -1.0000, 0.0133, -0.7241, 0.3373, -0.1180|2060|-0.0544, -0.1611, -0.8295, -0.7569, -0.2969, -0.5382, -0.0099, 0.2283|575.2
7|0.8987, -0.7359, -0.7631, -0.7675, -0.4298, -0.5557, 0.0563, -0.1034|4360|0.0112, -0.2594, -0.8328, -0.7485, -0.3120, -0.5486, 0.0449, 0.2166|596.8
8|0.1845, -0.7359, -1.0000, -0.5932, -0.5899, -0.7296, 0.0563, 0.7483|2960|0.0844, -0.2457, -0.8431, -0.7753, -0.2616, -0.5665, 0.1174, 0.2114|669.0
9|0.0536, -0.7359, -1.0000, -1.0000, -0.4298, -0.7296, -0.5026, 0.6297|3600|0.2092, -0.2972, -0.8524, -0.7251, -0.2221, -0.6371, 0.1553, 0.2664|750.4
10|-0.0004, -0.3865, -0.9227, -1.0000, 0.0340, -0.8685, 1.0000, 0.4291|3240|0.2783, -0.3077, -0.9086, -0.7649, -0.2488, -0.6339, 0.1773, 0.2834|756.4
11|0.8987, 0.1264, -1.0000, -1.0000, -0.4298, -0.7296, 0.8759, 0.4618|2620|0.2985, -0.2918, -0.9304, -0.7469, -0.2519, -0.5608, 0.1432, 0.2866|714.8
12|0.5893, -0.5708, -1.0000, -0.7996, -0.3014, -1.0000, -1.0000, 0.2499|4000|0.3078, -0.3672, -0.9134, -0.7492, -0.3187, -0.5939, 0.0018, 0.2378|857.2
13|-0.0004, -1.0000, -0.6139, -0.4773, -0.0074, -0.4446, -0.5530, -0.0725|4000|0.3440, -0.3660, -0.9251, -0.7566, -0.2965, -0.6170, -0.0062, 0.2766|913.8
14|0.5893, -0.5708, -1.0000, -0.5785, -0.3014, 0.1103, 0.4857, 0.7483|4360|0.3712, -0.3914, -0.9564, -0.7649, -0.2492, -0.7299, -0.1570, 0.3000|953.8
15|0.5893, -0.8308, -1.0000, -0.8318, 0.0433, -0.8314, -0.9008, 0.7483|2960|0.4151, -0.4791, -0.9629, -0.7682, -0.2630, -0.7079, -0.1442, 0.2901|867.0
16|0.8760, -0.4311, -1.0000, -1.0000, -0.3014, -0.5557, 0.3237, 0.6417|4720|0.4717, -0.5041, -0.9498, -0.7025, -0.2809, -0.6322, -0.0368, 0.3047|819.4
17|0.8760, -0.5708, -1.0000, -0.7996, -0.2740, -0.5557, 0.9493, 0.0885|3820|0.5546, -0.5124, -0.9802, -0.7002, -0.2584, -0.6051, 0.0358, 0.3402|865.2
18|0.8760, -0.5708, -1.0000, -0.2794, -0.0257, 0.0185, -0.4818, 0.6297|3680|0.5354, -0.5059, -0.9240, -0.7474, -0.2570, -0.6179, 0.0625, 0.3439|965.2
19|0.9740, -0.7976, -1.0000, -0.6270, -0.3014, -0.9227, 0.1026, -0.1180|5100|0.5956, -0.6295, -0.9498, -0.7876, -0.2357, -0.6413, 0.0587, 0.3851|1071.2
20|0.6387, -0.7976, -1.0000, -0.6270, -0.3014, -0.4446, -0.9008, 0.6955|4580|0.5759, -0.6475, -0.9250, -0.7187, -0.2225, -0.6415, -0.0050, 0.3701|1141.2
21|0.5490, -0.7976, -1.0000, -1.0000, 0.0008, -0.5557, 0.3373, 0.6044|4140|0.5563, -0.6746, -0.8750, -0.7410, -0.2463, -0.6469, -0.0289, 0.3012|904.2
22|0.9740, -0.5708, -0.8857, -0.8318, -0.4867, -0.4818, 0.3373, -0.1180|6960|0.5801, -0.6782, -0.9158, -0.7248, -0.2352, -0.6325, 0.0847, 0.2194|1074.8
23|0.9740, -0.8680, -1.0000, -0.6697, -0.3480, -0.2711, 0.1026, -0.1180|5340|0.6288, -0.7112, -0.8943, -0.7396, -0.2481, -0.6562, 0.1290, 0.1915|1128.6
24|0.9740, -0.8680, -0.9227, -0.6795, -0.4867, -0.4818, -0.5026, -0.1180|6040|0.7094, -0.7049, -0.8391, -0.7407, -0.2447, -0.6470, 0.0546, 0.2196|1102.4
25|0.9740, -0.8680, -1.0000, -0.8318, -0.2637, -0.3987, 0.3373, -0.1180|6060|0.7164, -0.7241, -0.9042, -0.7663, -0.2751, -0.6307, 0.0863, 0.2184|1231.0
26|0.5490, -0.8680, -0.9227, -0.6795, -0.0011, -0.9227, 0.1026, -0.1180|3680|0.7200, -0.7315, -0.8573, -0.7116, -0.2670, -0.5777, 0.1166, 0.1962|996.2
27|-0.7806, -0.8680, -0.9227, -0.5658, -0.0008, -1.0000, 0.8405, -0.5064|3840|0.7001, -0.7550, -0.8819, -0.7254, -0.2627, -0.5903, 0.0492, 0.1727|1170.6
28|0.5721, -1.0000, -0.8857, -0.8318, -0.0014, -0.4818, 0.1182, 0.3780|3900|0.7302, -0.7779, -0.8758, -0.7253, -0.2435, -0.6851, 0.0508, 0.1925|1297.2
29|0.5254, -0.9184, -1.0000, -0.6245, -0.5365, -0.7662, -0.5318, 0.2014|4660|0.7264, -0.7471, -0.8922, -0.7027, -0.2536, -0.6715, -0.0110, 0.1978|1097.6
30|0.7737, -0.9184, -1.0000, -0.7543, -0.3480, -0.7617, -0.5318, 0.2014|4600|0.6082, -0.7028, -0.9227, -0.7389, -0.2258, -0.6698, 0.0369, 0.1748|1179.2
31|0.5490, -1.0000, -1.0000, -0.7996, -0.4867, -0.8342, 0.1182, -0.1180|4040|0.6719, -0.7063, -0.8843, -0.7738, -0.2142, -0.7354, 0.0461, 0.2110|1240.8
32|0.3952, -1.0000, -0.7180, -0.7214, -0.0006, -0.4818, 0.1182, 0.2427|4100|0.7343, -0.7163, -0.8836, -0.7713, -0.2380, -0.7674, 0.0357, 0.2131|1094.8
