1|1.0000, -0.2862, -0.9645, -0.1922, -0.1232, 0.1552, -0.1088, -0.1285|3760|0.0315, -0.1814, -0.2641, -0.2012, 0.0030, 0.0124, 0.1291, -0.0709|190.0
2|1.0000, -0.2862, -0.9645, -0.1922, -0.1232, 0.1552, -0.1088, -0.1285|3000|0.0138, -0.1791, -0.3306, -0.3598, 0.0444, 0.0106, 0.1653, 0.0026|217.8
3|0.3642, -0.8073, -0.7765, -1.0000, -0.7831, -0.0380, 0.7998, 0.3629|2260|0.0886, -0.2716, -0.3960, -0.4403, -0.1449, 0.0417, 0.1244, -0.0046|291.4
4|1.0000, -0.2862, -0.8924, -1.0000, 0.0190, 0.8709, 0.3675, 0.3300|3180|0.1973, -0.3907, -0.4939, -0.6022, -0.2590, -0.0003, 0.1955, 0.0323|463.6
5|1.0000, -0.2862, -0.9645, -0.1922, 0.0190, 0.1552, 0.3675, 0.3300|3560|0.2649, -0.4427, -0.5774, -0.6547, -0.2847, 0.0379, 0.3322, 0.1255|571.0
6|0.8183, -0.3212, -0.9645, -0.1922, -0.1232, 0.1552, -0.1088, -0.1285|3360|0.4054, -0.3539, -0.5662, -0.5372, -0.3165, 0.0277, -0.2532, 0.1789|486.6
7|-0.0145, -0.5181, -1.0000, -1.0000, -0.1232, 0.4785, -1.0000, -0.1285|3140|0.3978, -0.3867, -0.5225, -0.5838, -0.2752, -0.0433, -0.2239, 0.1153|505.4
8|1.0000, -0.5759, -0.5540, -1.0000, -0.5047, 0.1552, -0.1088, 0.3300|2140|0.4435, -0.3645, -0.5315, -0.5546, -0.2829, -0.0848, 0.0203, 0.1408|572.4
9|0.3389, -0.2080, -1.0000, -0.4242, -0.6752, 0.0711, -0.4201, 0.3259|2720|0.5770, -0.3724, -0.5351, -0.6002, -0.3352, -0.1198, -0.0383, 0.1787|605.4
10|1.0000, -0.2862, -0.8924, -0.4358, -0.5026, 0.0242, 0.1622, 0.2008|3100|0.5588, -0.3469, -0.5678, -0.5935, -0.3604, -0.1550, 0.0982, 0.2144|698.8
11|1.0000, -0.8544, -0.2073, -0.3466, -0.5047, -0.3633, -0.1088, 0.3898|11940|0.5903, -0.3043, -0.6264, -0.6795, -0.3963, -0.1303, 0.0451, 0.2822|1039.4
12|1.0000, -0.8544, -0.2073, -0.3466, -0.5047, -0.3633, -0.1088, 0.3898|3880|0.6231, -0.3497, -0.4823, -0.5867, -0.3991, -0.0244, 0.0180, 0.2968|664.4
13|1.0000, -0.7685, -1.0000, -0.1231, -0.5026, -0.3633, -0.4201, -0.1630|3660|0.7619, -0.3793, -0.5655, -0.6449, -0.2917, -0.1297, 0.0326, 0.2497|888.0
14|1.0000, -0.7685, -1.0000, -0.4242, -0.0110, -0.0184, 0.1993, 0.4562|4260|0.7741, -0.4049, -0.5200, -0.5948, -0.3343, -0.0729, 0.0566, 0.2198|736.6
15|0.5540, -0.9574, -1.0000, -0.4883, -0.5632, 0.0272, -0.4707, 0.4367|5400|0.5969, -0.5358, -0.6135, -0.6629, -0.3635, -0.0868, -0.0184, 0.2482|827.6
16|0.5488, -1.0000, -0.1267, -0.4394, -0.0060, 0.0133, -0.1370, 0.2504|10200|0.7693, -0.4942, -0.6291, -0.7139, -0.3376, -0.1513, -0.0500, 0.2620|1150.2
17|0.5488, -1.0000, -0.1267, -0.4394, -0.0060, 0.0133, -0.1370, 0.2504|7680|0.7349, -0.5820, -0.6513, -0.7176, -0.3586, -0.0882, -0.0531, 0.2373|1176.2
18|0.5488, -1.0000, -0.1267, -0.4394, -0.0060, 0.0133, -0.1370, 0.2504|20480|0.5964, -0.6136, -0.6446, -0.5878, -0.3149, -0.0336, -0.0843, 0.2582|1191.4
19|1.0000, -0.7685, -1.0000, -0.4242, -0.0110, -0.0184, 0.1993, 0.4562|10600|0.8301, -0.6339, -0.5518, -0.6547, -0.3943, 0.0140, -0.0127, 0.1868|1166.0
20|1.0000, -0.9519, -1.0000, -0.4242, -0.0110, -0.0184, 0.0031, 0.3898|9880|0.7956, -0.6129, -0.5975, -0.7036, -0.3301, 0.0010, -0.0046, 0.2374|1065.8
21|0.5488, -1.0000, -0.1267, -0.4394, -0.0060, 0.0133, -0.1370, 0.2504|16080|0.8597, -0.6377, -0.6349, -0.6945, -0.2788, -0.0396, -0.0275, 0.2419|1276.4
22|0.5488, -1.0000, -0.1267, -0.4394, -0.0060, 0.0133, -0.1370, 0.2504|8840|0.8901, -0.6164, -0.6249, -0.7158, -0.2803, -0.0279, -0.0367, 0.2898|1231.0
23|0.7431, -1.0000, -0.5810, -0.3152, 0.0091, -0.0137, 0.1481, 0.3390|18860|0.8624, -0.4723, -0.6107, -0.6761, -0.2485, -0.0264, -0.0082, 0.2893|1628.6
24|0.3960, -1.0000, -0.1267, -0.4394, -0.0060, 0.0133, -0.1370, 0.4622|11320|0.8836, -0.3732, -0.6678, -0.6240, -0.1732, -0.0749, -0.0059, 0.2795|1292.6
25|0.7431, -1.0000, -0.5810, -0.3152, 0.0091, 0.0213, 0.1481, 0.3390|12480|0.9081, -0.5383, -0.4289, -0.6063, -0.1905, -0.0880, 0.0077, 0.2365|1420.2
26|0.7431, -1.0000, -0.5810, -0.3152, 0.0091, 0.0213, 0.1481, 0.3390|8360|0.8563, -0.4414, -0.4335, -0.5778, -0.2133, -0.0277, 0.0079, 0.2325|1424.4
27|1.0000, -1.0000, -0.0535, -0.4394, -0.0060, -0.0093, 0.0194, 0.2300|6520|0.8125, -0.4294, -0.5478, -0.5266, -0.2011, -0.0450, 0.0302, 0.1959|1384.6
28|1.0000, -1.0000, -0.0535, -0.4394, -0.0060, -0.0093, 0.0194, 0.2300|9320|0.9200, -0.6103, -0.5247, -0.5117, -0.1966, -0.0617, 0.0874, 0.1391|1485.6
29|1.0000, -1.0000, -0.5540, -0.4394, -0.0060, 0.0133, 0.0194, 0.4622|17580|0.9315, -0.7058, -0.4947, -0.4698, -0.1601, -0.0777, 0.0819, 0.1685|2174.2
30|0.9287, -0.9964, -0.0535, -0.4394, -0.0060, -0.0093, 0.0194, 0.2300|10620|0.9130, -0.7751, -0.5682, -0.5138, -0.1213, -0.0698, 0.1063, 0.1657|2125.4
31|1.0000, -0.6558, -0.0535, -0.2077, -0.0060, -0.0093, 0.0194, 0.2300|31940|0.9720, -0.8462, -0.5589, -0.5332, -0.0980, -0.0605, 0.0198, 0.2030|3280.6
32|0.6092, -1.0000, -0.0772, -0.2677, -0.0037, 0.0081, -0.0506, 0.2816|89100|0.9145, -0.9365, -0.3553, -0.4342, -0.0802, -0.0381, 0.0076, 0.2489|5285.2
