1|1.0000, -0.0429, -0.3316, -0.4905, -0.3344, -0.7221, -0.7221, -0.2160|800|-0.0345, 0.0392, -0.0386, -0.0688, -0.0089, -0.1226, -0.0245, -0.0650|74.6
2|0.0551, -0.4763, -0.6636, -0.1861, -0.5654, -0.5177, -0.6450, 0.4058|1540|0.1632, 0.0890, -0.2027, -0.3303, -0.0477, -0.1208, -0.1208, -0.1465|137.2
3|0.9796, -0.6803, -0.9042, -1.0000, -0.1293, 0.6772, -0.4605, -0.5203|880|0.1583, 0.1063, -0.2466, -0.4198, -0.1339, -0.2389, -0.1669, -0.1642|153.0
4|0.9796, -0.6803, -0.9042, -1.0000, -0.1293, 0.6772, -0.2115, -0.5203|1540|0.2483, -0.0244, -0.2940, -0.6335, -0.2475, -0.3812, -0.1013, -0.3044|238.2
5|-0.2053, -0.6955, -0.6636, -0.6656, -0.8182, -0.3759, 0.9833, -0.0857|1760|0.1938, -0.0469, -0.3743, -0.7255, -0.3672, -0.4533, 0.0698, -0.2948|355.4
6|0.7349, -1.0000, -0.3076, -0.7957, 0.3239, -0.1099, 0.7824, -0.0682|1760|0.2895, -0.1649, -0.4482, -0.7803, -0.4931, -0.4042, 0.1554, -0.3081|419.0
7|0.9236, -0.6803, -0.3866, -0.5100, -0.8004, -0.3677, 0.9618, -0.4824|2540|0.2665, -0.2194, -0.5201, -0.7724, -0.5499, -0.3781, 0.0799, -0.2889|510.4
8|0.9236, -0.7674, -0.0993, -0.5100, -0.7668, -0.3677, 0.0143, 0.3990|1880|0.3092, -0.3883, -0.5030, -0.7588, -0.5978, -0.3963, 0.0222, -0.2718|593.4
9|0.9236, -0.8014, -0.3866, -0.5100, -0.3344, 0.6772, 0.9618, -0.2160|2040|0.4432, -0.4746, -0.5240, -0.7333, -0.5265, -0.4899, -0.0768, -0.2794|588.0
10|0.9236, -0.7674, -0.9203, -0.7799, -0.7668, -0.5953, -0.7221, 0.4058|3480|0.6371, -0.5589, -0.4984, -0.7137, -0.5193, -0.3829, 0.0295, -0.2556|655.8
11|0.9236, -0.6955, -0.6636, -0.7799, -1.0000, -0.1381, -1.0000, 0.4058|3080|0.6915, -0.6105, -0.5137, -0.7175, -0.5094, -0.3797, -0.0859, -0.1945|840.6
12|0.9236, -0.7674, -0.3866, -0.7799, 0.3239, -0.1099, -0.0113, -0.6345|3120|0.6718, -0.7311, -0.5040, -0.6389, -0.4728, -0.4845, -0.1494, -0.1356|781.0
13|0.9236, -1.0000, -0.0993, -0.6708, 0.3239, -0.1099, 0.0143, 0.3990|2920|0.7009, -0.7007, -0.4518, -0.6914, -0.4580, -0.4673, -0.1381, -0.1525|805.4
14|1.0000, -0.8677, -0.6636, -0.7799, 0.5441, -0.3677, -0.2115, -0.0682|5240|0.7306, -0.7444, -0.4560, -0.6810, -0.3546, -0.4577, -0.1376, -0.1088|913.6
15|0.9236, -0.7674, -0.5566, -0.7799, -0.7668, -0.1099, -1.0000, 0.4058|4600|0.7934, -0.7142, -0.4372, -0.6615, -0.3030, -0.4014, -0.2052, -0.0441|1042.8
16|0.9236, -0.7674, -0.3866, -0.7799, 0.3239, -0.1099, -0.0113, 0.4058|4460|0.8487, -0.7087, -0.5030, -0.6180, -0.2413, -0.4080, -0.1968, -0.0381|1122.2
17|0.9236, -0.7674, -0.4533, -0.6708, 0.3239, -0.3677, 0.0143, 0.3652|5120|0.8794, -0.7716, -0.5426, -0.6038, -0.1878, -0.3363, -0.2006, 0.0076|1106.0
18|0.9236, -0.7674, -0.4533, -0.6708, 0.3239, -0.3677, -0.0122, 0.3652|5700|0.9290, -0.7863, -0.5087, -0.6274, -0.2219, -0.2943, -0.1825, 0.0648|1323.2
19|0.9236, -1.0000, -0.1831, -0.5275, 0.3239, -0.1190, 0.0143, 0.3990|9460|0.9351, -0.8284, -0.5473, -0.5972, -0.1224, -0.2330, -0.1305, 0.1331|1713.6
20|1.0000, -1.0000, -0.4186, -0.5883, -0.1588, -0.1190, -0.0122, 0.3990|7100|0.9232, -0.8537, -0.4857, -0.5886, -0.0593, -0.2115, -0.1184, 0.1832|1567.4
21|0.9236, -1.0000, -0.5566, -0.5100, 0.3239, -0.1190, 0.0143, 0.4058|12860|0.8857, -0.7564, -0.4564, -0.5497, -0.0970, -0.1792, -0.0694, 0.2129|1724.0
22|1.0000, -0.8253, -0.3457, -0.2936, -0.1588, -0.1288, -0.2290, -0.0857|11600|0.9284, -0.8875, -0.4017, -0.5700, -0.0053, -0.1801, -0.0511, 0.2315|1818.0
23|1.0000, -1.0000, -0.4186, -0.5275, -0.1173, -0.1190, -0.0122, 0.3990|7760|0.9345, -0.9192, -0.3990, -0.5875, -0.0088, -0.1560, -0.0586, 0.2454|2082.6
24|0.9236, -1.0000, -0.4533, -0.8444, -0.2036, -0.0433, 0.0143, 0.3321|7680|0.9314, -0.9272, -0.4120, -0.5760, 0.0151, -0.1329, -0.0261, 0.2573|2241.8
25|1.0000, -0.8677, -0.4711, -0.5100, -0.1085, -0.0293, 0.0143, -0.0609|11300|0.8245, -0.9285, -0.3826, -0.5601, -0.0298, -0.1243, -0.0275, 0.2521|2265.8
26|0.3342, -1.0000, -0.1292, -0.1763, -0.0531, -0.0398, -0.0041, -0.0204|42440|0.9115, -0.9294, -0.3876, -0.5111, -0.0490, -0.1162, -0.0269, 0.2497|3199.6
27|0.9236, -1.0000, -0.1831, -0.5883, 0.3434, -0.1099, -0.0122, 0.4394|12360|0.8730, -0.9465, -0.3666, -0.4880, -0.0808, -0.1200, -0.0431, 0.2642|2628.6
28|0.9197, -1.0000, -0.1831, -0.2725, -0.1473, -0.1099, -0.2125, 0.3703|18800|0.9143, -0.9673, -0.3454, -0.4906, -0.0448, -0.0852, -0.0412, 0.2182|3315.4
29|0.9197, -1.0000, -0.3208, -0.2725, -0.1473, -0.1020, -0.2125, 0.1183|23700|0.9024, -0.9740, -0.3486, -0.4814, -0.0435, -0.0524, -0.0372, 0.2177|3889.6
30|0.3342, -0.8677, -0.1292, -0.2725, -0.1473, 0.0062, 0.0006, -0.0204|38100|0.8611, -0.9403, -0.3486, -0.4475, -0.0428, -0.0400, -0.0274, 0.2070|3497.8
31|1.0000, -0.8677, -0.4186, -0.1763, -0.0531, 0.1702, 0.0163, 0.3804|23300|0.8811, -0.9642, -0.3443, -0.4126, -0.0447, -0.0251, -0.0189, 0.2169|4071.2
32|0.3342, -1.0000, -0.4532, -0.1763, -0.0531, 0.0074, 0.0006, -0.0204|23620|0.8793, -0.9217, -0.3388, -0.2914, -0.0875, -0.0100, -0.0234, 0.1966|4084.8
