1|0.5505, -0.8621, -0.8867, -0.5944, -0.3595, 0.0253, 1.0000, -0.3617|1120|-0.0098, -0.0873, -0.0870, -0.0891, 0.0241, -0.0666, 0.0483, -0.1183|77.8
2|0.8147, -1.0000, -0.3917, -1.0000, -0.0394, 0.1585, 0.6045, 0.0853|2060|0.0046, -0.1712, -0.2277, -0.2888, -0.0410, -0.1445, 0.1855, -0.0259|166.0
3|0.5505, -0.8621, -0.8867, -0.5944, -0.3595, 0.0253, 1.0000, -0.3617|1920|0.0720, -0.2567, -0.4085, -0.3936, -0.1675, -0.2076, 0.2379, 0.0109|293.6
4|0.4575, -0.8990, -0.9350, -0.8592, -0.3595, 0.0253, 1.0000, 0.1451|3340|0.1735, -0.4013, -0.5469, -0.5352, -0.2166, -0.2296, 0.2509, 0.0096|532.8
5|0.4575, -0.8990, -0.9350, -0.8592, -0.3595, 0.0253, 1.0000, 0.1451|3260|0.2739, -0.5364, -0.6102, -0.7122, -0.1827, -0.2465, 0.2071, -0.0616|565.6
6|0.8147, -0.9958, -1.0000, -1.0000, -0.2399, -0.7415, 0.0155, -0.2503|4620|0.2929, -0.6840, -0.5533, -0.8094, -0.1752, -0.2542, 0.1769, 0.0070|605.2
7|0.5505, -1.0000, -0.9350, -0.5944, -0.4663, -0.5831, 1.0000, 0.0712|6180|0.4904, -0.7144, -0.4920, -0.7846, -0.2302, -0.1789, 0.1334, 0.0283|889.4
8|0.5505, -1.0000, -0.8867, -0.5944, -0.4663, -0.0046, 1.0000, 0.1451|4180|0.5607, -0.8353, -0.5434, -0.7955, -0.2928, -0.2163, 0.2502, 0.0331|960.4
9|1.0000, -1.0000, -0.6180, -0.4515, -0.5228, 0.1590, -0.3229, 0.1451|7720|0.6742, -0.8934, -0.5627, -0.7515, -0.3304, -0.3321, 0.3312, 0.0336|1181.0
10|0.0623, -0.8621, -0.8006, -0.8310, -0.5211, -0.1668, 0.3722, 0.0609|3360|0.6502, -0.9162, -0.5997, -0.7089, -0.2889, -0.4131, 0.3590, 0.0767|1087.4
11|0.5505, -0.9337, -0.9350, -0.5944, -0.1484, -0.0046, -0.1272, 0.4141|6680|0.7188, -0.9385, -0.6467, -0.6889, -0.2567, -0.5145, 0.3511, 0.0295|1264.8
12|0.5505, -1.0000, -0.9350, -0.8863, -0.1938, -0.0046, -0.4460, 0.4676|4640|0.6720, -0.9398, -0.6179, -0.6729, -0.2661, -0.3925, 0.2823, 0.0733|1085.4
13|0.5505, -1.0000, -0.9350, -0.5634, -0.5211, -0.8702, 0.0885, 0.4676|4400|0.6404, -0.9554, -0.6424, -0.6636, -0.2390, -0.4659, 0.3203, 0.0810|1161.8
14|0.5505, -1.0000, -0.5310, -0.3105, -0.0990, -0.1668, -0.1272, -0.0373|13520|0.6601, -0.9580, -0.6674, -0.6737, -0.2527, -0.4464, 0.2550, 0.1650|1373.4
15|0.5016, -1.0000, -0.6915, -0.3519, -0.3653, 0.0045, 0.0654, 0.1379|4340|0.6514, -0.9671, -0.7390, -0.7051, -0.2764, -0.4035, 0.2095, 0.1544|1327.2
16|0.5768, -1.0000, -0.8867, -0.5944, -0.0987, -0.6901, -0.4460, -0.0373|6200|0.6304, -0.9136, -0.7539, -0.7061, -0.2818, -0.3731, 0.1709, 0.1693|1453.0
17|0.5016, -1.0000, -0.6915, -0.3519, -0.3653, -0.5831, 0.3722, 0.1212|5380|0.6363, -0.9319, -0.6968, -0.6935, -0.2949, -0.3284, 0.1233, 0.1806|1383.8
18|0.8356, -1.0000, -0.5310, -0.4527, 0.1783, 0.0061, 0.0885, -0.0015|7380|0.6539, -0.8995, -0.6885, -0.6593, -0.2823, -0.3152, 0.1329, 0.1614|1400.2
19|0.5505, -1.0000, -0.8867, -0.9359, -0.4663, -0.0050, 0.3110, -0.0015|4900|0.6239, -0.9287, -0.7180, -0.6110, -0.2325, -0.3014, 0.0928, 0.1499|1437.8
20|0.2991, -1.0000, -0.5433, -0.9359, 0.1783, 0.0061, 0.3722, 0.1864|6960|0.6166, -0.9630, -0.7210, -0.5992, -0.2517, -0.3013, 0.1013, 0.1631|1736.0
21|0.5016, -1.0000, -0.3178, -0.3105, 0.1783, -0.0050, 0.3722, 0.1212|9740|0.6090, -0.9621, -0.6691, -0.5900, -0.2576, -0.3219, 0.1035, 0.1699|1744.4
22|0.8356, -1.0000, -0.8867, -0.3785, -0.0987, -0.0046, 0.0584, -0.0015|12260|0.6373, -0.9795, -0.6906, -0.5827, -0.2790, -0.2834, 0.1311, 0.1377|1730.6
23|0.5016, -1.0000, -0.3345, -0.3105, -0.2409, -0.5831, 0.0885, 0.4676|6580|0.6187, -0.9910, -0.7073, -0.5421, -0.2652, -0.2524, 0.1107, 0.1606|1840.8
24|0.5016, -1.0000, -0.3345, -0.3105, -0.1279, -0.0046, 0.0885, 0.4141|9300|0.5571, -0.9684, -0.6554, -0.5183, -0.2617, -0.2709, 0.0465, 0.1778|1961.4
25|0.5505, -1.0000, -0.0849, -0.3519, 0.1783, -0.0046, 0.0885, 0.4141|9280|0.5747, -0.9835, -0.6393, -0.5201, -0.2520, -0.2667, 0.0202, 0.2117|1944.0
26|0.6450, -1.0000, -0.4003, -0.3105, 0.1427, -0.0046, -0.1522, 0.1451|12180|0.5444, -0.9692, -0.6145, -0.4596, -0.2159, -0.2001, 0.0401, 0.2228|2152.0
27|0.5505, -1.0000, -0.0849, -0.3519, -0.2117, -0.0046, 0.0885, 0.4141|14380|0.5118, -0.9283, -0.5720, -0.4575, -0.2009, -0.1883, 0.0470, 0.2259|1921.8
28|0.5505, -1.0000, -0.6915, -0.4527, 0.1783, -0.0046, 0.0751, 0.4676|8700|0.5359, -0.9875, -0.5891, -0.4452, -0.2148, -0.1692, 0.0295, 0.2542|2187.6
29|0.5505, -1.0000, -0.6915, -0.3519, 0.1783, -0.0046, 0.0885, 0.4676|15780|0.5643, -0.9856, -0.5791, -0.4339, -0.2207, -0.1577, 0.0114, 0.2323|2411.8
30|0.5016, -1.0000, -0.0849, -0.4527, 0.1783, -0.0046, 0.0595, 0.4141|12020|0.5811, -0.9980, -0.5581, -0.4556, -0.1713, -0.1459, 0.0211, 0.2180|2602.8
31|0.5505, -1.0000, -0.3345, -0.3105, -0.1212, -0.0884, 0.0595, 0.1212|22600|0.6178, -0.9844, -0.5570, -0.4545, -0.1464, -0.0945, 0.0483, 0.1938|2937.2
32|0.8356, -1.0000, -0.3345, -0.3785, -0.2117, -0.0884, 0.0751, 0.4676|12740|0.6190, -0.9700, -0.5560, -0.4572, -0.1333, -0.0794, 0.0525, 0.1883|3079.0
