1|0.5561, -0.0976, -0.6024, -1.0000, -0.4992, -0.1163, 0.2007, 0.5379|2040|0.0341, 0.0411, -0.1482, -0.1891, -0.0880, 0.0223, 0.0359, -0.0855|115.8
2|0.7370, 0.1378, -0.9613, -1.0000, -0.1822, 0.3521, -0.9602, -0.4941|1080|0.1379, 0.0304, -0.1351, -0.4172, -0.1975, -0.0616, 0.1302, 0.0030|105.2
3|-0.1060, -1.0000, -0.2209, -0.5015, -0.3995, -0.6602, 0.3944, 0.2931|2660|0.2436, -0.0162, -0.2311, -0.4968, -0.2272, -0.1682, 0.0306, 0.0647|213.8
4|-0.1060, -1.0000, -0.2209, -0.5015, -0.3995, -0.6602, 0.3944, 0.2931|1400|0.0173, -0.0674, -0.3684, -0.5230, -0.3198, -0.0861, 0.0111, -0.0274|218.6
5|-0.1060, -1.0000, -0.2209, -0.5015, -0.3995, -0.2558, 0.3944, 0.2931|2020|0.0615, -0.0664, -0.4041, -0.5752, -0.4352, -0.1171, -0.0201, -0.0529|296.6
6|0.7478, -0.5689, -1.0000, -0.8441, -1.0000, 0.3295, 0.9902, -0.1604|2120|0.1739, -0.0355, -0.4726, -0.6697, -0.4167, 0.0538, 0.0347, -0.0586|378.6
7|0.1195, -0.6283, -0.7117, -1.0000, 0.4737, 0.0163, -0.3713, 0.0053|2140|0.2380, -0.0285, -0.5032, -0.7278, -0.4488, -0.0544, 0.0921, -0.0063|359.6
8|0.7478, -1.0000, -1.0000, -0.8441, -1.0000, 0.3295, -0.0039, -0.1604|3380|0.2082, -0.0936, -0.3960, -0.6919, -0.4292, -0.1378, 0.2070, 0.0087|443.6
9|0.0317, -0.5689, -0.9142, -0.7391, -0.4992, -0.2955, 0.2857, 0.7657|2180|0.3367, -0.1569, -0.2479, -0.6947, -0.3405, -0.1798, 0.0208, 0.0460|331.4
10|0.7478, -0.0014, -1.0000, -0.8441, -0.4918, -0.5800, 0.2857, 1.0000|3100|0.3035, -0.2632, -0.5054, -0.5922, -0.3168, -0.2022, 0.0740, 0.1828|476.6
11|0.9236, -0.2491, -1.0000, -0.4214, -0.6461, -0.5800, -0.0039, -0.1604|3280|0.3031, -0.3285, -0.4741, -0.6962, -0.3626, -0.2983, 0.0808, -0.0236|547.4
12|0.8174, -1.0000, -0.6039, -1.0000, 0.0367, -0.1686, 0.3944, 0.2931|3700|0.3226, -0.3111, -0.4361, -0.5849, -0.3101, -0.2728, 0.1324, -0.1011|622.0
13|0.8174, -1.0000, -0.3356, -0.7259, 0.0367, 0.1085, 0.3944, 0.2931|3760|0.2394, -0.3287, -0.4649, -0.5832, -0.2585, -0.2910, 0.1458, -0.0696|591.0
14|0.9068, -1.0000, -0.4252, -0.5770, 0.4407, -0.2955, -0.0039, 0.1743|3480|0.1994, -0.4495, -0.4763, -0.5319, -0.1427, -0.2893, 0.2285, -0.2154|469.4
15|0.4793, -0.2825, -0.4791, -1.0000, -0.5358, -0.0787, -0.0345, 1.0000|3600|0.2989, -0.3886, -0.4798, -0.6573, -0.0555, -0.2214, 0.1798, -0.1975|570.8
16|0.5637, -1.0000, -0.8771, -0.8007, 0.0367, 0.2016, 0.3460, 0.0002|4200|0.3596, -0.3377, -0.3554, -0.7359, -0.1029, -0.1824, 0.1551, -0.0824|562.2
17|0.4766, -0.7565, -0.4928, -0.5465, 0.0326, -0.1468, 0.2043, 0.1007|6400|0.4849, -0.3321, -0.4131, -0.7660, -0.0679, -0.1818, 0.1093, -0.0857|767.8
18|-0.0864, -1.0000, -0.9116, -0.9116, -0.2895, 0.0030, -0.3356, -0.0813|6000|0.5181, -0.4346, -0.4701, -0.7088, -0.0397, -0.1137, 0.1320, -0.0282|845.2
19|0.4797, -1.0000, -0.5721, -0.2645, 0.2266, -0.1316, -0.1746, -0.0002|6580|0.4328, -0.4700, -0.4878, -0.6090, 0.0096, -0.1008, 0.0214, 0.0016|744.8
20|0.5427, -1.0000, -1.0000, -0.7595, 0.0589, -0.1225, -0.0200, 0.4627|6180|0.4547, -0.3870, -0.6334, -0.6670, 0.0230, -0.0927, 0.0158, -0.0055|736.8
21|0.4793, -0.6302, -1.0000, -0.7595, 0.0367, -0.1225, -0.0200, 0.0002|4340|0.5265, -0.4553, -0.6048, -0.7347, -0.0702, -0.0672, -0.0588, 0.0033|932.8
22|1.0000, -0.8606, -0.6641, -0.6063, 0.0278, -0.0061, -0.1880, 0.0554|4260|0.4459, -0.4201, -0.6715, -0.6816, -0.0375, -0.0782, -0.1009, 0.0213|768.6
23|0.2896, -1.0000, -0.1155, -0.5646, -0.6109, 0.0396, -0.3681, 0.0554|4760|0.5273, -0.4556, -0.5591, -0.7233, -0.0289, -0.0611, -0.0385, 0.0339|866.4
24|1.0000, -0.8606, -1.0000, -0.7259, 0.2088, -0.0061, -0.1626, 0.0129|6360|0.5829, -0.5239, -0.6222, -0.5917, -0.0706, -0.0575, -0.0584, 0.0260|897.2
25|0.5608, -1.0000, -0.7357, -0.7595, 0.1176, -0.0420, -0.2830, 0.0002|6360|0.5431, -0.5222, -0.6831, -0.5754, -0.0724, -0.0809, -0.1325, 0.0277|870.0
26|0.7313, -1.0000, -0.4857, -0.4434, 0.0203, -0.0813, 0.1817, 0.0405|8480|0.5263, -0.6525, -0.6338, -0.7131, -0.0814, -0.0821, -0.1022, 0.0188|1153.4
27|1.0000, -0.7572, -0.3877, -0.6063, 0.3431, 0.1542, 0.7718, -0.0002|5380|0.4211, -0.6374, -0.6606, -0.6501, -0.0475, -0.0587, -0.0066, 0.0149|902.6
28|0.7278, -1.0000, -0.4857, -0.4434, 0.0203, -0.0613, -0.1325, -0.0859|5460|0.5394, -0.6637, -0.5161, -0.7141, -0.0811, -0.0658, -0.0563, 0.0082|1108.6
29|0.8073, -1.0000, -0.4791, -0.6063, 0.0289, -0.0380, 0.1060, -0.0726|9740|0.6234, -0.6784, -0.6447, -0.6539, -0.0129, -0.0811, -0.0056, 0.0134|1107.0
30|0.7278, -1.0000, -1.0000, -0.4434, -0.2101, -0.1493, -0.1325, 0.0729|8740|0.5955, -0.6950, -0.6386, -0.6323, 0.0068, -0.0828, -0.0580, 0.0025|1084.6
31|0.7278, -1.0000, -1.0000, -0.4434, -0.2101, -0.1493, -0.1325, 0.0729|7460|0.5591, -0.7348, -0.6767, -0.6429, 0.0186, -0.0815, -0.1115, 0.0045|1182.0
32|1.0000, -0.6035, -0.5852, -0.3407, 0.0278, -0.0423, -0.1626, -0.0354|8760|0.5806, -0.7596, -0.5937, -0.6816, 0.0257, -0.0809, -0.0565, 0.0004|1222.4
