1|0.7008, -0.4638, -0.5527, -0.0524, -0.3119, -1.0000, -0.4500, -0.9489|920|-0.0650, -0.2324, -0.0642, -0.2738, -0.0784, -0.0776, -0.1855, -0.0448|120.8
2|0.4061, -0.4091, -0.2133, -0.0524, -0.3119, -1.0000, -0.0366, -0.4985|1340|-0.0369, -0.2101, -0.1442, -0.3343, -0.1938, -0.1524, -0.2143, -0.0904|143.8
3|-1.0000, -0.9246, -0.6487, -0.5503, -0.3862, -0.5421, 0.1471, -0.0441|1400|-0.0276, -0.3013, -0.1282, -0.4710, -0.3412, -0.2026, -0.2504, 0.0358|197.2
4|0.3513, -0.9625, -0.2172, -0.4258, -1.0000, -0.2746, 0.0680, 0.9931|2080|0.0276, -0.3535, -0.1540, -0.5509, -0.3545, -0.2538, -0.2353, 0.0770|283.6
5|0.0017, -0.4091, -0.8526, -0.5325, -1.0000, -1.0000, -0.0366, 0.6541|2380|0.0517, -0.3285, -0.2437, -0.6918, -0.5301, -0.2538, -0.1524, 0.2009|349.2
6|0.3484, -0.6272, -0.8505, -0.9918, -0.3830, 1.0000, 0.1459, -0.0438|2840|0.1255, -0.3750, -0.2408, -0.5856, -0.5023, -0.4020, -0.2464, 0.2108|443.0
7|0.3537, -0.9692, -0.2187, -0.6028, -0.9710, -0.2766, 0.1715, -1.0000|1220|0.2228, -0.2558, -0.2727, -0.5950, -0.5115, -0.3579, -0.1648, 0.2924|323.8
8|-0.5112, -0.8793, -0.7566, -0.7715, 0.1112, -0.5123, 0.0680, 0.7627|3020|0.1851, -0.5096, -0.2373, -0.5629, -0.4955, -0.4986, -0.1308, 0.3098|436.0
9|0.3011, -1.0000, -0.0841, -0.5831, -0.6030, -0.2407, -0.4921, 0.4623|2180|0.2801, -0.4837, -0.2995, -0.6326, -0.4437, -0.4645, -0.1593, 0.2761|490.0
10|0.5117, -1.0000, -0.0810, -0.3097, -0.2246, -0.2089, -0.0517, 0.5382|12160|0.2825, -0.5742, -0.2827, -0.6956, -0.3899, -0.4797, -0.1888, 0.3120|634.4
11|0.3011, -0.8793, -0.7033, -0.5325, -0.1801, -0.2407, 0.0680, 0.5382|4020|0.3011, -0.5636, -0.3722, -0.6293, -0.2813, -0.6360, -0.1353, 0.2659|627.4
12|0.5117, -1.0000, -0.0810, -0.3097, -0.2246, -0.2089, -0.0517, 0.5382|6660|0.2478, -0.5689, -0.4266, -0.5533, -0.2923, -0.5791, -0.1476, 0.2273|642.0
13|1.0000, -0.3721, -0.4212, -0.4911, 0.1172, -0.1864, -0.0650, 0.0120|4100|0.3032, -0.5418, -0.4269, -0.6188, -0.3136, -0.6254, -0.0802, 0.3204|680.0
14|0.2750, -1.0000, -0.0613, -0.2994, 0.0714, 0.1643, -0.0397, 0.2818|13640|0.2994, -0.5342, -0.4085, -0.6059, -0.3012, -0.5123, 0.0922, 0.4649|874.6
15|0.2750, -1.0000, -0.0613, -0.2994, 0.0714, 0.1643, -0.0397, 0.2818|3820|0.3053, -0.4867, -0.4865, -0.6294, -0.3311, -0.4451, 0.0344, 0.4476|767.4
16|1.0000, -0.7859, -0.8747, -0.5910, -0.2282, -0.3794, 0.0869, -0.9630|3220|0.3870, -0.5466, -0.4795, -0.6574, -0.3409, -0.4163, 0.0038, 0.4319|788.4
17|0.5117, -1.0000, -0.8505, -0.6690, -0.2246, 0.0025, 0.1459, 0.4641|9160|0.3931, -0.6286, -0.4960, -0.5826, -0.3684, -0.3722, -0.0268, 0.4669|928.6
18|-0.1160, -0.5260, -1.0000, -0.3998, 0.0954, 0.1541, 0.1715, 0.0108|2700|0.3924, -0.6845, -0.4115, -0.5889, -0.2919, -0.3707, -0.0425, 0.4837|714.6
19|-0.1160, -0.5260, -1.0000, -0.3998, 0.0954, 0.1541, 0.1715, 0.0108|5960|0.4450, -0.6864, -0.5410, -0.7500, -0.3507, -0.2721, -0.0462, 0.3193|1064.6
20|-0.1238, -1.0000, -0.4985, -0.5910, -1.0000, 0.1541, 0.0396, 0.0108|3260|0.4187, -0.5998, -0.6759, -0.7395, -0.3078, -0.2160, -0.0834, 0.3962|823.2
21|0.8707, -1.0000, -0.4340, -0.5146, -0.1956, 0.0022, 0.0344, 0.4041|7440|0.4007, -0.6644, -0.6272, -0.7164, -0.3028, -0.2117, -0.1002, 0.4084|865.4
22|0.3073, -1.0000, -0.8505, -0.4258, 0.0714, 0.1643, 0.0855, 0.7278|7720|0.4178, -0.6668, -0.5770, -0.7042, -0.2191, -0.1899, -0.1445, 0.3783|1126.6
23|0.2857, -1.0000, -0.1139, -0.4258, 0.0714, 0.1707, 0.0855, 0.5122|10540|0.4733, -0.7505, -0.5783, -0.7134, -0.1902, -0.1962, -0.1425, 0.3697|1371.4
24|0.2857, -1.0000, -0.1139, -0.4258, 0.0714, -0.0780, 0.0855, 0.5122|11800|0.4807, -0.8569, -0.5855, -0.6427, -0.1283, -0.1469, -0.1311, 0.3055|1244.2
25|1.0000, -1.0000, -0.4212, -0.4258, -0.0340, 0.1286, 0.0855, 0.2962|22180|0.4574, -0.7788, -0.5316, -0.6188, -0.1534, -0.1505, -0.1318, 0.2710|1472.4
26|0.5912, -1.0000, -0.4988, -0.4258, 0.0714, 0.1286, 0.0855, 0.4641|15760|0.5690, -0.8644, -0.5641, -0.6326, -0.0986, -0.0971, -0.1181, 0.2197|2111.6
27|0.5912, -1.0000, -0.4212, -0.4258, 0.0714, 0.1286, 0.1401, 0.4641|11140|0.5274, -0.8901, -0.6072, -0.5924, -0.0702, -0.1430, -0.0688, 0.1844|1708.8
28|1.0000, -1.0000, -0.4881, -0.4730, -0.0340, 0.1241, -0.0130, 0.2722|24920|0.4780, -0.7936, -0.6154, -0.5460, -0.0410, -0.1507, -0.0599, 0.1914|1757.8
29|1.0000, -1.0000, -0.4881, -0.4730, -0.0340, 0.1241, -0.0130, 0.2722|22000|0.4308, -0.7669, -0.5772, -0.5484, -0.0207, -0.1418, -0.0008, 0.1869|1761.4
30|1.0000, -1.0000, -0.4212, -0.5910, 0.0426, -0.3544, -0.0972, 0.6004|7420|0.4673, -0.8881, -0.5907, -0.5371, -0.0083, -0.1244, -0.0383, 0.1913|1550.0
31|0.4530, -1.0000, -0.2782, -0.3124, 0.1034, -0.2506, 0.0331, 0.1798|16720|0.5199, -0.8709, -0.5344, -0.5385, 0.0060, -0.1024, -0.0333, 0.2001|2456.0
32|0.5912, -1.0000, -1.0000, -0.2998, 0.0714, 0.1286, 0.0112, 0.0955|16040|0.4144, -0.9382, -0.4927, -0.5435, -0.0040, -0.1258, -0.0430, 0.2966|2317.8
