1|0.4083, -1.0000, -0.2547, -0.4822, 0.5140, 0.2073, -0.1500, 0.1366|1800|-0.0405, -0.1445, -0.0819, -0.2350, -0.0859, 0.0587, -0.0283, 0.0548|149.8
2|0.1223, -1.0000, -0.2355, -0.3306, -0.2729, 0.1615, 0.0794, 0.7251|1400|0.0575, -0.3040, -0.0692, -0.3887, -0.0957, 0.0275, -0.0829, 0.0631|163.0
3|-0.0654, -0.8048, -0.8007, -1.0000, -0.3360, 0.1816, -0.2146, 0.0131|2580|0.1842, -0.3761, -0.1111, -0.3809, -0.0984, 0.0143, -0.1712, 0.0300|271.4
4|0.7523, -1.0000, -0.5528, -0.3525, -0.6114, 0.1615, -0.2764, 0.3355|3860|0.2456, -0.5716, -0.1408, -0.4879, -0.2371, -0.0708, -0.1404, 0.0389|476.2
5|1.0000, -1.0000, -0.5201, -0.4599, -0.0231, -0.0157, 0.0893, 0.2596|7640|0.3759, -0.5504, -0.2406, -0.5275, -0.3444, -0.0737, -0.0827, -0.0169|760.4
6|1.0000, -1.0000, -0.5201, -0.4599, -0.0231, -0.0157, 0.0893, 0.2596|5120|0.3907, -0.7691, -0.3418, -0.5294, -0.2203, -0.0975, -0.0570, 0.1114|971.6
7|0.7523, -0.4929, -0.2355, -0.0900, -0.2458, -0.1008, 0.0555, 0.0170|9160|0.3734, -0.7904, -0.3738, -0.4859, -0.2266, -0.1694, -0.0097, 0.0380|1292.4
8|1.0000, -1.0000, -0.5201, -0.1656, -0.0231, -0.0157, 0.0893, 0.2596|27860|0.2714, -0.8041, -0.3957, -0.4359, -0.1733, -0.1448, -0.0774, 0.0762|1701.8
9|0.1223, -1.0000, -0.5201, -0.1656, -0.0231, -0.0157, 0.0893, 0.2516|16320|0.3275, -0.8730, -0.3758, -0.3535, -0.1919, -0.1092, -0.0304, -0.0064|1625.0
10|0.1223, -1.0000, -0.2355, -0.1656, -0.0231, -0.0157, 0.0893, 0.2516|30900|0.3673, -0.8818, -0.3972, -0.3513, -0.1333, -0.1615, -0.0112, 0.0095|2523.0
11|0.1223, -1.0000, -0.2355, -0.1656, -0.0231, -0.0157, 0.0893, 0.2516|24620|0.4162, -0.9050, -0.4018, -0.3186, -0.1027, -0.1211, 0.0201, 0.0291|2053.6
12|1.0000, -1.0000, -0.2355, -0.1656, -0.0223, 0.0132, 0.0893, 0.0640|17100|0.4633, -0.9615, -0.3776, -0.3136, -0.1240, -0.1775, 0.0356, 0.0463|2408.0
13|1.0000, -1.0000, -0.2355, -0.1656, -0.0223, 0.0132, 0.0893, 0.0640|17840|0.4580, -0.9259, -0.3223, -0.3289, -0.1065, -0.1698, 0.0285, 0.0454|3177.2
14|1.0000, -1.0000, -0.2355, -0.3525, -0.0223, 0.0064, 0.0893, 0.2596|25580|0.4924, -0.9813, -0.2894, -0.3049, -0.1150, -0.1493, 0.0137, 0.0623|3500.0
15|0.1223, -1.0000, -0.2355, -0.1656, -0.0223, 0.0127, -0.1138, 0.2596|49840|0.5379, -0.9524, -0.3014, -0.2768, -0.1133, -0.1167, 0.0174, 0.0692|4077.8
16|0.0639, -1.0000, -0.1231, -0.0866, -0.0121, -0.0082, 0.0467, 0.1315|53500|0.5775, -0.9954, -0.2774, -0.2957, -0.1326, -0.1002, 0.0085, 0.0708|3853.6
17|0.0639, -1.0000, -0.1231, -0.1656, -0.0121, -0.0082, 0.0961, 0.1315|33500|0.6450, -0.9924, -0.2398, -0.2986, -0.0811, -0.0783, 0.0255, 0.0906|5627.8
18|0.2289, -1.0000, -0.1194, -0.1787, -0.0223, 0.0064, -0.1138, 0.1316|87420|0.6491, -0.9760, -0.2223, -0.2621, -0.0585, -0.0598, 0.0364, 0.0779|6598.0
19|0.1223, -0.9692, -0.1231, -0.0866, -0.0223, -0.0082, 0.0467, 0.1315|36400|0.5273, -0.9757, -0.2135, -0.2309, -0.0361, -0.0537, 0.0336, 0.0516|6196.6
20|0.2289, -1.0000, -0.1194, -0.1656, 0.0445, 0.0064, 0.0453, -0.1897|40300|0.4634, -0.9951, -0.1936, -0.2149, -0.0427, -0.0279, 0.0493, 0.0459|6850.0
21|0.1474, -1.0000, -0.2162, -0.1520, 0.0408, 0.0812, 0.0820, 0.0640|46660|0.4353, -0.9216, -0.1732, -0.1992, -0.0253, -0.0027, 0.0350, 0.0663|8211.4
22|1.0000, -1.0000, -0.1231, -0.1656, -0.0121, 0.0127, 0.0174, 0.1315|173080|0.4851, -0.9747, -0.1657, -0.1907, -0.0136, -0.0001, 0.0344, 0.0496|14657.0
23|1.0000, -1.0000, -0.1524, -0.1656, -0.0096, 0.0127, 0.0467, 0.1315|110720|0.6576, -0.9559, -0.1394, -0.1809, -0.0044, 0.0016, 0.0264, 0.0927|18164.8
24|1.0000, -1.0000, -0.1221, -0.1196, -0.0121, -0.0082, 0.0174, 0.0226|193200|0.6152, -0.9731, -0.1286, -0.1817, -0.0085, -0.0012, 0.0182, 0.0744|18353.4
25|1.0000, -1.0000, -0.1524, -0.1656, -0.0121, 0.0064, 0.0453, 0.0176|91580|0.6246, -0.9994, -0.1356, -0.1568, -0.0055, 0.0073, 0.0287, 0.0787|19187.8
26|0.2289, -1.0000, 0.0118, -0.0866, -0.0185, -0.0082, 0.0174, 0.1315|284380|0.6881, -0.9994, -0.1227, -0.1413, -0.0093, 0.0018, 0.0377, 0.0634|24966.2
27|0.0639, -1.0000, 0.0118, -0.1196, -0.0096, 0.0101, 0.0467, 0.0226|217400|0.7648, -0.9600, -0.1339, -0.1393, -0.0029, -0.0001, 0.0239, 0.0415|28693.2
28|0.0639, -1.0000, 0.0118, -0.0958, -0.0223, -0.0153, 0.0453, 0.0226|179320|0.7306, -0.9800, -0.1217, -0.1392, -0.0060, 0.0015, 0.0196, 0.0284|27684.4
29|0.0639, -1.0000, -0.0384, -0.0301, -0.0223, -0.0153, -0.0286, 0.0226|191280|0.7614, -0.9990, -0.1122, -0.1336, -0.0082, 0.0023, 0.0168, 0.0219|31656.0
30|0.0639, -1.0000, -0.0384, -0.0301, -0.0223, -0.0153, -0.0176, 0.0226|407700|0.7589, -0.9990, -0.0977, -0.1330, -0.0072, 0.0032, 0.0089, 0.0158|40840.8
31|0.0639, -1.0000, -0.0384, -0.0301, -0.0223, -0.0153, -0.0176, 0.0226|400700|0.7658, -0.9573, -0.0890, -0.1245, -0.0036, 0.0006, 0.0029, 0.0245|45568.4
32|0.0639, -1.0000, -0.0384, -0.0301, -0.0223, -0.0153, -0.0176, 0.0226|902960|0.7174, -0.9952, -0.0941, -0.1276, -0.0067, -0.0005, 0.0033, 0.0294|62862.0
