1|-0.2578, -0.9386, -0.7449, -0.9087, -0.9259, -1.0000, -0.8296, 0.5437|1540|0.0371, 0.0682, -0.1975, -0.0875, -0.0938, -0.1843, -0.1411, 0.0146|128.6
2|0.9829, -1.0000, -0.0596, -0.0757, -0.1597, -0.8345, 0.0352, -0.5174|1540|0.2335, 0.0470, -0.2377, -0.2633, -0.1454, -0.2227, -0.2102, -0.0502|184.6
3|0.9829, -1.0000, -0.0596, -0.0757, -0.1597, -0.8345, 0.0352, -0.5174|2680|0.4440, 0.0158, -0.4545, -0.4689, -0.3040, -0.3543, -0.1759, -0.1615|386.8
4|0.9829, -1.0000, -0.5526, -0.9439, -0.4259, -0.6032, 0.0352, 0.4047|1960|0.5001, -0.0928, -0.5922, -0.5830, -0.4427, -0.4986, -0.1069, -0.2794|451.0
5|0.7113, -1.0000, -0.7263, -1.0000, -0.5841, -0.3928, -1.0000, -0.9037|2500|0.6248, -0.2763, -0.6436, -0.6457, -0.4102, -0.5212, -0.0681, -0.3465|580.0
6|0.5193, -1.0000, -0.9716, -0.5869, -0.1597, -0.8035, 0.0352, -0.5174|2580|0.7307, -0.3574, -0.6252, -0.6433, -0.4227, -0.4904, 0.0124, -0.2270|575.8
7|0.8893, -0.5409, -0.5526, -0.9439, 0.2714, 0.3060, 1.0000, 0.7031|2680|0.6284, -0.5000, -0.6235, -0.6490, -0.4244, -0.5788, -0.0195, -0.1751|701.8
8|0.5174, -1.0000, -0.4192, -0.4192, -0.1524, -0.6734, -0.0057, 0.7249|3320|0.7201, -0.5372, -0.6366, -0.6671, -0.4417, -0.5093, 0.0241, -0.2723|850.2
9|0.8330, -1.0000, -1.0000, -0.6530, -0.7144, -0.8765, -0.0084, 0.8939|2560|0.7002, -0.5440, -0.6943, -0.6749, -0.4483, -0.5424, 0.0075, -0.1238|759.2
10|0.7113, -0.0708, -0.7263, -0.6721, -0.5841, -0.3928, -0.0087, 0.1600|3360|0.7284, -0.5964, -0.7647, -0.6252, -0.4899, -0.4703, -0.0501, -0.1052|837.4
11|0.7431, -0.5434, -0.4551, -0.6025, -1.0000, 0.1996, -0.2563, 0.5916|4880|0.7491, -0.6763, -0.7492, -0.6378, -0.5242, -0.5713, -0.0333, -0.0932|969.0
12|0.9879, -1.0000, -0.9716, -0.6530, -1.0000, 0.2561, 0.0162, 0.9364|5220|0.7024, -0.6907, -0.7535, -0.5819, -0.5924, -0.4639, -0.0232, 0.0834|984.0
13|0.9281, -1.0000, -0.9716, -0.6530, -0.1597, -0.6032, 0.0162, 0.1153|3840|0.6828, -0.7395, -0.7553, -0.5906, -0.6240, -0.3901, -0.0390, 0.1500|927.0
14|0.7512, -0.8447, -0.3186, -0.6530, -0.5841, -0.4278, -0.0071, 0.6662|3580|0.5989, -0.6884, -0.7075, -0.5847, -0.6009, -0.4395, -0.0465, 0.1596|861.0
15|0.8893, -1.0000, -0.9713, -0.6957, -0.7611, -0.7232, 0.0352, 0.4470|5440|0.6124, -0.7487, -0.7264, -0.6199, -0.5849, -0.3854, -0.0321, 0.1835|1020.4
16|0.7323, -1.0000, -0.9497, -0.6435, -0.5982, -0.8473, 0.0352, 0.1600|6220|0.6604, -0.7629, -0.7309, -0.6420, -0.5705, -0.4185, -0.0296, 0.3078|1293.2
17|0.8330, -1.0000, -0.9716, -0.3436, -0.3759, -0.3174, 0.0162, 0.4703|5380|0.7037, -0.8569, -0.7904, -0.5676, -0.5097, -0.4969, -0.0204, 0.2368|1175.8
18|0.8330, -0.9868, -0.4551, -0.6530, -0.1576, -0.6552, 0.0352, 0.5044|3240|0.7186, -0.8335, -0.7692, -0.6297, -0.3947, -0.4094, -0.0025, 0.2835|1131.2
19|0.8893, -1.0000, -0.9716, -0.6530, -0.3759, -0.2685, 0.0162, 0.4703|5320|0.8043, -0.8636, -0.7597, -0.6058, -0.3675, -0.3859, 0.0063, 0.3051|1408.4
20|0.9281, -1.0000, -0.4551, -0.3436, -0.1576, -0.3174, 0.0352, 0.4703|5920|0.7427, -0.8273, -0.7368, -0.5561, -0.3319, -0.3491, 0.0050, 0.3135|1614.0
21|1.0000, -0.7793, -0.9497, -0.6530, -0.3759, -0.3174, -0.0129, 0.4287|4300|0.7465, -0.7930, -0.6956, -0.5480, -0.3098, -0.4088, 0.0111, 0.3450|1225.2
22|0.8893, -1.0000, -0.9716, -0.3436, -0.1576, -0.3174, 0.0162, 0.4703|7300|0.8070, -0.8415, -0.6800, -0.5078, -0.2808, -0.4065, 0.0094, 0.3726|1581.4
23|1.0000, -0.7793, -1.0000, -0.9952, -0.3759, -0.2685, -0.0129, 0.4703|8860|0.7982, -0.8413, -0.6623, -0.4970, -0.2703, -0.4621, 0.0092, 0.3467|1593.4
24|0.8893, -1.0000, -0.4551, -0.6435, -0.1576, -0.3865, 0.0162, 0.4703|7360|0.7013, -0.9131, -0.6346, -0.4994, -0.2784, -0.4300, 0.0087, 0.3747|1450.0
25|0.9281, -1.0000, -0.4541, -0.3436, -0.1576, -0.5776, 0.0114, 0.4703|9020|0.7705, -0.8124, -0.6318, -0.5310, -0.2836, -0.4465, 0.0050, 0.3228|1403.2
26|0.7589, -1.0000, -0.4551, -0.3436, -0.3645, -0.1869, -0.0007, 0.3713|6000|0.7479, -0.8198, -0.5539, -0.4800, -0.2372, -0.4218, 0.0059, 0.3130|1533.6
27|0.6190, -1.0000, -0.8096, -0.6435, 0.3462, -0.1869, 0.0162, 0.4703|7080|0.7723, -0.8753, -0.5637, -0.4552, -0.2381, -0.3673, 0.0092, 0.3359|1865.8
28|0.9281, -1.0000, -0.4541, -0.3436, -0.1576, -0.5776, 0.0114, 0.4703|7860|0.7310, -0.8820, -0.4782, -0.4333, -0.2813, -0.2834, 0.0076, 0.3069|1774.8
29|0.6190, -1.0000, -0.5014, -0.3631, -0.3759, -0.3086, -0.0006, 0.3465|9680|0.7504, -0.8851, -0.4959, -0.4469, -0.2629, -0.2762, 0.0064, 0.2946|1872.8
30|0.8893, -1.0000, -0.4551, -0.5071, -0.1576, -0.1869, 0.0280, 0.3274|10060|0.7666, -0.8796, -0.4724, -0.4474, -0.2974, -0.2117, 0.0056, 0.2566|2230.8
31|1.0000, -1.0000, -0.0296, -0.3275, -0.3723, -0.1869, 0.0114, 0.3713|8200|0.8213, -0.9301, -0.4133, -0.4259, -0.3041, -0.2658, 0.0070, 0.2847|2047.4
32|1.0000, -0.9761, -0.2458, -0.4114, -0.0473, -0.1869, 0.0280, 0.4703|13460|0.7637, -0.9567, -0.3888, -0.3996, -0.2926, -0.2555, 0.0032, 0.2827|2441.4
