1|-0.3414, -0.8274, -0.7595, -1.0000, -0.3279, 0.5042, -0.4073, -0.1686|2720|0.1212, -0.2175, 0.0156, -0.1245, -0.0040, -0.0787, 0.1080, 0.0653|131.0
2|-0.1256, -1.0000, -0.7969, -0.7720, -0.0295, 0.2729, 0.5640, -1.0000|2160|0.1296, -0.2555, 0.0031, -0.2452, -0.0959, -0.1235, 0.2285, 0.0984|137.6
3|0.1805, -0.8274, -0.7595, -1.0000, 0.2305, 0.7851, -0.5116, 0.6210|2460|0.0723, -0.3561, -0.1207, -0.3642, -0.1970, -0.0551, 0.2870, 0.0630|253.4
4|1.0000, -0.8169, -0.4791, -0.4025, -0.3229, -0.3539, -0.0511, 0.4393|6860|0.0768, -0.4615, -0.1286, -0.4802, -0.2245, -0.0970, 0.3591, 0.0556|398.4
5|-0.1529, -0.4873, -0.3748, -1.0000, 0.7906, -0.5126, -0.0262, 0.5350|2300|0.2289, -0.4797, -0.1939, -0.5251, -0.2273, -0.0439, 0.5049, 0.1813|303.2
6|0.8243, -1.0000, -0.7464, -0.1231, -0.2272, 0.2794, -0.0796, 0.0406|6280|0.2658, -0.4303, -0.2738, -0.6491, -0.2336, -0.1508, 0.5094, 0.1171|436.8
7|0.4841, -0.3963, -0.4448, -0.4316, -0.2232, 0.0038, 0.9206, -0.7148|1740|0.2166, -0.3474, -0.2894, -0.5154, -0.1475, -0.2207, 0.4558, 0.0831|367.8
8|1.0000, -0.4409, -0.2236, -0.4025, -0.3229, -0.3539, -0.0587, -0.0465|1960|0.3339, -0.3663, -0.2772, -0.4961, -0.1963, -0.2119, 0.4183, 0.0951|418.0
9|1.0000, -0.2786, -0.8867, -0.5716, -0.0366, -0.6351, -0.0502, 0.0235|3620|0.4545, -0.3317, -0.2605, -0.4707, -0.1460, -0.0656, 0.2829, 0.1343|554.0
10|-0.1807, -0.6929, -0.4791, -0.3447, -0.0211, -0.6351, 1.0000, -0.0337|3340|0.5075, -0.3716, -0.2515, -0.5876, -0.1996, -0.0813, 0.2477, 0.0875|548.2
11|0.9036, -1.0000, -0.1557, -0.5716, -0.0326, 0.2195, -0.0660, 0.4087|3780|0.6023, -0.3908, -0.3147, -0.5729, -0.2519, -0.0767, 0.2313, 0.0590|540.8
12|1.0000, -0.9777, -0.4832, -0.5716, -0.0270, 0.4382, -0.0502, 0.1593|4060|0.7216, -0.3323, -0.3672, -0.6109, -0.2025, -0.1215, 0.2603, 0.1284|580.2
13|1.0000, -0.9777, -0.4832, -0.5716, -0.0270, 0.4382, -0.0502, 0.1593|4440|0.7186, -0.3243, -0.4316, -0.5147, -0.2884, -0.0226, 0.1959, 0.0941|675.6
14|1.0000, -0.9777, -0.4832, -0.5716, -0.0270, 0.4382, -0.0502, 0.0536|9300|0.5965, -0.2439, -0.4067, -0.5715, -0.3357, 0.0154, 0.1618, 0.0739|650.8
15|0.5882, -0.6929, -0.2842, -0.3362, -0.0159, 0.2578, -0.0295, 0.0937|5000|0.6224, -0.3316, -0.3688, -0.6080, -0.2883, -0.0063, 0.0734, 0.1559|687.6
16|0.5076, -0.3187, -1.0000, -0.2135, -0.0291, 0.0921, -0.0634, -0.0964|6760|0.6661, -0.4103, -0.3877, -0.5272, -0.2540, -0.0583, 0.0633, 0.1637|796.8
17|1.0000, -1.0000, -0.8953, -0.6697, -0.0507, 0.0003, -0.0153, -0.1679|7200|0.6289, -0.3740, -0.4794, -0.5337, -0.2538, -0.0533, 0.0577, 0.1058|889.2
18|1.0000, -1.0000, -0.4355, -0.6697, -0.4164, -0.0026, -0.0153, 0.4393|6120|0.5614, -0.2520, -0.3728, -0.4515, -0.2931, -0.0734, 0.0530, 0.0724|732.6
19|1.0000, -1.0000, 0.0694, -0.3719, -0.0507, -0.0002, 0.2241, 0.4393|3520|0.6769, -0.3178, -0.4151, -0.5070, -0.3651, -0.1016, 0.0506, 0.0674|778.0
20|1.0000, -1.0000, -0.4365, -0.4745, -0.4164, -0.0026, -0.0153, 0.4393|13360|0.6946, -0.4383, -0.4298, -0.5169, -0.3213, -0.0511, 0.0198, 0.0872|1190.8
21|1.0000, -0.2936, -0.4832, -0.4745, -0.3452, -0.0026, -0.0153, 0.1978|4440|0.5207, -0.3516, -0.4086, -0.5254, -0.2530, -0.0678, 0.0150, 0.0464|775.4
22|0.1257, -1.0000, -0.0621, -0.3719, -0.0507, -0.0000, 0.2086, 0.4393|9060|0.6455, -0.4449, -0.4057, -0.5198, -0.2326, -0.0428, 0.0187, 0.0646|1056.8
23|0.1257, -1.0000, -0.0621, -0.3719, -0.0507, 0.0000, 0.2086, 0.1058|13780|0.7043, -0.4167, -0.4599, -0.5005, -0.2591, -0.0934, -0.0560, -0.0496|1108.0
24|0.3332, -1.0000, -0.3959, -0.3661, -0.0095, -0.2020, 0.0082, 0.1807|9860|0.6172, -0.4473, -0.5272, -0.5639, -0.2143, -0.1035, -0.0648, -0.0616|1294.0
25|0.9680, -0.9215, -0.1742, -0.3719, -0.2624, -0.0112, 0.2086, -0.3215|5020|0.5166, -0.5179, -0.5320, -0.4584, -0.1814, -0.0650, -0.0476, -0.0086|966.2
26|0.3503, -1.0000, -0.3959, -0.2002, -0.0507, -0.0001, -0.3113, -0.1112|5740|0.4765, -0.5029, -0.5051, -0.4509, -0.1829, -0.0009, -0.0021, -0.0152|977.2
27|1.0000, -1.0000, -0.3959, -0.2002, -0.0507, -0.0001, 0.0012, -0.0846|7180|0.5137, -0.6057, -0.4024, -0.4731, -0.0918, -0.0123, -0.0174, -0.0487|1118.8
28|1.0000, -0.9519, -0.2826, -0.3842, -0.0027, 0.0000, -0.0714, 0.2479|23760|0.3640, -0.7224, -0.4194, -0.4477, -0.0911, -0.0368, -0.0116, -0.0435|1522.2
29|1.0000, -1.0000, -0.0621, -0.1084, -0.0427, 0.0001, -0.0251, -0.0961|35240|0.2273, -0.7880, -0.4090, -0.3688, -0.0406, 0.0025, -0.0165, -0.0287|1906.6
30|1.0000, -1.0000, -0.0621, -0.1084, -0.0427, 0.0001, 0.0025, -0.0961|38320|0.3715, -0.8103, -0.3314, -0.3738, -0.0328, 0.0034, -0.0248, -0.0118|2415.6
31|0.2373, -1.0000, -0.2078, -0.2962, -0.0027, 0.0001, 0.0409, 0.2479|22900|0.3939, -0.8109, -0.3412, -0.4025, -0.0552, -0.0026, -0.0080, -0.0030|1932.2
32|1.0000, -1.0000, -0.7761, -0.1936, -0.0105, 0.0001, -0.1803, 0.2011|39780|0.4631, -0.7792, -0.3863, -0.2699, -0.0596, -0.0022, -0.0250, -0.0412|2784.2
