1|-0.1686, -0.9242, -0.7427, -0.5189, 0.7954, -1.0000, -0.1495, -0.2967|1480|0.4627, -0.4283, -0.0510, -0.4809, -0.0507, -0.3247, 0.1277, 0.1478|260.0
2|0.8768, -0.6925, -0.7427, -1.0000, 0.2832, -0.1982, -0.1495, -0.4352|920|0.5161, -0.7259, -0.0695, -0.5585, 0.0699, -0.4316, 0.3704, 0.1599|294.0
3|0.8768, -0.6925, -0.1020, -1.0000, 0.2832, -0.1982, 0.2133, 0.6044|1080|0.5512, -0.8026, -0.1800, -0.6074, 0.0964, -0.3940, 0.3797, 0.3337|396.0
4|0.8768, -0.6925, -0.7427, -1.0000, 0.2832, -0.1982, -0.1495, -0.4352|1440|0.8768, -0.7411, -0.4520, -1.0000, 0.1706, -0.2582, 0.1530, -0.2273|634.0
5|0.8768, -0.6925, -0.7427, -1.0000, 0.2832, -0.1982, -0.1495, -0.4352|1840|0.8768, -0.6925, -0.6145, -1.0000, 0.2832, -0.1286, -0.0769, -0.4352|912.0
6|0.8768, -0.6925, -0.7427, -1.0000, 0.2832, -0.1982, -0.1495, -0.4352|2540|0.8768, -0.6925, -0.7427, -1.0000, 0.2832, -0.1927, -0.1495, -0.4352|1058.0
7|0.8768, -0.6925, -0.7427, -1.0000, 0.2832, -0.1982, -0.1495, -0.4352|1320|0.8891, -0.6644, -0.7125, -0.9594, 0.2717, -0.1847, -0.1434, -0.4175|716.0
8|0.8768, -0.6925, -0.7427, -1.0000, 0.2832, -0.1982, -0.1495, -0.4352|2100|0.8768, -0.6925, -0.7100, -1.0000, 0.2131, -0.1982, -0.1495, -0.4352|1020.0
9|0.8768, -0.6925, -0.7427, -1.0000, 0.2832, -0.1982, -0.1495, -0.4352|2800|0.8768, -0.5378, -0.7427, -1.0000, 0.2203, -0.1982, -0.1495, -0.4352|1148.0
10|0.8768, -0.6925, -0.7427, -1.0000, 0.2832, -0.1982, -0.1495, -0.4352|3600|0.8768, -0.5378, -0.7427, -1.0000, 0.2203, -0.1982, -0.1495, -0.4352|1448.0
11|0.8768, -0.6925, -0.7427, -1.0000, 0.2832, -0.1982, -0.1495, -0.4352|1900|0.8768, -0.3831, -0.7427, -1.0000, 0.2968, -0.1982, -0.1495, -0.3575|868.0
12|0.8768, -0.6925, -0.7427, -1.0000, 0.2832, -0.1982, -0.1495, 0.3418|2000|0.8768, -0.5378, -0.7427, -1.0000, 0.2832, -0.1453, -0.1495, -0.3575|850.0
13|0.8768, -0.6925, -0.7427, -1.0000, 0.2832, -0.1982, -0.1495, -0.4352|1600|0.8768, -0.5378, -0.7427, -1.0000, 0.1168, -0.1982, -0.1495, -0.4352|664.0
14|0.8768, -0.6925, -0.7427, -1.0000, 0.2832, -0.1982, -0.1495, -0.4352|2320|0.8768, -0.5378, -0.6322, -1.0000, 0.1168, -0.1982, -0.1418, -0.4352|778.0
15|0.8768, -0.6925, -0.7427, -1.0000, 0.2832, -0.1982, -0.1495, -0.4352|2220|0.7649, -0.1848, -0.7042, -0.9483, -0.0356, -0.1879, -0.1418, -0.3437|662.0
16|0.8768, -0.6925, -0.7427, -1.0000, 0.2832, -0.1982, -0.1495, -0.4352|2500|0.7227, -0.0001, -0.6684, -0.7223, 0.0761, -0.1784, -0.1346, -0.2539|738.0
17|0.8768, -0.6925, -0.7427, -1.0000, 0.2832, -0.1982, -0.1495, 0.2539|2240|0.8125, -0.0155, -0.6291, -0.9266, 0.0812, -0.1836, -0.1385, -0.1965|792.0
18|0.8768, -0.6925, -0.7427, -1.0000, 0.2832, -0.1982, -0.1495, 0.2539|2660|0.8617, -0.6925, -0.7427, -0.9483, 0.2832, -0.1948, -0.1418, 0.0472|1296.0
19|0.8768, -0.6925, -0.7427, -1.0000, 0.2832, -0.1982, -0.1495, 0.2539|3400|0.8768, -0.6925, -0.7427, -0.9655, 0.2832, -0.1982, -0.1443, 0.1161|1284.0
20|0.8768, -0.6925, -0.7427, -1.0000, 0.2832, -0.1982, -0.1237, 0.2539|3060|0.8768, -0.6925, -0.7427, -1.0000, 0.2832, -0.1982, -0.1392, -0.0217|1160.0
21|0.8768, -0.6925, -0.7427, -1.0000, 0.2832, -0.1982, -0.1495, 0.2539|2240|0.8768, -0.6925, -0.7427, -1.0000, 0.2832, -0.1982, -0.1340, -0.0906|928.0
22|-0.9764, -0.6925, -0.7427, -1.0000, 0.2832, -0.1982, -0.1495, 0.2539|2720|0.3244, -0.6954, -0.7457, -1.0000, 0.2843, -0.1990, -0.1423, 0.0454|1348.0
23|0.8768, -0.6925, -0.7427, -1.0000, 0.2832, -0.1982, -0.1237, -0.4352|2860|-0.0498, -0.6925, -0.7427, -1.0000, 0.2832, -0.1982, -0.1392, -0.0217|806.0
24|0.8768, -0.6925, -0.7427, -1.0000, 0.2832, -0.1982, -0.1495, 0.2539|1760|0.5062, -0.6925, -0.7427, -1.0000, 0.2832, -0.1982, -0.1366, -0.0906|938.0
25|0.8768, -0.6925, -0.7427, -1.0000, 0.2832, -0.1982, -0.1495, 0.2539|3720|0.6915, -0.6925, -0.7427, -1.0000, 0.2793, -0.1982, -0.1392, -0.0217|1216.0
26|0.8768, -0.6925, -0.7427, -1.0000, 0.2832, -0.1982, -0.1237, -0.4352|3280|0.7885, -0.6925, -0.7427, -1.0000, 0.2637, -0.1982, -0.1392, -0.0217|1252.0
27|0.8768, -0.6925, -0.7427, -1.0000, 0.2832, -0.1982, -0.1237, -0.4352|2120|0.7001, -0.6925, -0.7427, -1.0000, 0.2832, -0.1982, -0.1263, -0.3663|916.0
28|0.8768, -0.6925, -0.7427, -1.0000, 0.2832, -0.1982, -0.1237, -0.4352|2420|0.8768, -0.6925, -0.7427, -1.0000, 0.2832, -0.1982, -0.1289, -0.2974|1256.0
29|0.8768, -0.6925, -0.7427, -1.0000, 0.2832, -0.1982, -0.1237, -0.4352|3480|0.7858, -0.6925, -0.7427, -1.0000, 0.2832, -0.1982, -0.1289, -0.2974|1044.0
30|0.8768, -0.6925, -0.7427, -1.0000, 0.2832, -0.1982, -0.1237, -0.4352|1860|0.8768, -0.6925, -0.7427, -1.0000, 0.2832, -0.1982, -0.1289, -0.3663|868.0
31|0.8768, -0.6925, -0.7427, -1.0000, 0.2832, -0.1982, -0.1237, -0.4352|1280|0.8891, -0.7023, -0.6501, -0.9479, 0.2872, -0.2010, -0.1310, -0.2938|750.0
32|0.8768, -0.6925, -0.7427, -1.0000, 0.2832, -0.1982, -0.1237, -0.4352|1860|0.8768, -0.6925, -0.7427, -1.0000, 0.2832, -0.1982, -0.1289, -0.4352|944.0
