1|0.2808, 0.1864, -0.5571, -0.4480, -0.5495, -1.0000, 0.4177, 0.0053|440|0.2539, 0.2148, -0.1423, -0.0721, 0.1294, -0.0525, 0.1441, 0.0659|63.0
2|0.2808, 0.1864, -0.6776, -0.3950, -0.5495, -1.0000, 0.4177, 0.0053|600|0.2793, 0.5599, -0.3868, -0.3560, 0.2318, -0.3138, 0.1764, -0.1362|135.0
3|0.2808, 0.1864, -0.6776, -0.3950, -0.5495, -1.0000, 0.4177, 0.0053|760|0.4670, 0.4956, -0.3271, -0.3449, 0.1630, -0.5682, 0.1627, -0.2570|238.0
4|0.2808, 0.1864, -0.6776, -0.4480, -0.1878, -1.0000, 0.1551, 0.1595|2320|0.4114, 0.4377, -0.5196, -0.4733, -0.0073, -0.9057, 0.4055, -0.2029|631.0
5|0.0517, -0.4892, -0.3419, -0.2425, -0.1878, -1.0000, 0.8853, -0.9199|1440|0.3038, 0.2452, -0.5486, -0.4612, -0.2131, -1.0000, 0.3959, -0.0795|426.0
6|0.2808, 0.1864, -0.6776, -0.4480, -0.1878, -1.0000, 0.1551, 0.1595|1600|0.2407, -0.0163, -0.5495, -0.4309, -0.2167, -1.0000, 0.3122, -0.2106|516.0
7|0.2808, 0.1864, -0.6776, -0.4480, -0.1878, -1.0000, 0.1551, 0.1595|900|0.2186, 0.1189, -0.6092, -0.4801, -0.2167, -1.0000, 0.2782, 0.0131|447.0
8|0.0866, 0.1864, -0.6776, -0.4480, -0.1878, -1.0000, 0.1551, 0.1595|1280|0.2283, 0.1189, -0.6152, -0.3789, -0.2420, -1.0000, 0.1779, 0.0824|447.0
9|0.0517, -0.4892, -0.6776, -0.2425, -0.1878, -1.0000, 0.1551, 0.1595|1680|0.2535, 0.0513, -0.6092, -0.4246, -0.2210, -1.0000, 0.1147, 0.0671|509.0
10|0.0517, -0.4892, -0.6776, -0.2425, -0.1878, -1.0000, 0.1551, 0.1595|2160|0.2271, -0.0500, -0.6488, -0.3839, -0.1819, -1.0000, 0.1414, 0.1288|786.0
11|0.0022, -0.4892, -0.6776, -0.4480, -0.1878, -1.0000, 0.1551, 0.1595|2420|0.2386, -0.0838, -0.5989, -0.4043, -0.2210, -1.0000, 0.1283, 0.1288|845.0
12|0.0022, -0.4892, -0.6776, -0.2425, -0.1878, -1.0000, 0.1551, 0.1595|4940|0.2865, -0.2190, -0.5886, -0.3784, -0.1760, -1.0000, 0.1551, 0.1063|870.0
13|0.8542, 0.1864, -0.6776, -0.4480, -0.5495, -1.0000, 0.1551, 0.1595|1180|0.3837, -0.1968, -0.6602, -0.4123, -0.2768, -0.9129, 0.1588, 0.1099|551.0
14|0.0517, -0.4892, -0.6776, -0.4480, -0.1878, -1.0000, 0.1551, 0.1595|2380|0.5090, -0.0955, -0.6769, -0.4149, -0.2730, -0.9129, 0.1588, 0.0896|591.0
15|0.8542, -0.4892, -0.6776, -0.4480, -0.1878, -1.0000, 0.1551, 0.0053|1880|0.3749, -0.1214, -0.6469, -0.3890, -0.3461, -0.9794, 0.1519, 0.0857|730.0
16|0.8542, -0.4892, -0.6776, -0.4480, -0.1878, -1.0000, 0.1551, 0.0053|2060|0.5250, -0.2528, -0.6608, -0.4195, -0.3864, -1.0000, 0.1551, 0.0704|1017.0
17|0.8542, -0.4892, -0.6776, -0.4480, -0.1878, -1.0000, 0.1551, 0.0053|4840|0.6077, -0.4555, -0.6776, -0.3770, -0.2963, -1.0000, 0.1551, 0.0677|1181.0
18|0.9902, -0.4892, -0.6776, -0.4480, -0.1878, -1.0000, 0.1551, 0.0053|4560|0.5719, -0.4555, -0.6776, -0.4374, -0.2872, -1.0000, 0.1551, 0.0828|1397.0
19|0.8542, -0.4892, -0.6776, -0.4480, -0.1878, -1.0000, 0.1551, 0.1595|2120|0.6541, -0.4744, -0.6570, -0.4265, -0.2543, -0.6000, 0.1504, 0.0750|840.0
20|0.0517, -0.4892, -0.6776, -0.4480, -0.5495, -1.0000, 0.1551, 0.1595|2180|0.6635, -0.4840, -0.5933, -0.4433, -0.1447, -0.7906, 0.1530, 0.0799|695.0
21|0.8542, -0.4892, -0.6776, -0.4480, -0.0083, -1.0000, 0.1530, -0.0044|2260|0.6210, -0.4825, -0.5099, -0.4422, -0.1721, -0.7876, 0.1406, 0.0447|684.0
22|0.9902, -0.4892, -0.6776, -0.4480, -0.0946, -1.0000, 0.1551, -0.0756|2740|0.7816, -0.4892, -0.6776, -0.4480, -0.1259, -1.0000, 0.1512, -0.0034|1034.0
23|0.8542, -0.4892, -0.6776, -0.4480, -0.0083, -1.0000, 0.1530, -0.0044|2700|0.9018, -0.4892, -0.6776, -0.4480, -0.0525, -1.0000, 0.1663, -0.0172|836.0
24|0.8542, -0.4892, -0.6776, -0.4480, -0.0083, -1.0000, 0.1530, -0.0044|2860|0.8844, -0.4807, -0.6657, -0.4402, -0.0867, -0.8000, 0.1638, -0.0126|923.0
25|0.8542, -0.4892, -0.6776, -0.4480, -0.0083, -1.0000, 0.1551, -0.0044|2840|0.8718, -0.4876, -0.5937, -0.4466, -0.1107, -0.9967, 0.1536, -0.0064|1226.0
26|0.8542, -0.4892, -0.6776, -0.4480, -0.0083, -1.0000, 0.1551, -0.0044|3140|0.8650, -0.4876, -0.5937, -0.4466, -0.0838, -0.9967, 0.1580, -0.0071|1152.0
27|0.8542, -0.4892, -0.6776, -0.4480, -0.0083, -1.0000, 0.1530, 0.0053|3960|0.8699, -0.4865, -0.5795, -0.4456, -0.1036, -1.0000, 0.1785, -0.0132|1274.0
28|0.9902, -0.4892, -0.6776, -0.4480, -0.0083, -1.0000, 0.2370, 0.0053|2800|0.8709, -0.4871, -0.6125, -0.4461, -0.1243, -1.0000, 0.1788, -0.0080|1044.0
29|0.8542, -0.4572, -0.6776, -0.4480, -0.1878, -1.0000, -0.1606, -0.0707|4880|0.8814, -0.4860, -0.6273, -0.3929, -0.1070, -1.0000, 0.1392, -0.0160|1287.0
30|0.8542, -0.4892, -0.6776, -0.4480, -0.1878, -1.0000, 0.1551, 0.0053|4820|0.8746, -0.4844, -0.6776, -0.4466, -0.1429, -1.0000, 0.0759, -0.0127|1249.0
31|0.8542, -0.4892, -0.6776, -0.4187, -0.1878, -1.0000, 0.2370, -0.0069|1740|0.7946, -0.4860, -0.6776, -0.4451, -0.1519, -1.0000, 0.1080, -0.0140|759.0
32|0.8542, -0.4572, -0.6776, -0.4480, -0.1878, -1.0000, -0.1606, 0.0053|3020|0.8610, -0.4812, -0.6776, -0.4422, -0.1788, -1.0000, 0.0821, -0.0092|1411.0
