1|-0.2471, -0.9918, -0.3252, -0.1486, -1.0000, -0.9095, 0.2184, 0.6577|1440|0.0733, -0.0990, -0.1065, -0.1916, -0.1018, -0.2514, -0.0911, -0.0168|172.8
2|0.4633, -0.8141, -1.0000, -0.5388, -0.2602, 0.4542, 0.4078, 0.0822|3600|0.0581, -0.3253, -0.2297, -0.1977, -0.2818, -0.1945, 0.0370, -0.0232|370.4
3|0.3663, -0.5757, -0.4622, -0.5570, -0.3195, -0.0797, 0.2184, 0.8951|2000|0.1408, -0.3219, -0.2783, -0.3509, -0.4216, -0.2689, 0.0601, -0.0819|339.2
4|0.3663, -0.5757, -0.4622, -0.5570, -0.3195, -0.0797, 0.1490, 0.8951|2480|0.2083, -0.4200, -0.3492, -0.4573, -0.4709, -0.2921, 0.0235, -0.0032|492.8
5|0.4633, -0.8141, -1.0000, -0.5388, -0.2602, 0.4542, 0.4078, 0.0822|3100|0.2694, -0.7069, -0.3459, -0.4282, -0.4839, -0.5647, 0.0771, 0.1915|648.8
6|0.5889, -0.8141, -1.0000, -0.5570, -0.2602, -0.0797, 0.0620, 0.8951|3440|0.3626, -0.7176, -0.3782, -0.4629, -0.4339, -0.3648, 0.2214, 0.2019|785.2
7|0.9704, -0.9918, -0.1262, -0.5476, -1.0000, 0.4317, 0.2184, -0.1100|2860|0.4743, -0.5755, -0.3732, -0.4924, -0.6311, -0.4412, 0.2738, 0.2577|648.0
8|0.9704, -0.9918, -0.2044, -0.5476, -1.0000, 0.4317, 0.2184, -0.1100|2500|0.5610, -0.7344, -0.3345, -0.4981, -0.6449, -0.3533, 0.2418, 0.1592|725.2
9|0.9704, -0.9918, -0.2044, -0.3477, -1.0000, -1.0000, 0.4332, 0.6577|2100|0.6086, -0.7961, -0.2690, -0.4430, -0.7473, -0.4197, 0.2127, 0.1102|824.4
10|0.3663, -0.9918, -0.4622, -1.0000, -0.3195, -0.0797, 0.2184, 0.8951|3460|0.6381, -0.7876, -0.2187, -0.4869, -0.6205, -0.2832, 0.1998, 0.1084|952.8
11|0.9704, -0.9918, -0.1262, -0.5476, -1.0000, 0.4317, 0.2184, 0.2142|3800|0.6752, -0.7660, -0.2272, -0.4909, -0.6390, -0.2304, 0.1847, 0.1116|1109.2
12|0.5334, -1.0000, -0.3159, -0.0874, -0.3221, -0.7040, 0.2202, -0.7661|2760|0.6706, -0.8538, -0.2054, -0.3965, -0.4255, -0.2756, 0.2250, 0.0902|1022.4
13|0.3663, -0.8141, -0.1301, -0.0867, -0.2602, -0.0797, 0.1490, -0.0871|8720|0.6207, -0.9025, -0.2318, -0.3844, -0.6459, -0.3486, 0.2280, 0.0679|1212.8
14|0.1664, -1.0000, -0.4028, -0.6841, 0.1022, -0.0979, 0.5051, -0.1070|9260|0.6415, -0.8980, -0.2681, -0.4481, -0.6075, -0.2618, 0.2214, 0.0083|1493.2
15|0.9704, -1.0000, -0.2811, -0.5740, -0.3195, -0.0979, 0.5051, -0.0898|3740|0.5656, -0.8237, -0.2631, -0.5214, -0.5968, -0.1362, 0.2372, 0.0113|1084.0
16|0.3663, -0.8141, -0.2044, -0.0867, -0.2602, -0.0797, 0.1490, -0.0871|4720|0.6049, -0.8772, -0.2193, -0.5256, -0.6906, -0.0433, 0.2471, -0.0063|1232.0
17|0.5290, -0.9918, -0.2044, -0.0867, -0.2602, -0.0797, 0.1490, -0.1100|13680|0.6543, -0.8842, -0.2254, -0.4816, -0.6760, -0.0242, 0.2398, -0.0163|1379.2
18|0.9704, -0.9918, -0.2044, -0.0867, -0.2602, -0.0979, 0.1234, 0.2142|6720|0.5603, -0.9321, -0.1844, -0.4243, -0.5621, -0.0623, 0.2091, -0.0393|1586.8
19|0.3663, -1.0000, -0.2044, -0.0867, -0.3195, -0.0797, 0.1490, -0.0871|13020|0.6112, -0.9181, -0.1828, -0.3949, -0.4066, -0.0522, 0.1682, 0.0061|2390.4
20|0.5290, -0.8141, -0.2044, -0.0867, -0.2602, -0.0797, 0.1490, -0.0871|7540|0.6287, -0.9698, -0.1836, -0.4062, -0.3886, -0.0421, 0.1669, -0.0650|1656.4
21|0.5290, -1.0000, -0.1262, -0.0867, -0.3195, -0.0979, 0.2196, -0.0871|6360|0.6798, -0.9701, -0.1890, -0.3986, -0.3299, -0.0777, 0.1770, -0.0626|1636.8
22|0.3663, -1.0000, -0.2061, -0.0867, -0.3195, -0.0979, 0.1490, -0.0871|9740|0.6651, -0.9775, -0.1818, -0.4149, -0.3280, -0.0909, 0.1790, -0.0456|2354.0
23|0.6988, -0.9918, 0.0008, -0.0867, -0.3195, -0.0804, 0.1490, -0.3289|12160|0.6943, -0.9762, -0.1682, -0.4482, -0.3231, -0.0885, 0.1872, -0.0451|2148.8
24|-0.0597, -1.0000, -0.2044, -0.0867, -0.3195, -0.0797, 0.1490, -0.0871|5580|0.6038, -0.9888, -0.1525, -0.3464, -0.3553, -0.0861, 0.1598, -0.0634|2121.2
25|0.6988, -0.9918, 0.0008, -0.0867, -0.3195, -0.0804, 0.1490, -0.3289|7520|0.5713, -0.9525, -0.1653, -0.3034, -0.3931, -0.0841, 0.1700, -0.0368|2214.0
26|0.5290, -1.0000, -0.2061, -0.0867, -0.3195, -0.0804, 0.1503, -0.0905|9920|0.6343, -0.9940, -0.1625, -0.2926, -0.4327, -0.0786, 0.1626, 0.0130|2219.2
27|0.8439, -1.0000, -0.2061, -0.5476, -0.4701, -0.0979, 0.1147, 0.5647|6220|0.6354, -0.9609, -0.1596, -0.2730, -0.3852, -0.0767, 0.1537, -0.0207|2263.2
28|0.5290, -0.9918, 0.0008, -0.0867, -0.3195, -0.0804, -0.0121, -0.0905|14220|0.6277, -0.9612, -0.1476, -0.2568, -0.3846, -0.0761, 0.1294, -0.0249|2578.8
29|0.6123, -1.0000, 0.0007, -0.0867, -0.3195, -0.0804, 0.1490, -0.0871|7860|0.6056, -0.7399, -0.1049, -0.2036, -0.3794, -0.0765, 0.1240, -0.0521|2062.8
30|0.6988, -1.0000, -0.2061, -0.0867, -0.4701, -0.0979, 0.1490, -0.1100|10120|0.5408, -0.9193, -0.0811, -0.1500, -0.3519, -0.0845, 0.1372, -0.1409|2797.2
31|0.8439, -1.0000, -0.1262, -0.0867, -0.2800, -0.0704, 0.1490, -0.3415|10000|0.5022, -0.6940, -0.1082, -0.1685, -0.2883, -0.0700, 0.1267, -0.1381|2255.2
32|0.8439, -1.0000, -0.1262, -0.0867, -0.2800, -0.0704, 0.1490, -0.3415|13240|0.5919, -0.9375, -0.1298, -0.2324, -0.3538, -0.0703, 0.1208, -0.1572|2730.0
