1|0.5541, -0.1847, -0.9478, -0.5065, 0.8007, -0.9333, 0.1520, -1.0000|860|0.0837, -0.1401, 0.0731, -0.0103, -0.1415, -0.2801, 0.1302, -0.1095|78.0
2|1.0000, -0.6009, -0.5596, -0.3864, -0.9699, -0.0393, -0.0567, 0.3441|1540|0.0198, -0.1076, -0.0366, -0.0988, -0.1231, -0.3347, 0.0993, -0.0340|125.4
3|0.2872, 0.8070, -1.0000, -0.8338, -0.0607, -0.2165, -0.4109, 0.5203|1080|0.0110, -0.1097, -0.1495, -0.2765, -0.0560, -0.4203, 0.1515, -0.0250|184.0
4|0.3852, -0.8785, -0.1346, -0.1402, -0.7610, -0.5487, -0.5329, 0.6623|2320|0.1379, -0.1562, -0.2826, -0.4368, -0.2180, -0.5187, 0.1685, 0.0312|312.0
5|0.5541, -0.6009, -0.1456, -0.5065, -0.9699, -0.0393, -0.1945, 0.7785|1780|0.2519, -0.1868, -0.3688, -0.5477, -0.3355, -0.5345, 0.1338, 0.0428|395.6
6|0.6760, -0.2418, -0.9047, -0.7103, -0.6195, -0.5693, -0.1205, 0.4823|1980|0.4545, -0.3416, -0.5218, -0.4910, -0.4172, -0.5204, -0.0006, -0.0156|574.8
7|0.8350, -0.2418, -0.8419, -0.7103, -1.0000, -0.5487, -0.5329, 0.1105|3320|0.5554, -0.4189, -0.5287, -0.4338, -0.4970, -0.4307, -0.1075, 0.0477|642.0
8|0.5713, -0.6196, -0.5770, -0.3984, -1.0000, -0.0405, -0.0585, 0.3126|3720|0.5790, -0.4022, -0.6034, -0.4757, -0.5664, -0.4273, -0.2124, 0.0245|741.2
9|0.4314, -0.6196, -0.5596, -0.1570, -1.0000, -0.0405, -0.0585, 0.3126|2940|0.5651, -0.4531, -0.6121, -0.4801, -0.5985, -0.3678, -0.2063, 0.0143|780.6
10|0.5713, -0.6196, -0.5770, -0.3984, -1.0000, -0.0405, -0.0585, 0.3126|5720|0.5157, -0.4338, -0.6329, -0.4838, -0.6273, -0.3245, -0.1799, 0.1199|830.8
11|0.4314, -1.0000, -0.5596, -0.1570, -0.2488, -0.0654, -0.0567, 0.6807|2980|0.5842, -0.4519, -0.5388, -0.4846, -0.5712, -0.3090, -0.1882, 0.2760|653.4
12|0.6760, -0.1192, -0.9047, -0.1570, -0.2488, -0.0393, -0.1205, 0.3441|2700|0.5800, -0.5071, -0.6412, -0.5420, -0.7603, -0.2527, -0.1532, 0.2335|875.8
13|0.5713, -0.6009, -0.6414, -0.5065, -1.0000, -0.5487, 0.4131, 0.3126|4260|0.6359, -0.5453, -0.6134, -0.5769, -0.8360, -0.2285, -0.1443, 0.2255|1037.2
14|0.9221, -0.6196, -0.5770, -0.3448, -0.6308, 0.0338, -0.0943, 0.1525|5500|0.7314, -0.5663, -0.6526, -0.6102, -0.8138, -0.2103, -0.1436, 0.2622|1239.8
15|0.9221, -0.6009, -0.3810, -0.3448, -0.6308, 0.0338, -0.0943, 0.1525|5880|0.7380, -0.6150, -0.6273, -0.6046, -0.8351, -0.1227, -0.1259, 0.2934|1233.6
16|0.9221, -1.0000, -0.5770, -0.8283, -0.0404, -0.0654, -0.1945, 0.3126|6840|0.7828, -0.5718, -0.5797, -0.5578, -0.7820, -0.1471, -0.1144, 0.3217|1182.0
17|1.0000, -1.0000, -0.5770, -0.4978, -0.0404, 0.0571, -0.0943, 0.1525|7340|0.7813, -0.6617, -0.6118, -0.5742, -0.8408, -0.1408, -0.1186, 0.3421|1187.4
18|0.5541, -1.0000, -0.5770, -0.5065, -0.1111, -0.0654, -0.0943, 0.1525|5600|0.7911, -0.5871, -0.6560, -0.5788, -0.8248, -0.1594, -0.1045, 0.3216|1308.0
19|0.9918, -1.0000, -0.9312, -0.8438, -0.9779, -0.6518, -0.0585, 0.3714|5120|0.7728, -0.6572, -0.6132, -0.5209, -0.8020, -0.1218, -0.1081, 0.2984|1129.0
20|0.5541, -0.6196, -0.8419, -0.3984, -1.0000, -0.0405, -0.0943, 0.7134|4460|0.8103, -0.7153, -0.6291, -0.5390, -0.7717, -0.1110, -0.1061, 0.2924|1289.2
21|1.0000, -1.0000, -0.7123, -0.8283, -1.0000, 0.0265, -0.1023, 0.1654|7320|0.8210, -0.7200, -0.6273, -0.5634, -0.7376, -0.0544, -0.1000, 0.2866|1618.2
22|1.0000, -1.0000, -0.5770, -0.3984, -0.0640, -0.0393, -0.2311, 0.3714|8000|0.7958, -0.7763, -0.6130, -0.5692, -0.6845, -0.0482, -0.1052, 0.2710|1639.0
23|1.0000, -1.0000, -0.5770, -0.3984, -0.0404, -0.0393, -0.0943, 0.2378|7740|0.7582, -0.8280, -0.5994, -0.5060, -0.7322, -0.0425, -0.1204, 0.2118|1621.8
24|1.0000, -1.0000, -0.5770, -0.3984, -0.0404, 0.0720, -0.0943, 0.3714|13860|0.7538, -0.7762, -0.5417, -0.5249, -0.7181, -0.0371, -0.1221, 0.2264|1893.8
25|0.5541, -1.0000, -0.4521, -0.3739, -0.0404, -0.0405, -0.0943, 0.3126|9160|0.7924, -0.8511, -0.5754, -0.5595, -0.6626, -0.0279, -0.1236, 0.2210|1796.2
26|1.0000, -1.0000, -0.4521, -0.3984, -0.0404, 0.0720, -0.0943, 0.3261|13880|0.7720, -0.9052, -0.5590, -0.5189, -0.5613, -0.0236, -0.1268, 0.2515|2209.0
27|1.0000, -1.0000, -0.4521, -0.3984, -0.0404, 0.0720, -0.0943, 0.3261|14420|0.7759, -0.9247, -0.5386, -0.4872, -0.4145, -0.0226, -0.1166, 0.2708|2566.6
28|1.0000, -1.0000, -0.5770, -0.3739, -0.0404, 0.0265, 0.1360, 0.3126|18840|0.7743, -0.9419, -0.5385, -0.4614, -0.3942, -0.0235, -0.1213, 0.2660|2886.6
29|0.5541, -1.0000, -0.4521, -0.5065, -0.1111, -0.0987, -0.0585, 0.3126|19240|0.7966, -0.9356, -0.4957, -0.4541, -0.3443, -0.0285, -0.1011, 0.2983|3528.2
30|0.5541, -1.0000, -0.4521, -0.3984, 0.0369, -0.0987, -0.1135, 0.3126|14120|0.7553, -0.9367, -0.4573, -0.4257, -0.3202, -0.0278, -0.0908, 0.2911|2831.2
31|1.0000, -1.0000, -0.5770, -0.3739, -0.0404, -0.0405, -0.2311, 0.3126|24120|0.7894, -0.8612, -0.4742, -0.4172, -0.2305, -0.0157, -0.0942, 0.2232|3485.6
32|1.0000, -1.0000, -0.4521, -0.3984, 0.0369, -0.0405, -0.0943, 0.3261|21220|0.8065, -0.9356, -0.5105, -0.4354, -0.1501, -0.0057, -0.0922, 0.2496|3345.6
