1|0.1436, -1.0000, -0.9517, -0.5634, -0.6385, 0.0923, -0.4886, -0.5838|1660|0.0546, -0.2085, -0.2073, -0.3075, -0.0860, 0.1979, 0.0104, 0.1798|195.0
2|0.3422, -1.0000, -0.2837, -0.5634, 0.2243, -0.0101, 0.2585, -0.1574|2860|0.1761, -0.3199, -0.2471, -0.3691, -0.1590, 0.2400, 0.1756, 0.1809|204.4
3|0.6407, -1.0000, -1.0000, -0.6081, 0.5906, 0.0599, 0.4037, 0.3511|2320|0.1504, -0.3621, -0.4649, -0.5670, -0.1676, 0.2274, 0.1083, 0.0310|341.8
4|0.1436, -0.8819, -1.0000, -0.8925, -0.3007, 0.0599, 0.2212, 0.3511|5660|0.2332, -0.4459, -0.5039, -0.7097, -0.1144, 0.2260, 0.0516, 0.0800|461.4
5|-0.4825, -1.0000, -1.0000, -0.5920, 0.2243, 0.0599, 0.2212, -0.1574|5220|0.2690, -0.5753, -0.5035, -0.8003, -0.1842, 0.1609, 0.0734, 0.0594|689.0
6|1.0000, -0.7134, -0.2450, -0.6173, 0.0848, -0.0101, 0.7929, 1.0000|2560|0.2629, -0.7021, -0.5773, -0.7818, -0.1268, 0.0582, 0.1217, 0.0558|720.8
7|0.1436, -1.0000, -0.2837, -0.6081, -0.3007, 0.1299, 0.2585, 0.3511|4380|0.2056, -0.7492, -0.6164, -0.7649, -0.2279, -0.0143, 0.1112, 0.1793|910.8
8|0.6767, -1.0000, -0.2837, -0.6173, -0.3007, 0.0923, 0.4037, 0.7620|5960|0.2228, -0.7736, -0.6738, -0.7512, -0.2344, -0.0709, 0.2014, 0.1309|901.6
9|1.0000, -1.0000, -0.2450, -0.5920, 0.2243, -0.0101, -0.3961, 0.1244|3400|0.3220, -0.7405, -0.6924, -0.7128, -0.2782, -0.1008, 0.1604, 0.2587|826.4
10|1.0000, -1.0000, -1.0000, -0.6173, -0.8382, -0.0101, -0.4497, -0.1574|4020|0.3810, -0.8108, -0.6416, -0.6987, -0.1937, -0.1088, 0.1306, 0.3004|1028.2
11|0.2711, -1.0000, -0.5491, -0.6173, -0.3007, 0.0599, -0.3961, 1.0000|4280|0.3962, -0.8626, -0.6303, -0.6411, -0.2212, -0.1209, 0.1800, 0.2396|964.0
12|0.2141, -1.0000, -0.5491, -0.3450, -0.1412, -0.7228, 0.3527, -0.2482|5060|0.3541, -0.9034, -0.6352, -0.6596, -0.2833, -0.1345, 0.1912, 0.2577|1115.6
13|0.1436, -1.0000, -0.1532, -0.5920, -0.0890, 0.0599, 0.2212, 0.6891|3060|0.4498, -0.9175, -0.5988, -0.6513, -0.2624, -0.1190, 0.1756, 0.2276|992.4
14|0.2141, -1.0000, -0.5491, -0.6173, -0.1412, -0.0101, 0.2585, -0.1574|5540|0.4482, -0.9559, -0.5960, -0.6288, -0.2866, -0.0723, 0.1627, 0.2413|1147.6
15|1.0000, -1.0000, -0.9028, -0.5490, -0.8382, 0.0599, 0.2212, 0.6891|5340|0.3687, -0.9732, -0.5869, -0.6413, -0.2864, -0.0113, 0.1714, 0.1740|1419.4
16|1.0000, -1.0000, -1.0000, -0.6173, -0.3351, -0.0101, 0.6309, 0.7620|6340|0.3754, -0.9455, -0.5612, -0.6422, -0.3153, -0.0001, 0.0929, 0.2129|1444.6
17|0.2711, -1.0000, -0.2837, -0.4939, -0.6385, -0.3371, 0.2585, -0.1574|4200|0.3831, -0.9151, -0.5056, -0.6426, -0.3004, -0.0038, 0.1699, 0.2255|1440.4
18|0.7689, -1.0000, -0.2778, -0.5490, -0.1412, 0.0969, 0.2585, 0.4260|11300|0.4412, -0.9862, -0.4319, -0.6259, -0.2738, 0.0135, 0.1671, 0.3231|1629.8
19|1.0000, -1.0000, -0.2837, -0.6173, 0.3145, 0.0599, 0.2212, -0.2368|9680|0.5228, -0.9870, -0.4378, -0.6172, -0.2016, -0.0050, 0.1609, 0.2997|1576.8
20|1.0000, -1.0000, -0.2837, -0.5490, -0.2681, 0.0599, 0.2212, 0.6891|8920|0.5766, -0.9900, -0.4591, -0.6128, -0.1917, 0.0148, 0.1508, 0.2474|1668.2
21|0.2711, -1.0000, -0.2837, -0.6173, 0.3145, 0.0177, 0.2585, 0.1744|7440|0.5377, -0.9971, -0.4805, -0.6206, -0.1761, 0.0263, 0.1024, 0.1541|1744.8
22|0.9627, -1.0000, -0.3217, -0.5920, -0.3226, -0.0101, 0.3101, 0.1411|10900|0.6320, -0.9783, -0.4767, -0.6223, -0.1014, 0.0185, 0.1663, 0.1680|1647.8
23|0.2711, -1.0000, -0.2837, -0.5920, 0.3145, 0.0177, 0.2585, 0.1744|6700|0.6683, -0.9961, -0.4462, -0.5839, -0.0837, 0.0182, 0.2007, 0.1574|2124.4
24|0.5576, -1.0000, -0.1582, -0.3062, 0.1754, 0.0334, 0.1234, -0.1655|12700|0.6719, -0.9404, -0.4210, -0.6078, -0.1029, 0.0217, 0.1322, 0.1178|1943.4
25|1.0000, -1.0000, -0.2837, -0.5920, 0.3145, 0.0679, 0.2585, 0.1744|18420|0.7353, -0.9917, -0.4581, -0.6111, -0.1038, 0.0193, 0.1433, 0.0606|2478.8
26|1.0000, -1.0000, -0.5491, -0.5490, 0.3145, 0.0599, 0.2141, -0.1574|10040|0.8071, -0.9886, -0.4570, -0.5558, -0.1224, 0.0274, 0.1617, 0.0862|2106.2
27|1.0000, -1.0000, -0.4529, -0.6173, 0.2594, 0.0744, 0.2212, 0.0911|11900|0.8483, -0.9841, -0.4503, -0.5692, -0.1198, 0.0180, 0.1722, 0.0534|2464.8
28|1.0000, -1.0000, -0.2837, -0.6173, -0.3410, 0.0599, 0.2212, 0.6891|5820|0.8769, -0.9933, -0.4279, -0.5731, -0.1314, 0.0224, 0.1332, 0.1039|1972.2
29|0.6672, -1.0000, -0.5491, -0.6173, -0.3410, 0.0679, 0.2212, 0.1744|9180|0.8710, -0.9715, -0.4213, -0.5766, -0.1018, 0.0192, 0.1669, 0.1256|2326.8
30|0.5278, -1.0000, -0.2899, -0.3258, -0.0745, 0.0359, 0.1168, 0.3637|14460|0.8517, -0.9739, -0.4275, -0.5523, -0.1257, 0.0139, 0.1637, 0.0875|2338.6
31|1.0000, -1.0000, -0.5491, -0.4902, -0.3175, 0.0494, -0.3961, 0.1744|12380|0.8698, -0.9765, -0.4261, -0.5644, -0.1409, 0.0150, 0.1422, 0.0899|2439.6
32|0.5874, -1.0000, -0.1667, -0.3626, -0.0830, 0.0399, 0.1299, 0.1828|14680|0.8565, -0.9479, -0.3991, -0.5442, -0.1255, -0.0001, 0.1204, 0.1356|2443.4
