1|0.0003, -0.8634, -0.3531, 0.1846, -0.8100, -1.0000, 0.9626, 0.6790|540|0.0966, -0.0699, -0.0872, 0.1226, -0.0387, 0.0779, -0.0135, -0.0507|29.4
2|0.6948, -0.6602, -1.0000, -0.2962, -0.9274, 0.2357, 0.7827, -0.8630|960|0.0940, -0.0957, -0.0939, 0.0931, -0.0684, 0.0174, -0.0033, -0.0534|64.4
3|0.1890, -0.1027, -1.0000, -0.9106, -0.0536, -0.6497, -0.7772, -0.2111|1640|0.1003, -0.1605, -0.1867, -0.0148, -0.1111, -0.0613, 0.1182, 0.0837|111.6
4|0.3550, -0.1172, -0.3189, -1.0000, -0.7488, -0.5009, 0.5791, 0.6790|940|0.0091, -0.1856, -0.2617, -0.2390, -0.2349, -0.1151, 0.2420, 0.0393|149.4
5|0.6948, -0.6602, -0.3183, -0.2962, -0.6217, -0.0896, -0.1738, -0.2283|2920|0.0278, -0.1867, -0.3720, -0.4922, -0.3980, -0.1357, 0.1810, 0.0391|259.0
6|0.6948, -0.9016, -1.0000, -1.0000, -0.0536, 0.2357, 0.6239, -0.2111|3260|0.0615, -0.2378, -0.4728, -0.6423, -0.4146, -0.2997, 0.2138, 0.0000|383.2
7|-0.4690, -0.1027, -1.0000, -1.0000, -0.0126, -0.6497, -0.7772, -0.2111|2120|0.1322, -0.2684, -0.4892, -0.7670, -0.4906, -0.4672, 0.1041, 0.0493|435.2
8|0.7399, -0.1172, -1.0000, -1.0000, -0.7488, 0.1173, 0.7929, 0.6790|2220|0.2474, -0.3595, -0.5487, -0.8648, -0.3495, -0.4822, 0.1438, 0.0551|488.0
9|0.6948, -0.6602, -1.0000, -1.0000, -0.0536, -0.6497, 0.9626, -0.2111|2700|0.2909, -0.4275, -0.6087, -0.8692, -0.3943, -0.3680, 0.1219, 0.1145|581.6
10|0.0616, -0.7669, -1.0000, -0.9106, -0.0536, 0.1173, 0.9626, 0.0263|2480|0.3384, -0.3970, -0.6318, -0.8744, -0.3286, -0.3197, 0.1352, 0.1195|613.6
11|0.3662, -0.7911, -0.4906, -1.0000, -0.3484, 0.1210, -0.1793, 0.5224|2460|0.3846, -0.4436, -0.5923, -0.8870, -0.3324, -0.3002, 0.1717, 0.1479|612.0
12|0.0616, -0.7669, -1.0000, -1.0000, -0.0126, 0.1173, 0.3409, -0.1247|3260|0.3981, -0.5251, -0.6592, -0.8889, -0.3018, -0.2570, 0.1911, 0.0877|743.8
13|0.3550, -0.7669, -1.0000, -1.0000, -0.0126, 0.1173, 0.3409, 1.0000|2580|0.4579, -0.5350, -0.6602, -0.9011, -0.3370, -0.1554, 0.2273, 0.0779|632.8
14|0.6948, -0.6602, -1.0000, -1.0000, -0.0536, 0.1288, 0.3409, -0.1247|6200|0.5071, -0.5787, -0.7767, -0.9005, -0.3113, -0.2711, 0.1591, 0.1523|946.8
15|0.6948, -0.9016, -1.0000, -1.0000, -0.0536, 0.1288, 0.3409, -0.1247|2640|0.4876, -0.6161, -0.7911, -0.8816, -0.1304, -0.2527, 0.0667, 0.3136|774.6
16|-0.0002, -0.4215, -1.0000, -0.5274, -0.0004, -0.1913, -0.7772, -0.1348|3080|0.4762, -0.6124, -0.8921, -0.8200, -0.1706, -0.2629, 0.0321, 0.2550|818.2
17|0.7927, -0.7911, -1.0000, -0.9106, 0.0048, 0.1288, 0.6203, -0.2283|4200|0.5372, -0.6368, -0.8632, -0.9068, -0.1609, -0.2470, 0.1431, 0.1470|839.8
18|0.3550, -0.6602, -1.0000, -1.0000, -0.0126, -0.2996, 0.9626, 1.0000|7740|0.4922, -0.6222, -0.8795, -0.9162, -0.1716, -0.2128, 0.1541, 0.1898|1162.2
19|0.3550, -0.7911, -1.0000, -1.0000, 0.0875, 0.1288, 0.3744, 1.0000|6560|0.4495, -0.6587, -0.8913, -0.9342, -0.1972, -0.2348, 0.1950, 0.2536|1084.0
20|0.2431, -0.7911, -1.0000, -1.0000, -0.0086, 0.1288, 0.3744, -0.2111|4180|0.4510, -0.6762, -0.8500, -0.8389, -0.2365, -0.1676, 0.1335, 0.3156|973.0
21|0.6948, -0.7251, -1.0000, -0.7928, -0.0080, 0.1021, 0.3409, 0.7928|6420|0.4164, -0.6708, -0.8795, -0.8451, -0.2173, -0.1948, 0.3294, 0.2290|1091.6
22|0.2169, -0.7251, -1.0000, -0.6111, -0.0034, -0.0523, 0.1435, -0.0762|4620|0.5402, -0.7539, -0.8488, -0.8347, -0.2645, -0.1881, 0.1879, 0.2757|1100.6
23|0.6948, -0.9016, -1.0000, -1.0000, -0.6376, 0.1021, 0.3744, 0.2345|6460|0.6168, -0.8025, -0.8575, -0.8543, -0.2588, -0.2112, 0.1783, 0.1988|1368.8
24|0.6948, -1.0000, -0.3613, -0.3323, -0.0080, 0.1021, -0.3828, -0.1309|5200|0.6468, -0.7866, -0.8620, -0.8418, -0.2454, -0.2102, 0.0602, 0.2392|1244.4
25|0.8006, -1.0000, -0.3613, -0.3323, -0.0618, 0.1351, -0.4991, -0.1309|6200|0.6549, -0.7540, -0.8660, -0.8249, -0.2120, -0.1641, 0.0114, 0.2419|1152.0
26|0.4629, -1.0000, -0.3613, -0.4078, -0.0618, 0.1351, 0.0028, -0.1309|4900|0.6480, -0.7522, -0.8663, -0.7992, -0.1843, -0.1851, 0.1514, 0.2096|1016.0
27|0.6948, -0.6602, -1.0000, -1.0000, -0.0314, 0.1288, 0.3409, 1.0000|8180|0.6054, -0.7606, -0.8073, -0.7067, -0.1938, -0.1637, 0.1361, 0.1951|1135.6
28|0.4629, -1.0000, -0.3613, -0.4078, -0.0618, 0.1351, 0.0031, -0.1309|7580|0.6022, -0.7343, -0.7448, -0.7692, -0.2092, -0.1728, 0.0973, 0.2516|1193.0
29|0.5327, -1.0000, -0.2770, -0.3126, 0.0007, 0.0987, 0.2613, -0.1003|14720|0.5915, -0.7656, -0.7532, -0.7102, -0.1935, -0.1298, -0.0126, 0.3319|1563.8
30|0.5327, -1.0000, -0.2770, -0.3126, 0.0007, 0.0987, 0.2613, 0.0904|12320|0.5862, -0.8253, -0.6966, -0.7360, -0.1942, -0.1091, -0.0141, 0.3537|1660.6
31|0.5327, -0.7911, -0.2770, -0.3126, 0.0007, 0.0987, 0.2613, 0.0904|10780|0.6201, -0.8484, -0.6443, -0.6373, -0.1930, -0.1084, -0.0364, 0.3484|1751.8
32|0.5327, -1.0000, -0.2770, -0.3126, 0.0007, 0.0987, 0.2613, 0.0904|17000|0.6204, -0.9078, -0.6168, -0.5966, -0.1163, -0.1056, 0.0265, 0.3439|2185.4
