1|-0.0781, -0.0204, -1.0000, -0.9768, 0.3025, 0.3541, 0.1161, -0.2895|1700|-0.0327, 0.0380, -0.0836, -0.3350, 0.0180, 0.0754, -0.0266, 0.0314|127.0
2|0.2048, -0.2390, -1.0000, -0.8532, -0.2677, 0.7221, -0.9182, 0.0261|1920|0.0616, -0.0308, -0.2772, -0.6172, 0.0716, 0.0603, 0.0236, -0.2215|206.6
3|0.2863, -1.0000, -0.3443, -0.8327, -0.1857, -0.4738, 0.3852, -0.9749|1320|0.1220, -0.0199, -0.4779, -0.7724, 0.0500, -0.0223, 0.1175, -0.3572|250.2
4|0.2007, -1.0000, -0.3443, -0.8327, 0.6262, 0.4124, 0.3852, 0.0015|2780|0.1345, -0.0238, -0.6916, -0.5342, -0.0997, -0.0507, 0.1742, -0.3378|336.4
5|0.2863, -0.8057, -0.3443, -0.2453, -0.1857, -0.4738, -0.0376, 0.2929|2860|0.2549, -0.2377, -0.5516, -0.6749, -0.1258, -0.0683, 0.0785, -0.4035|445.4
6|0.1090, -0.0204, -1.0000, -0.9768, 0.3025, -0.2738, 0.5532, -0.9198|3140|0.1267, -0.3874, -0.6349, -0.7291, -0.0784, -0.1428, 0.0219, -0.2504|502.4
7|0.9781, -1.0000, -0.4556, -0.3045, -0.1436, -0.4690, 0.4781, 0.3635|3120|0.2493, -0.4885, -0.6236, -0.5791, -0.1566, -0.1535, 0.1149, -0.3146|610.8
8|1.0000, -0.9003, -0.7145, -0.5764, -0.3609, -0.4289, -0.5385, 0.3272|4620|0.3786, -0.6492, -0.5932, -0.6524, -0.1825, -0.3693, 0.0930, -0.3513|879.6
9|0.9781, -1.0000, -0.4556, -0.3045, -0.1790, -0.6206, 0.4781, 0.3635|5660|0.2298, -0.7602, -0.6084, -0.5944, -0.2035, -0.4215, 0.1711, -0.2571|1079.6
10|0.9781, -1.0000, -0.4556, -0.3045, -0.1436, -0.4690, 0.4781, 0.1442|9400|0.3630, -0.7935, -0.6333, -0.5757, -0.1404, -0.4152, 0.3488, -0.1687|1268.2
11|0.2249, -1.0000, -0.5782, -0.6703, 0.0766, -0.1754, 0.7927, -0.0661|5140|0.4312, -0.7800, -0.6458, -0.5165, -0.0726, -0.4186, 0.4138, -0.1721|1080.8
12|1.0000, -1.0000, -0.5782, -0.3113, 0.0766, 0.3442, 0.4888, -0.0661|5220|0.5276, -0.8189, -0.5851, -0.5509, -0.0970, -0.4026, 0.2557, -0.1009|1267.0
13|-0.1976, -1.0000, -0.4556, -0.3045, -0.1436, 0.0780, -0.0193, 0.1442|7120|0.5212, -0.8792, -0.5368, -0.5182, -0.1031, -0.2726, 0.3273, -0.0333|1359.8
14|0.2249, -1.0000, -0.3443, -0.2825, 0.0766, -0.1754, 0.4781, 0.1442|4880|0.5510, -0.8731, -0.4954, -0.5053, -0.1168, -0.3456, 0.2625, -0.0217|1397.4
15|1.0000, -1.0000, -0.4556, -0.3045, -0.2591, -0.4690, -0.5028, 0.3635|5260|0.5387, -0.9344, -0.4937, -0.4990, -0.0753, -0.3247, 0.3069, -0.0630|1476.6
16|0.9781, -1.0000, -0.4556, -0.3045, -0.1436, -0.0105, 0.4781, 0.1442|7140|0.5701, -0.9598, -0.3990, -0.4929, -0.1042, -0.3343, 0.2961, -0.0986|1353.8
17|0.9781, -1.0000, -0.4556, -0.3045, -0.1436, -0.0105, -0.0193, 0.1442|9140|0.4573, -0.7463, -0.4523, -0.4292, -0.0683, -0.3082, 0.2892, -0.1387|1438.0
18|0.9781, -0.8695, -0.5134, -0.3045, -0.1436, -0.0105, -0.0193, 0.1442|12560|0.6049, -0.8350, -0.4856, -0.2914, -0.0806, -0.2908, 0.3279, -0.2064|1447.6
19|0.9781, -1.0000, -0.4556, -0.3045, -0.1127, -0.0105, -0.0193, 0.1442|10140|0.5528, -0.9466, -0.3955, -0.3971, -0.1553, -0.2964, 0.2052, -0.2280|1581.4
20|0.9781, -1.0000, -0.4556, -0.3045, -0.1127, -0.0105, -0.0193, 0.1442|13700|0.6789, -0.9630, -0.4540, -0.3926, -0.1054, -0.2841, 0.2146, -0.2180|1928.0
21|0.9781, -1.0000, -0.4556, -0.3045, 0.0766, -0.0105, 0.2576, -0.5977|10920|0.6765, -0.9963, -0.4475, -0.3934, -0.0828, -0.3002, 0.2994, -0.1522|1882.4
22|0.9781, -1.0000, -0.5782, -0.3045, -0.1127, -0.0105, -0.0193, -0.0661|8880|0.6570, -0.9927, -0.4611, -0.3443, -0.0831, -0.3183, 0.3010, -0.1703|1944.4
23|0.9781, -1.0000, -0.5782, -0.3045, -0.1127, -0.0545, -0.0193, 0.0669|12440|0.8082, -0.9894, -0.4921, -0.3737, -0.0705, -0.2360, 0.3197, -0.2023|2193.0
24|0.9781, -1.0000, -0.4556, -0.3045, -0.1436, 0.0592, 0.4781, -0.7343|6480|0.8244, -0.9887, -0.4482, -0.2943, -0.0504, -0.2098, 0.3159, -0.1722|1625.2
25|0.9781, -1.0000, -0.0814, -0.3579, 0.1293, -0.0545, 0.2461, 0.3272|13780|0.7919, -0.9892, -0.4495, -0.3452, -0.0578, -0.1987, 0.3007, -0.1147|2415.8
26|0.9781, -1.0000, -0.4556, -0.3045, -0.0736, -0.0105, -0.0193, 0.1442|27260|0.8449, -0.9835, -0.4223, -0.3191, -0.0765, -0.1676, 0.1842, -0.0791|3193.4
27|0.9781, -1.0000, -0.0814, -0.3579, 0.1293, -0.0545, 0.2461, 0.3272|19360|0.8967, -0.9571, -0.3745, -0.3265, -0.0878, -0.1835, 0.1533, -0.0541|2538.0
28|0.9781, -1.0000, -0.5782, -0.3045, 0.0766, -0.0105, 0.3230, 0.1296|20340|0.9017, -0.8451, -0.4267, -0.2614, -0.0658, -0.1127, 0.1721, -0.0563|2636.2
29|0.5996, -1.0000, -0.3545, -0.1866, 0.0470, 0.0363, -0.0010, 0.0795|37220|0.9393, -0.9012, -0.4350, -0.3228, -0.0908, -0.0936, 0.1355, 0.0019|3346.0
30|0.9781, -1.0000, -0.2541, -0.3045, -0.1127, -0.0545, 0.2023, 0.3272|41140|0.9192, -0.9514, -0.4120, -0.3175, -0.0938, -0.0620, 0.0648, -0.0427|3713.2
31|0.5996, -1.0000, -0.3545, -0.1866, 0.0470, 0.0363, -0.0010, 0.0795|30400|0.7509, -0.8341, -0.4007, -0.3169, -0.0730, -0.0426, 0.0495, -0.0093|3411.8
32|1.0000, -0.7648, -0.4885, -0.3045, -0.1127, -0.0545, 0.0182, 0.0425|15260|0.8292, -0.7668, -0.3692, -0.3126, -0.0679, -0.0462, 0.0613, 0.0057|2342.2
