1|0.9457, -1.0000, -0.8048, -0.5233, -1.0000, -0.9164, -0.5804, 0.8993|2200|0.0593, -0.0181, 0.0030, -0.0454, -0.0321, 0.0416, -0.0477, -0.1895|117.2
2|0.7950, -1.0000, -0.5513, -0.5148, 0.2405, 0.8345, 0.3747, -0.4753|3100|0.1541, -0.1790, -0.1267, -0.1572, -0.0264, -0.0182, 0.0361, -0.2384|240.0
3|0.7950, -1.0000, -0.1425, -0.2528, -1.0000, -0.9039, -0.6286, 0.6693|2280|0.3186, -0.3285, -0.1645, -0.2805, -0.1235, -0.1560, 0.0224, -0.2259|270.4
4|1.0000, -0.3276, -0.6233, -0.3268, -0.1265, -0.0802, 0.1287, 0.1057|3320|0.5023, -0.3264, -0.2349, -0.4184, -0.2468, -0.3729, 0.0812, -0.1400|528.4
5|0.7950, -1.0000, -0.3991, -0.5706, -0.3362, -0.8290, -0.4583, 0.0497|3100|0.5400, -0.3467, -0.3078, -0.4558, -0.2333, -0.4625, 0.0010, -0.1450|482.2
6|0.7950, -1.0000, -0.1425, -0.3268, -0.1265, -0.1886, 0.1287, 0.6693|7180|0.7239, -0.5412, -0.3909, -0.4699, -0.2941, -0.5433, 0.0102, -0.1533|1050.4
7|1.0000, -1.0000, -0.1035, -0.2374, -1.0000, -0.1370, 0.3747, -0.4218|3980|0.5758, -0.6272, -0.3629, -0.3424, -0.3457, -0.4621, -0.0367, -0.0800|709.0
8|0.9457, -1.0000, -0.8048, -0.5233, -0.8947, -0.9039, -0.5804, 0.6693|5300|0.7734, -0.7196, -0.3564, -0.3931, -0.3963, -0.5729, -0.0671, 0.0161|945.6
9|1.0000, -1.0000, -0.1425, -0.2528, -0.0740, -0.0863, -0.6286, -0.1775|5940|0.7812, -0.8005, -0.3826, -0.3939, -0.4231, -0.6571, -0.0584, 0.0924|1009.0
10|1.0000, -1.0000, -0.6233, -0.5706, -0.3362, -0.0802, 0.1327, 0.1550|5880|0.5897, -0.8800, -0.3678, -0.3708, -0.4122, -0.5871, -0.0820, 0.1994|1076.6
11|0.3687, -1.0000, -0.2557, -0.1516, -0.0587, -0.4053, 0.0597, -0.3725|9500|0.7602, -0.7138, -0.3205, -0.3772, -0.3761, -0.5533, -0.0574, 0.2197|1456.2
12|1.0000, -1.0000, -0.2557, -0.1516, -0.1016, -0.4053, 0.1022, 0.3321|7400|0.7193, -0.8378, -0.4170, -0.3451, -0.3679, -0.5402, 0.0171, 0.1396|1399.2
13|1.0000, -0.8879, -0.1265, -0.2245, -0.0740, -0.0767, 0.1375, 0.1057|15120|0.6401, -0.8307, -0.4001, -0.3413, -0.3913, -0.4791, 0.0191, 0.1843|1653.0
14|0.7950, -1.0000, -0.2557, -0.2374, -0.1016, -0.4053, -0.1014, 0.1550|12620|0.6479, -0.8551, -0.3934, -0.3304, -0.3340, -0.4193, 0.1310, 0.2318|1621.8
15|1.0000, -1.0000, -0.0929, -0.1516, -0.1016, -0.3977, -0.1279, 0.1057|9520|0.6060, -0.9343, -0.3163, -0.3229, -0.3114, -0.3869, 0.0907, 0.2086|1786.2
16|0.7950, -1.0000, -0.1425, -0.2528, -0.1016, -0.0600, 0.1022, 0.1550|40000|0.5973, -0.9035, -0.2606, -0.3009, -0.3425, -0.4573, 0.0303, 0.2411|2503.2
17|0.5137, -1.0000, -0.0477, -0.0779, -0.0522, -0.2043, 0.0682, -0.0810|25960|0.5315, -0.9627, -0.2215, -0.2774, -0.2687, -0.4009, 0.0489, 0.1504|2223.0
18|1.0000, -1.0000, -0.1145, -0.2405, 0.1074, -0.0600, 0.1022, -0.2724|14180|0.5595, -0.9529, -0.1901, -0.2365, -0.2967, -0.3483, 0.0585, 0.0546|1855.0
19|0.3802, -1.0000, -0.1353, -0.2528, -0.1016, -0.0600, -0.1279, 0.1550|14560|0.6691, -0.9343, -0.1677, -0.3104, -0.2594, -0.2500, 0.0782, 0.0771|2695.8
20|0.7950, -1.0000, -0.0828, -0.1516, -0.1016, -0.0600, -0.1279, 0.1057|90180|0.7178, -0.9004, -0.1807, -0.2941, -0.2449, -0.1827, 0.0524, 0.0349|4031.2
21|0.3990, -1.0000, -0.0828, -0.2528, 0.1224, -0.0600, 0.1704, 0.1550|45680|0.6892, -0.9057, -0.1476, -0.2399, -0.2085, -0.2193, 0.0256, 0.0302|3685.8
22|1.0000, -1.0000, -0.1523, -0.1918, -0.1218, 0.0421, 0.0718, -0.1775|33160|0.6754, -0.9446, -0.1598, -0.2775, -0.2094, -0.1949, 0.0220, 0.0289|3907.4
23|0.3687, -1.0000, -0.1353, -0.1516, -0.1016, -0.0767, -0.0707, 0.0326|73480|0.6587, -0.9750, -0.1813, -0.2707, -0.1739, -0.1660, 0.0044, 0.0940|6313.0
24|0.4987, -1.0000, -0.0520, -0.1586, 0.0330, -0.0377, -0.0601, 0.0498|52460|0.6461, -0.9818, -0.1934, -0.2540, -0.1201, -0.1584, 0.0206, 0.1055|6454.2
25|0.4987, -1.0000, -0.0520, -0.1586, 0.0330, -0.0377, 0.1327, 0.1384|53840|0.5884, -0.9741, -0.1738, -0.2604, -0.0748, -0.1130, 0.0167, 0.1019|7450.0
26|0.7950, -1.0000, -0.1353, -0.1516, -0.1102, -0.0600, -0.1279, 0.0626|80180|0.6536, -0.9681, -0.1538, -0.2526, -0.0580, -0.1066, 0.0239, 0.1036|10121.8
27|0.7950, -1.0000, -0.1353, -0.1516, -0.1016, -0.0600, -0.1279, 0.1550|87180|0.6684, -0.8958, -0.1327, -0.2656, -0.0577, -0.0688, -0.0154, 0.1361|10441.0
28|0.4222, -1.0000, -0.0520, -0.1586, 0.0330, -0.0377, 0.1327, 0.1384|119180|0.6475, -0.9699, -0.1185, -0.2085, -0.0360, -0.0345, -0.0139, 0.1138|11258.6
29|0.5346, -1.0000, -0.0443, -0.1352, 0.0056, -0.0105, 0.0039, -0.0843|144240|0.6801, -0.9929, -0.1143, -0.2451, -0.0148, -0.0265, -0.0143, 0.1099|13528.8
30|1.0000, -1.0000, -0.0835, -0.1352, -0.0714, -0.0105, -0.1279, 0.0490|158940|0.6448, -0.9759, -0.0943, -0.2301, -0.0120, -0.0025, 0.0038, 0.1205|18784.0
31|0.5346, -1.0000, -0.0443, -0.1352, 0.0056, -0.0105, -0.0065, -0.0843|88720|0.6295, -0.9768, -0.0807, -0.2002, 0.0267, 0.0042, 0.0412, 0.1197|14845.8
32|0.6330, -1.0000, -0.0385, -0.1188, -0.0587, 0.1006, -0.0697, 0.0502|129180|0.6668, -1.0000, -0.0723, -0.2251, 0.0088, 0.0076, 0.0179, 0.1087|15204.2
