1|1.0000, -0.5927, -0.5755, -0.6438, -0.5442, 0.4917, -0.1664, 0.2776|1220|0.1294, 0.0902, -0.0178, -0.0570, -0.0219, -0.1478, -0.0059, -0.0263|91.6
2|0.1136, -0.0890, -0.7276, -0.3757, 0.0683, -1.0000, -0.6898, -0.4006|1640|0.2644, 0.1341, -0.0086, -0.1725, -0.1009, -0.1326, -0.0130, 0.0052|148.0
3|1.0000, -0.3425, -0.5755, -0.6438, -0.2149, 0.4917, -0.1664, 0.2776|2200|0.3623, 0.0815, -0.1821, -0.4524, -0.1961, -0.1228, -0.0582, -0.0585|188.0
4|1.0000, -0.3533, -0.2877, -0.4400, -0.2721, 0.0523, -0.0832, -0.0854|3120|0.4272, -0.0731, -0.3086, -0.6516, -0.2768, -0.2024, -0.0863, -0.2274|309.4
5|-0.0649, -0.3733, -0.7276, -0.3757, 0.0683, -1.0000, -0.4029, -0.2309|3380|0.5329, -0.2209, -0.3886, -0.5733, -0.3695, -0.1650, -0.0577, -0.1576|518.4
6|0.7761, -1.0000, -0.5827, -0.7340, -0.4224, 0.0812, -0.0625, -0.1792|3720|0.5807, -0.2972, -0.3763, -0.6661, -0.2309, -0.2270, -0.0737, -0.2134|558.0
7|1.0000, -0.9166, -0.7276, -1.0000, 0.5019, 0.2323, -0.0832, -0.0854|7040|0.4795, -0.4044, -0.4976, -0.6161, -0.2021, -0.1185, 0.0642, -0.1747|759.4
8|1.0000, -0.9166, -0.1530, -0.3070, 0.0588, 0.2323, -0.1432, 0.1450|31600|0.6096, -0.4551, -0.4451, -0.6109, -0.2479, -0.0131, 0.0272, -0.1004|1125.8
9|1.0000, -1.0000, -0.2877, -0.6438, -0.1012, 0.1618, -0.4029, 0.5366|6480|0.5946, -0.4146, -0.4334, -0.6020, -0.1665, -0.0686, 0.0391, -0.1393|835.6
10|1.0000, -0.9166, -0.2091, -0.4400, -0.2721, -0.0494, -0.1432, -0.1120|3280|0.6409, -0.4305, -0.4047, -0.5325, -0.1732, -0.0917, 0.0341, -0.0981|783.8
11|0.1417, -1.0000, -0.5093, -0.4400, 0.0785, -0.0494, 0.0397, -0.0931|11100|0.6854, -0.4661, -0.3781, -0.5749, -0.2159, -0.1113, -0.0243, -0.1268|1064.6
12|1.0000, -1.0000, -0.1530, -0.3070, 0.0588, -0.0047, 0.0844, -0.1735|9520|0.7053, -0.5478, -0.4129, -0.5252, -0.2421, -0.0724, 0.0202, -0.1120|1100.2
13|1.0000, -0.9166, -0.1530, -0.3070, 0.0588, -0.0494, -0.1432, -0.1120|6420|0.7213, -0.6571, -0.3784, -0.4522, -0.1614, -0.0847, -0.0362, -0.1109|1451.8
14|1.0000, -0.9166, -0.1530, -0.3070, 0.0588, -0.0494, -0.1432, -0.1120|8840|0.7884, -0.7673, -0.3519, -0.4865, -0.1276, -0.0924, -0.0548, -0.1479|1823.2
15|0.1417, -1.0000, -0.1506, -0.1152, 0.0785, -0.0494, 0.0756, 0.0579|13940|0.7302, -0.8229, -0.3519, -0.4190, -0.1768, -0.1188, -0.0263, -0.1248|2002.2
16|0.6137, -1.0000, -0.1437, -0.3401, 0.0785, -0.1305, 0.2277, -0.1099|12020|0.7201, -0.7260, -0.2787, -0.3886, -0.1156, -0.0902, -0.0344, -0.0654|2074.6
17|1.0000, -0.9166, -0.1506, -0.3070, -1.0000, -0.0091, 0.0756, 0.0044|18620|0.7868, -0.9187, -0.2645, -0.4240, -0.0973, -0.0483, -0.0215, -0.0422|2778.4
18|0.5844, -1.0000, -0.1682, -0.2571, -0.1590, 0.0412, 0.0031, -0.0045|17180|0.7596, -0.9006, -0.2521, -0.3545, -0.0759, -0.0355, -0.0332, -0.0247|2728.0
19|0.6137, -1.0000, -0.2877, -0.2733, 0.1196, -0.1949, 0.0033, -0.0048|14800|0.7742, -0.8073, -0.2160, -0.3348, -0.0844, -0.0575, -0.0231, -0.0267|2321.6
20|0.1417, -1.0000, -0.1506, -0.1152, -0.1166, -0.0036, 0.0756, 0.0852|18680|0.7323, -0.8407, -0.2240, -0.3270, -0.0218, -0.0402, -0.0417, -0.0363|2734.6
21|0.3041, -1.0000, -0.1036, -0.2180, 0.0568, -0.0647, -0.1153, 0.0940|26020|0.6320, -0.9281, -0.2436, -0.3577, -0.0402, -0.0436, -0.0420, -0.0590|3708.8
22|1.0000, -1.0000, -0.4059, -0.2954, 0.0769, 0.0060, -0.2159, 0.2401|22120|0.6438, -0.8900, -0.2288, -0.2857, -0.0591, -0.0448, -0.0290, -0.0433|4039.6
23|0.5603, -1.0000, -0.1172, -0.2493, 0.0199, 0.0878, 0.0375, 0.0351|25300|0.5899, -0.8861, -0.2348, -0.2567, -0.0496, -0.0264, -0.0185, -0.0222|4066.0
24|0.5603, -1.0000, -0.1172, -0.2493, 0.0199, 0.0878, 0.0375, 0.0351|51200|0.4901, -0.8953, -0.1934, -0.2210, -0.0654, -0.0451, -0.0075, -0.0478|4032.0
25|0.5603, -1.0000, -0.1172, -0.2493, 0.0634, -0.0598, 0.0669, 0.0351|22940|0.5272, -0.8644, -0.1886, -0.2669, -0.0406, -0.0556, 0.0081, -0.0525|3695.2
26|0.5603, -1.0000, -0.0358, -0.1152, -0.0119, -0.0016, -0.0629, 0.0295|603540|0.4608, -0.9307, -0.2156, -0.2911, -0.0205, -0.0474, 0.0107, -0.0218|10175.0
27|0.5603, -1.0000, -0.0358, -0.1152, -0.0119, -0.0016, -0.0629, 0.0295|266000|0.4615, -0.9625, -0.2046, -0.2931, -0.0031, -0.0498, 0.0106, -0.0279|7629.8
28|1.0000, -1.0000, -0.1506, -0.1287, -0.1436, -0.0393, 0.0023, 0.0054|54780|0.5783, -0.7627, -0.1888, -0.2150, -0.0116, -0.0292, -0.0064, -0.0382|5709.8
29|0.1417, -1.0000, -0.1604, -0.2255, 0.0785, -0.0010, 0.0503, 0.0852|63380|0.4714, -0.9071, -0.2018, -0.1932, -0.0152, -0.0172, 0.0016, -0.0180|6767.6
30|1.0000, -1.0000, -0.1506, -0.0925, -0.1031, -0.0865, 0.0023, 0.0054|63620|0.5432, -0.9462, -0.1695, -0.1730, -0.0247, -0.0336, -0.0035, -0.0152|5730.4
31|1.0000, -1.0000, 0.0016, -0.1067, -0.0367, -0.1330, 0.0031, 0.0666|63120|0.5707, -0.8796, -0.1420, -0.1750, -0.0180, -0.0259, 0.0110, -0.0014|6644.0
32|0.1108, -1.0000, 0.0098, -0.1045, -0.0367, 0.0058, 0.0591, 0.0408|236520|0.6169, -0.8781, -0.1112, -0.1858, -0.0360, -0.0249, 0.0196, 0.0115|7227.6
