1|1.0000, -0.7660, -0.5235, -0.6688, -0.9602, -0.3640, -0.3307, -0.5001|2060|-0.0731, -0.1144, -0.1935, -0.0874, -0.0276, 0.0481, 0.0105, 0.0731|144.2
2|1.0000, -0.7989, -0.7515, -0.9003, -0.9477, -0.1391, -0.6110, 0.1527|2680|-0.2208, -0.1461, -0.1558, -0.1735, -0.1242, -0.0761, -0.1613, 0.0985|130.0
3|0.1630, -0.9097, -0.9515, -0.5060, -0.1222, 0.3817, -0.4653, 0.2857|2200|-0.2153, -0.1482, -0.3838, -0.2658, -0.1525, -0.1512, -0.1794, 0.1557|197.8
4|1.0000, -0.7989, -0.7515, -0.9003, -0.9477, -0.1391, -0.6110, 0.7770|2000|-0.1976, -0.2240, -0.4903, -0.4376, -0.1648, -0.2530, -0.2475, 0.1709|260.6
5|0.8407, -1.0000, -0.3891, -0.4254, -0.1028, -0.4824, -0.6664, -0.7897|2060|-0.0587, -0.2237, -0.4381, -0.6119, -0.0889, -0.2699, -0.2977, 0.0166|258.2
6|0.9868, -0.9868, -0.3324, -0.4132, -1.0000, 0.5182, 0.0785, 0.0425|2880|0.0514, -0.2723, -0.4001, -0.6888, -0.1909, -0.3666, -0.1856, -0.0350|431.6
7|-1.0000, -0.4809, -0.7130, -0.9104, -0.2236, -0.9250, 0.2818, 0.1583|1700|0.2640, -0.3929, -0.3602, -0.7215, -0.2197, -0.4211, -0.2504, -0.1619|474.2
8|1.0000, -0.3413, -0.5955, -0.4132, -0.5273, 0.1757, -0.1894, 0.0425|3720|0.4049, -0.4441, -0.3912, -0.6887, -0.2374, -0.4345, -0.2422, -0.2160|682.4
9|1.0000, -0.3413, -0.5955, -0.5560, -0.5273, 0.1757, 0.0480, -0.0576|2620|0.5612, -0.4458, -0.3517, -0.6541, -0.2413, -0.4192, -0.0934, -0.1266|592.6
10|0.5940, -1.0000, -0.2749, -0.3006, 0.0329, -0.3408, -0.2208, -0.3848|5700|0.5835, -0.5077, -0.3922, -0.5947, -0.2989, -0.3168, -0.1156, -0.0276|813.8
11|0.6117, -0.8120, -0.6197, -0.6229, -0.1626, -0.0749, -0.1297, 1.0000|10620|0.5635, -0.5160, -0.4325, -0.6426, -0.2896, -0.2618, -0.0966, -0.0088|826.2
12|0.4458, -1.0000, -0.2749, -0.3006, 0.0329, -0.3408, -0.4227, -0.5580|3000|0.5979, -0.6421, -0.3983, -0.5314, -0.3147, -0.2692, -0.0539, -0.0284|751.6
13|1.0000, -1.0000, -0.3369, -0.8164, -0.5273, 0.0273, 0.0480, 0.0431|2680|0.6041, -0.6207, -0.4265, -0.5658, -0.3120, -0.2478, -0.0860, -0.1502|786.6
14|0.8623, -1.0000, -0.5253, -0.3923, -0.5273, -0.3408, -0.2208, -0.0576|4660|0.6010, -0.7179, -0.4314, -0.5347, -0.2051, -0.2569, -0.0276, -0.2287|981.4
15|-0.0196, -1.0000, -0.6197, -0.3046, 0.0333, -0.3408, 0.0795, -0.3899|7340|0.5647, -0.7452, -0.4460, -0.5526, -0.1929, -0.3269, 0.0989, -0.0751|1153.0
16|0.8623, -1.0000, -0.2749, -0.3923, -0.5273, -0.3408, 0.0556, -0.0576|5840|0.5831, -0.8217, -0.4218, -0.5336, -0.2287, -0.3342, 0.1662, -0.1335|1124.0
17|0.7186, -1.0000, -0.5266, -0.5985, 0.0329, -0.3408, 0.4457, 0.0431|6740|0.6418, -0.7319, -0.4306, -0.5217, -0.2961, -0.3464, 0.1461, -0.0251|1206.2
18|1.0000, -1.0000, -0.3369, -0.5060, -0.4873, 0.0273, 0.0831, 0.1191|6040|0.7201, -0.7610, -0.4191, -0.4873, -0.3048, -0.3059, 0.1585, -0.0565|1338.8
19|1.0000, -1.0000, -0.3369, -0.5060, -0.2699, 0.0273, 0.0831, 0.1191|8420|0.7821, -0.7867, -0.3735, -0.4746, -0.2346, -0.3056, 0.1385, -0.0341|1546.6
20|1.0000, -1.0000, -0.3369, -0.5060, -0.2699, 0.0273, 0.0831, 0.1191|8940|0.6810, -0.8464, -0.3600, -0.4896, -0.2292, -0.3342, 0.1707, -0.0229|1594.8
21|0.5402, -1.0000, -0.2501, -0.3233, -0.1150, -0.1841, -0.0701, 0.1432|12900|0.7320, -0.9234, -0.3170, -0.4898, -0.2092, -0.2729, 0.1821, -0.0377|1797.0
22|0.5402, -1.0000, -0.2501, -0.3233, -0.1150, 0.0982, -0.0701, 0.1432|14760|0.7936, -0.9667, -0.2986, -0.3993, -0.2199, -0.2439, 0.1979, 0.0170|2077.0
23|0.5402, -1.0000, -0.2501, -0.2830, -0.1150, 0.0982, -0.0701, 0.1432|14280|0.8043, -0.9590, -0.2735, -0.4171, -0.2230, -0.2419, 0.1868, 0.0480|2336.8
24|0.8623, -1.0000, -0.2687, -0.5953, 0.4908, 0.0273, 0.0831, 0.0431|13140|0.8081, -0.8909, -0.3200, -0.4141, -0.1744, -0.2345, 0.1053, 0.0211|2752.0
25|0.5402, -1.0000, -0.2102, -0.2830, 0.0732, 0.0982, 0.0480, 0.1432|30140|0.8140, -0.9660, -0.3553, -0.4177, -0.0963, -0.2142, 0.0790, 0.0256|2793.8
26|0.6176, -1.0000, -0.2684, -0.2530, 0.0602, 0.0808, -0.0105, 0.1178|44740|0.7568, -0.8063, -0.3429, -0.3567, -0.1046, -0.2072, 0.0700, 0.0302|2924.6
27|0.8802, -1.0000, -0.2102, -0.1095, -0.1339, -0.1422, -0.0051, -0.0721|24480|0.7794, -0.8214, -0.3647, -0.3790, -0.1730, -0.1278, 0.0381, 0.0221|3044.8
28|0.8802, -1.0000, -0.2102, -0.1095, -0.1339, -0.1422, -0.0051, -0.0721|17520|0.7596, -0.8279, -0.3381, -0.3240, -0.1251, -0.1037, 0.0195, 0.0110|2764.4
29|1.0000, -1.0000, -0.3369, -0.0736, -0.1339, 0.0451, -0.0143, -0.0271|21460|0.7486, -0.9428, -0.3070, -0.3442, -0.1173, -0.0771, 0.0248, 0.0219|2920.8
30|0.6540, -1.0000, -0.2501, -0.1095, -0.1339, 0.0479, -0.0701, 0.0902|48020|0.7219, -0.9023, -0.3311, -0.3230, -0.1312, -0.0625, 0.0273, 0.0082|4119.8
31|0.5233, -1.0000, -0.2749, -0.0736, -0.1339, -0.0248, -0.0793, -0.0721|67320|0.7409, -0.9582, -0.2537, -0.3476, -0.1129, -0.0435, 0.0319, 0.0187|4124.0
32|0.5402, -1.0000, -0.4627, -0.2530, 0.0332, 0.0982, 0.0480, 0.0270|27260|0.7012, -0.9658, -0.2970, -0.3469, -0.1103, -0.0421, 0.0547, 0.0195|4306.4
