1|0.3208, 0.1408, -0.6890, -0.7191, -1.0000, 0.5837, -0.5802, 0.1537|820|-0.0561, 0.0051, 0.0140, -0.0900, 0.1609, -0.1661, 0.0250, -0.0311|53.6
2|-0.5313, -1.0000, -1.0000, -0.5103, 0.3821, 0.4648, -0.0437, -0.2954|1300|-0.0859, -0.0986, -0.0135, -0.2275, 0.1572, -0.2191, 0.0246, -0.0399|98.8
3|-0.5313, -1.0000, -1.0000, -0.8494, -0.3087, -0.9589, -0.0090, 0.2229|1140|-0.0457, -0.2893, -0.0295, -0.3214, 0.0067, -0.1226, 0.0242, -0.0111|108.8
4|-0.0801, -1.0000, -1.0000, -1.0000, 0.1680, -0.1510, 0.6462, -0.2954|3180|-0.0631, -0.4073, -0.1409, -0.3092, -0.0625, -0.2845, 0.0344, -0.0088|199.6
5|0.2498, -1.0000, -0.1622, -0.9774, -0.1119, -0.1195, 0.1941, 0.9039|1840|-0.0579, -0.4800, -0.2399, -0.4049, -0.0950, -0.3247, 0.0882, -0.0408|286.4
6|-0.2986, -1.0000, -0.2196, -0.1570, -0.0080, -0.1907, -0.1939, 0.4396|1760|0.0097, -0.3465, -0.2370, -0.4942, -0.1787, -0.3874, 0.0955, -0.0522|300.6
7|0.9436, -1.0000, -0.4315, -1.0000, -0.1145, 0.0762, -0.0489, 0.4395|2280|0.1608, -0.3859, -0.3088, -0.4846, -0.1988, -0.4845, 0.0243, -0.0397|313.4
8|0.9436, -1.0000, -0.4315, -1.0000, -0.1145, 0.9417, 0.6581, 0.4395|2800|0.1532, -0.4027, -0.3124, -0.6522, -0.2114, -0.4672, 0.0424, -0.0467|518.6
9|0.7641, -0.8688, -0.3542, -0.3648, -1.0000, 0.0617, -0.0396, -0.3405|2680|0.2411, -0.3074, -0.3319, -0.6694, -0.2461, -0.3628, 0.1013, -0.1623|539.6
10|-0.1448, -1.0000, -0.5214, -0.4454, -0.1383, 0.0920, -0.1733, 0.5820|5420|0.2429, -0.4277, -0.3333, -0.6386, -0.1927, -0.3524, 0.1048, -0.1380|649.2
11|0.1909, -1.0000, -0.2233, -0.3115, -0.1386, -0.0168, -0.0489, 0.3637|8400|0.1737, -0.3327, -0.4064, -0.5398, -0.2551, -0.3123, 0.1323, -0.1860|524.6
12|0.1909, -1.0000, -0.2233, -0.3115, -0.1386, -0.0168, -0.0489, 0.3637|6760|0.3137, -0.4507, -0.3615, -0.6105, -0.1921, -0.3971, 0.1897, -0.1502|587.8
13|0.9456, -1.0000, -0.0319, -0.6018, -0.1383, 0.0052, -0.1442, 0.5820|4280|0.3143, -0.4635, -0.3847, -0.4650, -0.2120, -0.3311, 0.0737, -0.1052|507.2
14|0.9436, -1.0000, -0.6266, -0.3648, -0.2252, -0.0597, -0.5440, -0.1422|4320|0.2926, -0.6211, -0.3806, -0.5165, -0.2086, -0.3472, 0.1103, -0.1588|594.4
15|0.5824, -1.0000, -0.8717, -0.7032, -0.0164, -0.7688, 0.7470, 0.5483|3220|0.1657, -0.7379, -0.2725, -0.4795, -0.1007, -0.4590, -0.0197, -0.1683|446.8
16|1.0000, -1.0000, -0.8717, -0.7032, -0.0164, -0.7688, 0.7470, -0.1516|9520|0.2251, -0.6958, -0.2446, -0.4691, -0.1300, -0.5353, -0.0416, -0.0801|707.6
17|0.9337, -1.0000, -0.9238, -0.9186, 0.0812, 0.3996, -0.0489, 0.8791|3580|0.2831, -0.7316, -0.4018, -0.5190, -0.1114, -0.4378, -0.1113, -0.0264|693.0
18|0.5824, -1.0000, -0.8717, -0.4036, -0.0072, -0.5451, 0.2206, 0.5820|6740|0.2841, -0.7726, -0.3327, -0.5830, -0.1006, -0.4582, -0.0595, -0.0147|745.2
19|0.3970, -1.0000, -0.2214, -0.4038, 0.0997, 0.2878, -0.2353, 0.4690|9460|0.2673, -0.7523, -0.4683, -0.5379, -0.0721, -0.4920, -0.0215, -0.0365|886.8
20|1.0000, -1.0000, -0.4315, -0.4038, -0.0459, 0.0762, 0.8769, -0.2430|3480|0.2502, -0.7445, -0.3697, -0.5812, -0.0576, -0.4060, -0.0203, -0.0251|674.2
21|0.4260, -1.0000, -0.3697, -0.6371, -0.0145, 0.1173, -0.0591, 0.0782|6000|0.2815, -0.7156, -0.3461, -0.5526, -0.0482, -0.4133, -0.0351, 0.0522|784.6
22|0.4960, -1.0000, -0.5707, -0.1757, -0.0888, -0.3241, -0.1740, -0.1409|7500|0.2653, -0.7339, -0.3328, -0.5900, -0.0523, -0.2924, -0.0848, 0.0677|787.8
23|1.0000, -0.9329, -0.5707, -0.4880, -0.0888, 0.0832, -0.2353, 0.1389|3620|0.2708, -0.7043, -0.4676, -0.5220, -0.0564, -0.3163, -0.0326, 0.1065|810.6
24|0.4960, -1.0000, -0.5707, -0.1757, -0.1291, 0.0832, -0.1740, -0.1409|5700|0.2004, -0.6986, -0.5182, -0.5506, -0.0340, -0.2965, 0.0127, 0.1556|798.6
25|1.0000, -1.0000, -0.1991, -0.5152, -0.1995, -0.1256, 0.2829, 0.8791|4940|0.2181, -0.7955, -0.4463, -0.5695, -0.0188, -0.3001, 0.0994, 0.2042|921.0
26|1.0000, -1.0000, -0.2937, -0.5248, -0.0996, 0.2857, 0.2605, 0.5765|5120|0.3295, -0.7572, -0.3807, -0.5519, -0.0211, -0.1436, 0.1375, 0.2582|876.4
27|-0.1938, -1.0000, -0.8023, -0.2971, -0.1383, 0.0904, 0.0566, 0.0193|6480|0.3615, -0.5896, -0.4101, -0.6301, -0.0323, -0.1265, 0.1359, 0.3659|948.4
28|1.0000, -1.0000, -0.3805, -0.5248, 0.3301, -0.1409, -0.1740, 0.1205|5240|0.3002, -0.7073, -0.4781, -0.6468, -0.0526, -0.1040, 0.1624, 0.3748|1064.4
29|-0.1693, -0.8738, -1.0000, -0.2596, 0.0983, -0.2600, 0.0494, 0.0599|10640|0.3083, -0.6732, -0.5018, -0.6027, -0.0662, -0.1418, 0.1357, 0.4246|1128.2
30|0.2072, -1.0000, -0.7150, -0.6313, -0.1139, -0.0195, -0.0224, 0.5045|3680|0.2504, -0.5338, -0.3564, -0.5033, -0.0631, -0.1689, 0.0625, 0.4323|889.2
31|0.6081, -1.0000, -0.1229, -0.5152, 0.1065, -0.1256, 0.2415, 0.6282|9600|0.1636, -0.6819, -0.3653, -0.4799, -0.0087, -0.1489, 0.0599, 0.4047|1073.6
32|0.4388, -1.0000, -0.1148, -0.1889, -0.0066, -0.3115, 0.2219, 0.4491|10740|0.0057, -0.7372, -0.2878, -0.5968, -0.0423, -0.1652, 0.0784, 0.3380|933.2
