1|-0.0342, -0.7126, -0.5852, -0.2424, -0.1188, -0.7337, -0.7579, 0.1329|1920|-0.0285, -0.0701, 0.0377, -0.0927, -0.1077, 0.0929, 0.0260, -0.0083|87.2
2|0.1168, -1.0000, -0.9013, -0.7218, 0.4534, -0.6430, 0.1780, 0.5571|1680|0.0142, -0.0664, -0.0818, -0.2435, -0.1243, 0.0512, -0.0171, -0.0166|89.6
3|0.1168, -1.0000, -0.9013, -0.7218, 0.4534, -0.6430, -0.0353, 0.5571|1860|0.0274, 0.0107, -0.1988, -0.3274, -0.1570, -0.0051, -0.0397, 0.1062|172.0
4|-0.0342, -0.7173, -0.5852, -0.9540, -0.1188, -0.7223, -0.7579, 0.4274|1080|0.1130, 0.1237, -0.3882, -0.4425, -0.2433, -0.0546, 0.0054, 0.0891|167.4
5|0.7349, -0.7173, -0.5852, -0.9540, -0.3336, 0.8210, -0.3122, 0.4274|1380|0.2259, 0.2180, -0.5743, -0.5928, -0.3342, -0.0028, -0.0267, 0.1167|236.2
6|0.7606, 0.5959, -1.0000, -0.3119, -0.5321, -0.7190, 0.8614, 0.4463|1620|0.3497, 0.2401, -0.5581, -0.7087, -0.4267, -0.0991, 0.0097, 0.0862|334.8
7|0.7761, -1.0000, -0.5852, -0.9540, -0.3336, -0.7337, 0.1506, -0.3794|1820|0.2929, 0.0640, -0.5255, -0.7810, -0.4289, -0.0831, -0.0105, 0.0984|337.0
8|0.7761, -1.0000, -0.5852, -0.9540, -0.2818, 0.7647, -0.7579, -0.8012|3240|0.4174, -0.0108, -0.6196, -0.7664, -0.4098, -0.1455, -0.1036, 0.1451|467.6
9|0.7761, -1.0000, -0.6324, -0.9015, -0.3336, 0.7374, 0.1506, 0.4701|4100|0.3238, -0.1842, -0.6543, -0.8571, -0.4204, -0.1880, -0.1620, 0.0572|562.4
10|0.7704, -0.7520, -0.6134, -1.0000, -0.3496, -0.2563, -0.3273, 0.4480|2680|0.4522, -0.3926, -0.6816, -0.8647, -0.3751, -0.1525, -0.1769, 0.1641|654.8
11|-0.0458, -0.9593, -1.0000, -0.4171, -0.7116, -0.9659, 0.0476, 0.5715|3920|0.5564, -0.6033, -0.6531, -0.9189, -0.3838, 0.0123, -0.1492, 0.2454|812.4
12|0.7761, -0.9485, -0.2434, -0.9540, -0.2205, 0.7374, -0.3122, 0.4701|3020|0.5864, -0.7326, -0.6455, -0.9252, -0.3915, -0.2035, -0.1710, 0.3375|816.4
13|0.7761, -1.0000, -0.6324, -1.0000, -0.1188, -0.7223, -0.7579, 0.4701|3120|0.6119, -0.8151, -0.6672, -0.9062, -0.3991, -0.3553, -0.2558, 0.3843|913.6
14|0.7761, -1.0000, -0.7478, -1.0000, -0.3336, -1.0000, 0.8790, 0.5264|3620|0.5960, -0.8620, -0.6970, -0.9101, -0.3944, -0.4439, -0.3041, 0.4385|1001.4
15|0.7761, -0.9485, -1.0000, -1.0000, 0.2031, -0.7223, -0.6873, 0.4274|3280|0.6150, -0.8927, -0.6407, -0.8919, -0.3760, -0.4096, -0.2369, 0.4413|1041.2
16|0.7761, -0.9485, -1.0000, -1.0000, -0.3336, -1.0000, -0.6873, 0.4701|3400|0.6017, -0.8499, -0.6933, -0.7973, -0.3886, -0.5291, -0.0864, 0.4440|1138.8
17|0.2378, -0.9485, -1.0000, -0.4171, -0.3336, -0.9659, 0.0476, 0.4274|3140|0.7070, -0.8357, -0.6746, -0.8152, -0.3711, -0.5242, -0.1453, 0.4489|990.4
18|0.7761, -0.9485, -1.0000, -1.0000, -0.3336, -0.7337, -0.6873, 0.4554|3400|0.6987, -0.8047, -0.6040, -0.7730, -0.3573, -0.6292, -0.1038, 0.4411|1006.6
19|0.7761, -0.9485, -0.6324, -0.4171, -0.2312, -0.7337, 0.6711, 0.5264|4060|0.6911, -0.8402, -0.6192, -0.7970, -0.3627, -0.5866, -0.0994, 0.4441|1112.8
20|0.7761, -0.9593, -0.6324, -0.4171, -0.3336, -0.7271, -0.3122, 0.4701|4680|0.7460, -0.9053, -0.6658, -0.7269, -0.3456, -0.7039, -0.1800, 0.4512|1151.6
21|0.5525, -0.6753, -0.7119, -0.7119, -0.2375, -1.0000, -0.4893, 0.3242|3760|0.7143, -0.9118, -0.6133, -0.7114, -0.3515, -0.5797, -0.1555, 0.4762|1183.0
22|0.8182, -1.0000, -0.2788, -0.4845, -0.3686, -0.5987, -0.3122, 0.5264|5080|0.7354, -0.8296, -0.5792, -0.7432, -0.3356, -0.5054, -0.1505, 0.4055|1111.2
23|0.5720, -0.9820, -0.7370, -0.4318, -0.3453, -1.0000, -0.2645, 0.3356|6760|0.6901, -0.8574, -0.6071, -0.6885, -0.3611, -0.4387, -0.1656, 0.3899|1224.6
24|0.8182, -1.0000, -0.2788, -0.4845, -0.3686, -0.5987, -0.3122, 0.5264|3480|0.7072, -0.8614, -0.5770, -0.6622, -0.3435, -0.3804, -0.1934, 0.3659|1108.6
25|0.7761, -0.9688, -0.9635, -0.5375, -0.1595, -0.7190, -0.4217, 0.4463|5020|0.7555, -0.9208, -0.6072, -0.6555, -0.3670, -0.4313, -0.1560, 0.3399|1277.2
26|0.8182, -1.0000, -0.6324, -0.4845, -0.3686, -0.9659, -0.4893, 0.8679|3960|0.7496, -0.8998, -0.6250, -0.6523, -0.3600, -0.5382, -0.1053, 0.3535|1246.6
27|0.8182, -0.9688, -0.7119, -0.4845, -0.2312, -0.9659, -0.4217, 0.4463|4480|0.7512, -0.9559, -0.5276, -0.5502, -0.3494, -0.5409, -0.1189, 0.3590|1244.0
28|0.4694, -1.0000, -0.2788, -0.4171, -0.2312, -0.5987, -0.3122, 0.5264|5300|0.7267, -0.9124, -0.5206, -0.5341, -0.3554, -0.6185, -0.0831, 0.3600|1535.4
29|0.8182, -0.9485, -1.0000, -1.0000, -0.3517, -0.7190, -0.3122, 0.4705|6200|0.7665, -0.9340, -0.5567, -0.4982, -0.3616, -0.6674, -0.0967, 0.3823|1334.2
30|0.4694, -1.0000, -0.2788, -0.4171, -0.2312, -0.5987, -0.3122, 0.1859|5920|0.7333, -0.9861, -0.5747, -0.5218, -0.3873, -0.6372, -0.1061, 0.3675|1457.2
31|0.8182, -1.0000, -0.6324, -0.4845, -0.2312, -0.7735, -0.0476, 0.5264|5380|0.7201, -0.9518, -0.5563, -0.5158, -0.3753, -0.4822, -0.0689, 0.3463|1679.6
32|0.4694, -0.9688, -0.7478, -0.4596, -0.3517, -0.7190, -0.3122, 0.4463|10380|0.7169, -0.9530, -0.4834, -0.5037, -0.3681, -0.4441, -0.1694, 0.3493|1577.8
